(188,250,0.7841401061372079)
(139,210,0.5991517041995379)
(170,86,0.7493103290011481)
(162,96,0.7977568779354659)
(207,167,0.558657048729193)
(96,70,0.8888156867659267)
(112,219,0.7060654105057318)
(237,42,0.13357450484642108)
(130,123,0.1291952869957037)
(69,171,0.012261189642073012)
(77,157,0.2810291916300848)
(145,24,0.6319591786947836)
(64,56,0.018598333323541882)
(116,170,0.13251164740883592)
(137,146,0.21046665825748)
(42,128,0.30140956548970166)
(145,250,0.7552519909088738)
(86,78,0.8214663128873755)
(60,213,0.9451513387873934)
(223,112,0.6730011168694406)
(158,158,0.06380885631338173)
(125,170,0.2782510257858154)
(150,250,0.9927416163024885)
(239,78,0.1709417590276967)
(19,97,0.8338640970670044)
(172,85,0.7876250254419559)
(65,234,0.009498165432639816)
(180,200,0.47692219706199934)
(137,72,0.5508170983635698)
(159,203,0.9037038174681338)
(49,126,0.8592683640438089)
(139,124,0.6611181744372225)
(146,63,0.8545988329068642)
(101,178,0.396016015571905)
(139,250,0.29223406393249507)
(164,89,0.9825854604982712)
(148,113,0.02964033666248289)
(123,134,0.9529195186475882)
(146,143,0.9867395125651826)
(170,154,0.2979206364591769)
(193,112,0.5234027852017671)
(79,60,0.0016607650191896584)
(144,170,0.44458603763070215)
(172,216,0.9594438342909201)
(109,74,0.04098489693002827)
(130,150,0.7748681039068858)
(16,206,0.6335012302191854)
(116,104,0.9327924401483331)
(170,157,0.3697691729057937)
(150,120,0.9300285951473296)
(149,143,0.3300598552755576)
(211,183,0.618697449120907)
(150,142,0.8507631492509049)
(224,74,0.6115047206611625)
(133,151,0.8321544555224129)
(213,66,0.5248468150760088)
(54,174,0.3322375777936729)
(5,211,0.8339063516463867)
(238,10,0.08218412209166426)
(170,48,0.5011235232439701)
(57,59,0.4611396320539265)
(128,162,0.2704495408966512)
(103,66,0.7251382570194448)
(165,156,0.8417574667735626)
(29,167,0.8572139336176521)
(250,250,0.0048597141000388255)
(178,130,0.4298715702347793)
(23,194,0.8175056043225999)
(95,138,0.25127834553418116)
(98,121,0.4065468765837058)
(169,145,0.07302170114029383)
(134,171,0.7307723675394533)
(84,66,0.40238588459915847)
(161,144,0.07927667008706574)
(153,64,0.33861721855379423)
(119,40,0.2360005876046829)
(130,217,0.20206026551613032)
(94,129,0.9922139989187284)
(1,139,0.20231056648935541)
(176,60,0.7785343311443795)
(126,91,0.3457862273804554)
(110,108,0.28635230144580137)
(140,105,0.513662849969636)
(63,118,0.3589972150051848)
(64,42,0.6465177701171045)
(147,39,0.5071945634666156)
(156,60,0.39756296994359475)
(136,99,0.04517122978925969)
(62,172,0.6986085282470343)
(135,131,0.6913262401951313)
(131,92,0.8031976641084139)
(166,1,0.6875462538091199)
(139,167,0.25468085327109)
(156,66,0.37300575077016485)
(25,47,0.8343059562951529)
(142,161,0.7829206687394408)
