(124,109,0.488909374848131)
(92,185,0.09528795486139285)
(102,205,0.6806815826144506)
(216,122,0.8836155470523719)
(158,72,0.8857556291030206)
(60,120,0.381489565449309)
(139,137,0.2618191078182118)
(52,67,0.8223526236061203)
(193,196,0.5029281971749673)
(155,113,0.6139249897719111)
(64,72,0.3828595039792828)
(130,11,0.9311102955622227)
(61,145,0.7062948918842221)
(127,56,0.6530597011639007)
(163,146,0.6608026436924724)
(139,232,0.3909908373875438)
(95,40,0.7494867236996386)
(98,215,0.46510231819741654)
(128,65,0.281741196439393)
(87,121,0.20087568396010713)
(126,168,0.75015234361589)
(250,125,0.2774107192588987)
(170,60,0.0957429717020738)
(116,154,0.4765184180746632)
(208,21,0.7100861212753085)
(89,152,0.6575403227464013)
(184,250,0.21808582040890068)
(250,18,0.17884927781613358)
(123,178,0.3843143120595063)
(12,107,0.06540362577045589)
(149,60,0.4717141607447204)
(28,176,0.6984017483667203)
(56,130,0.7153563381779391)
(67,92,0.596955047847701)
(66,230,0.24504470093965602)
(107,4,0.34484179204167054)
(239,130,0.3662609407357251)
(188,54,0.9630109891191008)
(168,91,0.9847560715179974)
(67,7,0.06890087844173998)
(235,147,0.6096498374701645)
(183,113,0.22825974364459733)
(176,122,0.5949553262322339)
(67,95,0.6785841902883453)
(115,125,0.4598845741068399)
(125,164,0.4732118915092606)
(74,200,0.47212188109202247)
(196,137,0.4023454530899656)
(151,62,0.4716045473287671)
(140,180,0.3357862274041179)
(1,39,0.7694874478025826)
(191,34,0.898990438827814)
(192,54,0.07026764132675989)
(90,194,0.3394226548895819)
(110,126,0.755018061987834)
(113,67,0.7173916994963672)
(166,109,0.6289571587190143)
(189,57,0.021057671990253102)
(59,170,0.8039224210694885)
(79,98,0.7686664823110675)
(188,118,0.7606018413566499)
(179,196,0.13499441644361299)
(38,194,0.6496183587206728)
(183,100,0.589291581375429)
(201,45,0.4558884707685281)
(97,122,0.6276437492216883)
(62,230,0.006347122568400532)
(143,204,0.045697368536988026)
(74,112,0.7645296015046527)
(242,86,0.6533087664161529)
(137,200,0.5721330253705423)
(1,124,0.6592054822064585)
(158,151,0.6911813703315622)
(129,210,0.6326297600145135)
(194,109,0.7225436943154859)
(59,250,0.9147432609922744)
(59,78,0.8571893067140466)
(64,133,0.24300294792792332)
(174,225,0.9137142934445013)
(105,136,0.7575895307232018)
(1,112,0.26547333236087123)
(150,68,0.2742305077671544)
(15,76,0.9273562652629451)
(186,213,0.9794759161151657)
(160,126,0.19824510029490172)
(42,164,0.48285554101122774)
(59,1,0.6109797582761629)
(5,135,0.34868880474613917)
(152,114,0.875884273447207)
(218,46,0.935080688449018)
(129,250,0.6933160568316505)
(64,82,0.14838659501307516)
(89,188,0.010183103600875265)
(166,156,0.8408641230686709)
(130,56,0.5879344669623419)
(93,208,0.25316796609550185)
(187,54,0.7963011161524066)
(71,57,0.550732665608808)
(196,127,0.8373059703080733)
(117,91,0.9959968897290195)
(69,134,0.20515486279679207)
(46,217,0.21204607385676366)
(1,110,0.9950733588294225)
(1,65,0.8559100932868022)
(207,56,0.5628930535867116)
(29,74,0.29604607054214105)
(162,15,0.43150372243107804)
(166,148,0.4794937266238438)
(188,210,0.2560154659125994)
(87,125,0.18692935712602587)
(166,84,0.7568894970293534)
(135,101,0.3982748392278387)
(103,208,0.5054580471277378)
