(117,157,0.6538625110529955)
(202,138,0.38380330237118043)
(121,177,0.06291162140390238)
(178,173,0.3554578165372452)
(72,56,0.010283458737032403)
(70,93,0.08289895742624342)
(239,61,0.18423217954816473)
(86,207,0.015427981723243223)
(250,126,0.40750059501568736)
(141,134,0.36014467063433586)
(60,88,0.18589482935527846)
(1,1,0.20257358714365958)
(29,250,0.5145311223546772)
(250,209,0.32850835313882487)
(126,107,0.24492711323296246)
(99,102,0.509651981858534)
(145,111,0.9017509403731058)
(87,200,0.23680535450225593)
(169,58,0.9065986423916886)
(152,157,0.5052144756712446)
(141,141,0.6141939479134157)
(98,126,0.7133261915864292)
(68,250,0.6859665768844584)
(33,156,0.6678497836682276)
(129,15,0.7077698247327693)
(43,55,0.8037626334367894)
(183,156,0.1626787225591616)
(233,38,0.9092306153779973)
(149,156,0.7999180847299204)
(237,116,0.4039904788153367)
(213,176,0.166021702701881)
(129,182,0.8677452018568992)
(137,229,0.5120511674057335)
(25,128,0.7890189213032338)
(124,78,0.24304449007425433)
(91,163,0.4932824273439932)
(172,105,0.48987503839701196)
(173,105,0.9327582262440822)
(212,1,0.7265325800506958)
(188,143,0.17848127135594294)
(206,150,0.8825726639101852)
(37,87,0.5780629834062466)
(53,178,0.054409089035296954)
(2,146,0.5593177311950105)
(127,83,0.6700868774170984)
(230,145,0.7454235954437651)
(130,136,0.8293176184463985)
(250,25,0.5399298970357304)
(90,129,0.5110520896943144)
(196,30,0.1573451984111064)
(169,164,0.1470822050212497)
(156,174,0.1289345209581073)
(237,22,0.3960158289962118)
(112,243,0.4960111943074087)
(206,148,0.8335604341444188)
(112,91,0.7117377513386364)
(9,147,0.272289332363326)
(1,88,0.745794944432549)
(50,150,0.6369152916816478)
(54,68,0.12124879880245432)
(185,50,0.629648768033825)
(88,123,0.7886788128092383)
(208,167,0.7969546427802242)
(150,151,0.7307510235327966)
(114,168,0.3403567786047562)
(65,137,0.9002063276549926)
(135,154,0.5192075010142256)
(147,202,0.5180564066497335)
(28,136,0.4367223618877676)
(137,129,0.8020131966742016)
(151,177,0.9145645519613961)
(68,48,0.6828720450425922)
(125,11,0.34243080896234657)
(199,181,0.366601344283503)
(158,100,0.3263717446980975)
(82,140,0.5477161083342944)
(65,176,0.9169883646540357)
(121,186,0.050387962058979885)
(100,120,0.31566658314254425)
(205,82,0.11356813820537937)
(148,122,0.9623245834493565)
(188,166,0.12850121426784888)
(58,130,0.017270937722134283)
(19,71,0.5871716927672043)
(1,116,0.5780389671553378)
(91,90,0.6851393501600204)
(96,137,0.5060488136933767)
(190,101,0.19939450557941163)
(204,222,0.24072076559227107)
(114,166,0.3879444756270456)
(43,192,0.7420432296459297)
(25,106,0.6574499906386359)
(92,98,0.304981061609535)
(172,139,0.11426204268465734)
(83,216,0.8495217782239969)
(200,113,0.016530675632027814)
(250,141,0.07107460480716776)
(245,33,0.3563663068347599)
(152,64,0.21259806997849162)
