(115,186,0.398079896053921)
(126,140,0.1784211997446138)
(45,201,0.448811750300539)
(177,1,0.5899114171374855)
(47,1,0.926973910091563)
(143,120,0.8187451063594714)
(115,101,0.6447965045858725)
(190,34,0.42612833525349425)
(125,133,0.8004820512136571)
(40,214,0.5945684052799227)
(220,167,0.04707965410843784)
(172,34,0.534740346164252)
(70,200,0.8215482410507299)
(26,188,0.5154553338171113)
(116,1,0.20819365905277243)
(201,149,0.7183306538711893)
(158,225,0.10131408872689451)
(150,188,0.7014838125310019)
(121,188,0.3852461370247978)
(161,129,0.9548336401679915)
(207,132,0.7162645388533531)
(41,202,0.6139005693599268)
(113,223,0.6732719002428297)
(127,132,0.7179866046580563)
(84,92,0.149367281591968)
(85,71,0.6290427016503269)
(208,180,0.9437730524682371)
(1,83,0.12427844839672719)
(134,242,0.34592474432882525)
(164,148,0.821645262262194)
(100,1,0.7966076529651996)
(97,118,0.009193837914230008)
(161,133,0.7740595366355373)
(48,49,0.662550674484302)
(149,109,0.4967852833444024)
(62,157,0.42414457262464156)
(1,164,0.37708074220604815)
(88,181,0.06155216089686888)
(226,250,0.4866586547312518)
(97,39,0.30320395707911907)
(46,99,0.7886613115803872)
(229,69,0.41358327992257826)
(75,166,0.2137817595282493)
(33,65,0.8791480378992412)
(130,69,0.7656591592374196)
(91,2,0.8256095852111204)
(243,137,0.9362668290116521)
(157,250,0.1367356300453747)
(99,138,0.0391248018721545)
(129,92,0.8352305311938043)
(177,117,0.6940988655419508)
(172,184,0.2850547722777893)
(91,129,0.728249523844612)
(75,92,0.8892800769966077)
(146,138,0.7474468955430208)
(222,61,0.6541361264231546)
(194,201,0.4155140654507766)
(82,146,0.40339749157829996)
(116,23,0.4835241843294149)
(105,176,0.5010947608980083)
(93,86,0.892614798910649)
(172,134,0.20369806365083798)
(120,250,0.9149088452654075)
(87,94,0.687267804232225)
(31,250,0.7992745761824447)
(97,1,0.5270840157119415)
(73,96,0.1949827627766999)
(110,22,0.9514046611075088)
(49,227,0.6520861956014895)
(86,174,0.23107404837378565)
(106,120,0.5105665804581218)
(213,135,0.3120629574211813)
(242,94,0.20923381835404387)
(65,48,0.40989919746149417)
(169,136,0.1992394411214914)
(214,173,0.6634272645390081)
(30,48,0.4151180838572358)
(250,1,0.013584237013020362)
(134,111,0.8943800445723757)
(92,20,0.3251359975349859)
(190,209,0.524074808186061)
(143,1,0.25923377912882606)
(124,175,0.9195492071515843)
(103,34,0.772557356518455)
(130,209,0.4047199945818809)
(142,160,0.9308580981935013)
(154,44,0.8844299064312593)
(82,99,0.989280241819302)
(32,54,0.5483241862716242)
(50,124,0.41517467297444843)
(149,125,0.13872942889925177)
(147,157,0.5317089542756129)
(250,115,0.7107792598625292)
(250,151,0.2979369907632793)
(135,140,0.11497988919330537)
(105,106,0.06187951296285987)
(40,184,0.9881695831615562)
(27,88,0.1271056461120018)
(176,201,0.3364201735337665)
(32,183,0.8076790255570533)
(88,134,0.3514959722363754)
