(111,191,0.6616004701908116)
(43,119,0.7535418618269163)
(98,104,0.4214449829904162)
(14,124,0.21409036340188725)
(87,103,0.03118096687544658)
(158,32,0.49321523466981254)
(121,123,0.06603110466519246)
(143,84,0.2504527191414271)
(97,250,0.013177740491136958)
(234,241,0.5147506621986399)
(118,228,0.4465289284980425)
(219,209,0.6059322269409055)
(129,91,0.11129225809957011)
(202,71,0.620211699710925)
(176,128,0.817442589935965)
(61,72,0.2574673118685351)
(83,157,0.21158355426702902)
(157,154,0.0958258487156829)
(104,122,0.23032373986788812)
(141,163,0.8216601045725997)
(192,164,0.19788587729055396)
(126,136,0.559131196641879)
(117,130,0.17945941743149085)
(52,78,0.4747988305005434)
(150,1,0.8592053129676288)
(238,93,0.7990889903458022)
(133,149,0.3123963004842216)
(128,132,0.4374339238511685)
(71,203,0.7226217856921978)
(96,86,0.39768987688859125)
(133,156,0.44812495925670737)
(71,250,0.3731282208973161)
(62,148,0.16011410180544716)
(90,126,0.3561425801227486)
(143,36,0.8073737931796584)
(186,155,0.05919991608876218)
(150,173,0.355886265335262)
(233,124,0.9569987479226476)
(74,88,0.01278235596049171)
(1,28,0.7859094825616786)
(148,99,0.577218800276022)
(133,199,0.5203255176414303)
(73,115,0.7262938516907486)
(213,185,0.9454250186960597)
(126,109,0.20456394551479273)
(1,117,0.545045194117343)
(119,116,0.756927802874718)
(135,113,0.1830330536645195)
(137,157,0.14554919776717024)
(230,1,0.965819225879526)
(161,59,0.09416295662688978)
(186,133,0.3004442788477889)
(199,66,0.5827487511671081)
(6,181,0.9013616544362779)
(98,157,0.6004820123497471)
(56,134,0.8246775182748524)
(183,250,0.48652766451803486)
(73,174,0.3218244598947243)
(135,104,0.03119905891051733)
(24,174,0.7858867696874996)
(78,64,0.9619592574714091)
(37,36,0.5209059092291427)
(250,123,0.6405116802958775)
(99,238,0.7836301813075135)
(142,87,0.29276092414671484)
(102,115,0.1425900765479099)
(100,109,0.8797895010015209)
(43,89,0.8634615052200645)
(178,149,0.49538967093189823)
(130,74,0.7829338448163035)
(133,227,0.5974316417761594)
(80,184,0.0743584462344612)
(130,218,0.3028831051615213)
(163,115,0.8640753957557742)
(129,81,0.7091953993510962)
(250,13,0.8323843073238808)
(101,250,0.7607277205262278)
(42,129,0.5606463282283122)
(58,53,0.5237194024990689)
(206,164,0.377112652831062)
(182,63,0.03598120789271775)
(193,1,0.04802675932150102)
(12,194,0.7800340575868835)
(149,73,0.6747271631853133)
(184,86,0.6160706568244202)
(228,26,0.23739117254066555)
(94,91,0.9821731556395416)
(160,128,0.09534213863997376)
