(125,147,0.46077473858068985)
(160,250,0.4057299569778975)
(185,206,0.4418442261281791)
(25,174,0.39828733273181827)
(186,46,0.904774520039148)
(158,144,0.012183167225122693)
(86,66,0.035829737937846606)
(87,152,0.9974525865448708)
(184,124,0.6662501921645961)
(115,156,0.9683304898820297)
(147,151,0.6385737410969206)
(136,146,0.4441907554219001)
(214,125,0.6529292564358055)
(250,218,0.02770644809072409)
(107,161,0.6876265853514727)
(28,84,0.23629456522246428)
(203,116,0.4760514810470984)
(248,8,0.17036499119955928)
(55,60,0.3330365955711574)
(112,173,0.9562674830859449)
(66,153,0.5429571283545026)
(179,1,0.5918878207736771)
(101,233,0.2109733761761159)
(124,46,0.013794181834980268)
(146,103,0.17289403642540768)
(78,100,0.025945092224883615)
(172,166,0.4248182256309765)
(45,1,0.2776285602644665)
(204,182,0.40386275325533627)
(141,157,0.636197712000752)
(7,93,0.7365375568276415)
(101,85,0.39732241057759066)
(76,150,0.4555982439440096)
(134,95,0.3192336433477696)
(157,19,0.5793720103139125)
(60,204,0.25627335133695417)
(142,174,0.9518009282593438)
(50,22,0.02516517464299861)
(130,223,0.7472544886987987)
(129,154,0.47079513958845354)
(106,107,0.9147525848548206)
(223,155,0.792383603120942)
(92,1,0.22142377009255998)
(142,64,0.1480226260229872)
(115,1,0.18640222602554912)
(118,250,0.17782214227665272)
(75,85,0.22232113657735697)
(132,129,0.9829165545368261)
(135,74,0.5485581252750142)
(183,93,0.7972231375326528)
(52,99,0.8483199670591497)
(126,171,0.5304884390327367)
(110,59,0.232186089438692)
(109,154,0.8280451060952612)
(110,115,0.6378553180709685)
(92,199,0.2791736822240469)
(44,124,0.7123146073152443)
(135,168,0.6307810131560107)
(97,99,0.49720790164917816)
(108,1,0.9730293083815984)
(151,151,0.2172848300998187)
(130,163,0.3238897818933165)
(63,97,0.9769918954689802)
(137,145,0.7396486681054469)
(250,163,0.7581301704007967)
(1,61,0.05587532856197164)
(124,124,0.6623869969885459)
(97,97,0.8398446357025405)
(82,63,0.4618965721887083)
(113,179,0.9169529139448707)
(124,160,0.6585944473196167)
(39,152,0.42426069319840687)
(113,56,0.10912802647767017)
(133,77,0.6871069855902038)
(181,151,0.49037082080367256)
(89,86,0.6210960070098486)
(107,226,0.5055956933349431)
(68,186,0.29632776188025156)
(80,140,0.3690568073447843)
(138,46,0.8915641609576396)
(139,155,0.9006764068534517)
(180,205,0.5130925565733524)
(112,130,0.5127267688711291)
(110,218,0.25636893636600255)
(17,157,0.4768440538449723)
(227,105,0.4480936940291439)
(10,250,0.12240494788648226)
(88,174,0.22219221008559287)
(157,165,0.03624358681460804)
(119,151,0.45524428659570404)
(77,64,0.9088800326553085)
(34,21,0.615225258682422)
(228,202,0.4038787517740502)
(129,114,0.26199301525205765)
(36,71,0.31464889322069656)
