(213,154,0.9909293280339726)
(1,64,0.3324645545880941)
(192,105,0.8965245491998138)
(206,63,0.2577672374524176)
(16,181,0.9663525574680958)
(89,115,0.8381472620156349)
(51,94,0.23579906990712984)
(78,148,0.4249886464796191)
(225,117,0.04687402221425985)
(92,107,0.30524109647984865)
(5,207,0.8857516254150967)
(143,76,0.45562303246647295)
(107,165,0.8449933033174385)
(119,144,0.07372302208990911)
(37,115,0.6844579054291093)
(81,77,0.3485386179968143)
(250,105,0.4893832005327876)
(81,172,0.9279867245365572)
(147,212,0.7447663308598699)
(131,190,0.7359790034024942)
(210,112,0.006606014398421567)
(140,151,0.3401814238326233)
(166,250,0.08200810069989273)
(161,162,0.8050005361936692)
(109,25,0.6581489152455543)
(14,194,0.015575656767394475)
(88,216,0.4167323909750632)
(110,155,0.21097370588517994)
(173,63,0.2661733217807284)
(133,183,0.37297982068607205)
(114,66,0.9536226326719744)
(137,175,0.5748840716268637)
(104,102,0.8550825980373405)
(88,87,0.2589228073937353)
(204,147,0.18424329909792092)
(182,175,0.6815411141583145)
(124,161,0.20930426769851196)
(204,125,0.44240005084376)
(64,101,0.32192782696849154)
(126,70,0.096060962293957)
(36,119,0.9636039296674934)
(237,250,0.33453628183775763)
(171,134,0.4820887773916338)
(58,52,0.1244043618089482)
(1,199,0.9642121468298944)
(84,77,0.4839439273365199)
(114,69,0.9712317936771838)
(153,108,0.29375087089151963)
(102,149,0.7787749395743789)
(184,116,0.8890455091715075)
(14,155,0.3169449430019611)
(1,129,0.6485586768520301)
(150,76,0.41097931164454815)
(94,119,0.29795430567853987)
(135,127,0.8255211704470178)
(147,103,0.7784910300118829)
(145,63,0.8419757318839778)
(96,80,0.36530341886749895)
(243,36,0.819838108846785)
(120,242,0.4947332801798927)
(131,201,0.34506009006111815)
(125,53,0.7692102917263163)
(166,78,0.016415629144100774)
(125,210,0.4476171848995063)
(147,89,0.016638906623313687)
(192,150,0.07272131421899974)
(85,162,0.43437142615412816)
(175,75,0.22437091267773146)
(101,50,0.7177393157232894)
(89,125,0.7851225768518766)
(244,82,0.22587977120028913)
(118,58,0.4592946583248251)
(152,247,0.1292703230699167)
(231,199,0.57076205141622)
(145,68,0.6247305705564655)
(124,149,0.6808793437122582)
(103,15,0.7610317442044033)
(39,128,0.19562362818329482)
(94,181,0.0038636123305907377)
(198,7,0.578394284653316)
(124,68,0.8452877707721973)
(132,171,0.8380265558848926)
(96,113,0.32669905433815527)
(60,94,0.7347271625241768)
(59,114,0.7927917234731375)
(89,112,0.33220618465061247)
(102,174,0.727279438742254)
(128,218,0.642767607987228)
(195,113,0.29246942109839924)
(92,81,0.7621648586981411)
(26,110,0.5606849583024194)
(232,145,0.9993833343865293)
(228,44,0.195538937263246)
(119,112,0.5780650767637127)
(154,173,0.027878141850174454)
(250,202,0.8540460186332226)
(236,97,0.04066433011949455)
(177,146,0.06856889058089977)
