(160,27,0.8978172781477463)
(153,78,0.48312628235424426)
(80,189,0.3937667535668904)
(235,107,0.23537296321917378)
(163,137,0.01771399450328648)
(97,25,0.40100602638985994)
(126,250,0.45581594696567873)
(82,101,0.1342637986108861)
(119,1,0.9269556231192597)
(110,98,0.059553848270398335)
(168,161,0.7218199396162036)
(250,87,0.7210728970869937)
(166,175,0.19307433623546)
(84,231,0.3805173556733962)
(172,159,0.5836363067899609)
(156,250,0.47184237192778467)
(120,227,0.8173411994518619)
(213,33,0.8718825633636851)
(144,127,0.7599929928904018)
(145,240,0.49162569897894415)
(166,144,0.8909366123131285)
(101,171,0.86968839753926)
(160,58,0.8488979336096882)
(10,207,0.20916937669664348)
(17,54,0.8041838059697897)
(174,110,0.3504785876823554)
(109,146,0.875364997740436)
(159,250,0.3578220968111767)
(159,242,0.7126590153391814)
(117,185,0.8502528841568207)
(130,207,0.45001804082472086)
(98,78,0.7006827581050062)
(91,61,0.05996716412927927)
(55,139,0.8893159935762961)
(156,108,0.6878888522271035)
(223,25,0.4664400872807303)
(164,76,0.09559932065905152)
(155,57,0.11165716315480623)
(1,212,0.8354399686751743)
(197,93,0.7696300640297349)
(99,194,0.9060120178996842)
(66,142,0.9394745494113502)
(214,170,0.7883373202822896)
(193,183,0.5466025108165754)
(172,93,0.697487481398275)
(119,149,0.1170604444877813)
(142,108,0.4610537102047586)
(207,186,0.22690958753442314)
(181,51,0.5955316566421237)
(73,119,0.18036710221191132)
(137,73,0.2493311756983706)
(207,38,0.05621004513768901)
(220,94,0.8201625891106177)
(124,48,0.7837373992394436)
(85,135,0.4386171178954301)
(81,87,0.8716512140630659)
(243,45,0.8342561188358005)
(24,13,0.7936657608007616)
(111,137,0.4171431994244924)
(97,60,0.4905178314717398)
(78,62,0.017997726263357605)
(125,50,0.3395057604632882)
(60,56,0.07935780304093265)
(162,186,0.23339392251864066)
(187,183,0.6923918655893077)
(59,86,0.9237617460276708)
(135,106,0.4174571812432126)
(193,80,0.039897710750106286)
(96,139,0.29733628251674826)
(120,64,0.5770741255424685)
(148,97,0.016255820928426257)
(68,159,0.42461615080603965)
(173,218,0.262378151004775)
(132,63,0.9098084761589734)
(101,74,0.5766302164908186)
(158,120,0.12904236022786097)
(76,143,0.10094357897732054)
(176,160,0.9341134003738)
(99,72,0.39554752604862187)
(147,128,0.9676575048556927)
(198,51,0.6693896382623191)
(69,29,0.4952747105853481)
(98,133,0.5520477261127855)
(29,111,0.018398951889115556)
(143,79,0.6773863612384772)
(93,133,0.6898582582605265)
(108,196,0.8853729370181816)
(194,90,0.40740964264984936)
(156,131,0.8062099225428421)
