(55,174,0.4630488340598571)
(214,145,0.789031251809593)
(137,120,0.7314387587987126)
(86,95,0.631069924773272)
(78,14,0.9725116169425033)
(96,142,0.7402822920522658)
(144,161,0.2564419300570291)
(146,74,0.5602679562664463)
(158,126,0.6198201854518517)
(159,177,0.015401820703379365)
(126,105,0.19445352327547727)
(77,120,0.012851861324224001)
(56,124,0.12954781352915956)
(136,62,0.7744810838585118)
(187,123,0.3741552215626516)
(31,133,0.7452379651292783)
(109,115,0.5200914896061011)
(94,102,0.1220523874618803)
(168,93,0.5108318399749245)
(55,51,0.18432778305274267)
(214,59,0.32281660732355644)
(98,102,0.565299277449809)
(135,132,0.27389576141957495)
(83,143,0.817384081993639)
(240,125,0.5391978083239077)
(159,176,0.23187678265248102)
(198,215,0.7155304315042451)
(35,150,0.9647623124796982)
(47,158,0.9076417558110869)
(171,202,0.3899750062949954)
(13,125,0.17754928238651346)
(22,97,0.9961968982712396)
(163,246,0.2440603029616416)
(167,167,0.5134542743455578)
(142,86,0.8140735042745808)
(233,39,0.7046623423297358)
(192,83,0.7188956047308293)
(175,44,0.9913255976798745)
(42,45,0.2943904175180897)
(92,77,0.8613988429908329)
(162,70,0.9381814749733164)
(146,123,0.5935452773805601)
(151,127,0.08336174694553322)
(74,175,0.9415131534769968)
(142,144,0.6073578024954234)
(85,84,0.9740383748696424)
(49,38,0.9360090851467625)
(86,1,0.631635436916485)
(138,128,0.37393800374467434)
(105,143,0.8170600520917679)
(161,84,0.8884113884984456)
(121,33,0.009432702268016735)
(103,104,0.16876223343909913)
(138,192,0.7144502614215905)
(162,170,0.07880759647402524)
(218,136,0.21935073781554226)
(138,165,0.9954517998746191)
(160,164,0.4990318176405748)
(144,92,0.19080468753425994)
(60,208,0.05977575661971091)
(141,192,0.6538129687262774)
(182,81,0.5533472570297144)
(123,39,0.17484984432816375)
(170,56,0.14387795778227808)
(191,151,0.3253213710000882)
(22,105,0.563125664122957)
(57,155,0.17463306420427083)
(184,163,0.1997190871784985)
(112,196,0.2974509166469651)
(83,196,0.29131534974646667)
(128,102,0.26184381616185926)
(231,101,0.6347768481961025)
(250,164,0.3584939320556887)
(95,73,0.2112141298054332)
(129,93,0.6657143283259656)
(9,109,0.705858729836803)
(50,199,0.5556520381865897)
(124,101,0.2561738222045723)
(183,174,0.6730385886812517)
(92,200,0.5074487512639302)
(113,250,0.07656014099735009)
(155,178,0.5185511480331415)
(28,118,0.26986492451963007)
(71,169,0.5198506376516867)
(45,145,0.9880386829366232)
(207,71,0.4620224496289189)
(226,167,0.6430608466703658)
(205,144,0.44575224205860586)
(48,87,0.09907513330579032)
(90,164,0.4060085510603596)
(105,1,0.774585022992352)
(29,209,0.6294335249097004)
(141,158,0.1548105891428505)
(229,170,0.5119271920949536)
(190,1,0.6599026916793453)
(83,211,0.10469811755239922)
(205,234,0.08632040969250154)
(86,85,0.572561962312976)
(189,154,0.11783578223020097)
(196,147,0.2101976397248454)
(248,138,0.8190133604919864)
(174,204,0.627884343515433)
(166,91,0.08753775064377878)
(245,59,0.5058436361578686)
(168,1,0.797781555355585)
(84,229,0.993238451959806)
(225,170,0.027369551398589542)
(107,113,0.4699277987889232)
(50,92,0.11338160329819125)
(176,79,0.40535024553864873)
(120,190,0.29595720435539563)
(159,186,0.323293038148021)
(125,222,0.6430158369861849)
(102,172,0.9437748185355566)
(198,104,0.032550829890392485)
