(156,138,0.5164588032651246)
(7,85,0.672813438391743)
(182,214,0.49289454148465006)
(1,132,0.17244676896945055)
(91,132,0.16642233426709774)
(60,104,0.4380267485949094)
(220,112,0.2906767605601749)
(198,185,0.581227143090171)
(108,91,0.5582407875228206)
(132,96,0.6339020389223009)
(44,77,0.4206893027224574)
(194,85,0.5626435167093538)
(196,153,0.4159893162816808)
(154,162,0.6463978390054161)
(1,70,0.7839536379276585)
(170,148,0.004566491628074765)
(95,93,0.10106517887568323)
(250,168,0.5929396072706616)
(141,132,0.7888933161516529)
(95,203,0.3170192341522853)
(182,250,0.9669989759471147)
(94,141,0.6017794938726503)
(27,43,0.5065809378268677)
(154,168,0.5266467108694312)
(65,151,0.5146931562456643)
(186,158,0.13737323514941324)
(166,122,0.797840094991583)
(131,199,0.7106414266587928)
(127,59,0.5655751002677911)
(89,124,0.9645030766298025)
(105,91,0.19465896247420744)
(79,191,0.30550172658283137)
(132,142,0.9603703526120407)
(151,2,0.17956335406107127)
(108,119,0.3508289768933499)
(119,146,0.803472795279345)
(209,86,0.09726549565281772)
(154,139,0.9106551810903117)
(62,186,0.6795298290157743)
(131,162,0.7257196119031007)
(19,147,0.9516773503495404)
(96,73,0.16509964445403602)
(114,179,0.28465801720955286)
(81,89,0.8363400458432196)
(55,162,0.5694729264226754)
(88,202,0.40109018915972017)
(116,71,0.4679735113336305)
(158,41,0.6253073546297788)
(71,132,0.5462100071215609)
(103,90,0.6413023007308065)
(65,250,0.9364538482808431)
(181,70,0.8449605333532328)
(104,189,0.21142237063732716)
(198,118,0.5307523564332349)
(189,144,0.43364151221734304)
(84,140,0.9881345515668548)
(184,12,0.28323923272175033)
(110,166,0.8349078974902484)
(88,191,0.6408401065144652)
(204,128,0.9134053871585822)
(91,154,0.5838232926824513)
(109,190,0.01955909413865531)
(177,114,0.9723353058022459)
(158,42,0.04655736871430094)
(78,144,0.3875572633546802)
(171,33,0.10571956368445834)
(150,149,0.3233870957255607)
(213,107,0.7172636668275206)
(37,138,0.11160450296398428)
(1,172,0.9508319170197173)
(26,137,0.920559739005384)
(154,48,0.22610259546640532)
(73,118,0.3524138528762374)
(75,93,0.47181155242940465)
(127,167,0.17102665000816686)
(213,92,0.17941660099245416)
(245,250,0.7219347767966395)
(17,142,0.0959700799528016)
(132,65,0.8108072919791905)
(132,45,0.47815215372472397)
(186,77,0.543754024742724)
(84,193,0.902617240760526)
(143,61,0.7114637172089874)
(112,110,0.10170275829130204)
(124,63,0.23206015844435213)
(74,109,0.5011482525410685)
(128,215,0.42060466091397675)
