(1007,976,0.25311363812458365)
(2500,1285,0.16242852335598446)
(1,1560,0.6416285852631403)
(417,1384,0.45363216961502184)
(860,1374,0.7698566343136853)
(1620,519,0.9710469143127742)
(1002,2198,0.5263815463842485)
(1363,1450,0.7639552942713723)
(646,1886,0.40447678705753876)
(921,2011,0.5856656748192346)
(593,1362,0.3828259695143107)
(1737,1134,0.17495881636651545)
(1165,1529,0.7750526713366961)
(1,2133,0.03457127487385103)
(1160,1587,0.32846446807780305)
(1875,785,0.46022565849787367)
(790,1009,0.3649087715196747)
(1917,835,0.5402016566031411)
(907,1796,0.0923552968150817)
(2146,817,0.784688015854998)
(1519,2356,0.7678587111668842)
(1696,2358,0.7060390081826299)
(2193,1675,0.15895328895925642)
(1667,1635,0.3560665302956346)
(969,1877,0.29477134661593485)
(738,1445,0.04141867671095534)
(1928,655,0.6832522224868354)
(755,2500,0.8638766423283173)
(613,1377,0.63241512424962)
(2500,1239,0.37548269123060374)
(1720,915,0.11739825629564415)
(1711,1688,0.16052509146833738)
(1171,1765,0.026525592772360995)
(974,1550,0.3233325546893461)
(620,1004,0.5848700969012613)
(1794,1271,0.9444063169715248)
(1864,1973,0.09211289839545223)
(1405,383,0.3351482593767545)
(1,1016,0.7994690216399657)
(2500,927,0.20685121332871503)
(241,2500,0.5394214220290285)
(955,1014,0.3448665266944543)
(1855,1190,0.37222236349452664)
(932,1139,0.7832028215124898)
(1833,1264,0.07374247469614548)
(653,1917,0.593106136400852)
(1186,1401,0.8652207975178172)
(1065,1052,0.24234746129115148)
(1889,1208,0.838714341421891)
(643,1599,0.4073769152651946)
(5,836,0.24269277031956926)
(1434,1794,0.9362706989791157)
(1792,1810,0.24308267242721637)
(875,2478,0.5993103560206543)
(840,1331,0.9101398455253932)
(833,1890,0.47838022119169965)
(1254,1668,0.4589135988793954)
(1650,2107,0.4304943317168387)
(708,505,0.5154089500567707)
(1268,1623,0.42530516054393763)
(1454,680,0.22360309225399178)
(1848,995,0.5466861883498011)
(1426,1763,0.6812541616123549)
(1274,1516,0.5447573223632524)
(1511,1447,0.0035783639102017206)
(2009,1365,0.4322690756744907)
(2262,1733,0.4728507347865676)
(1770,374,0.39527429326173846)
(1313,1015,0.8219381648146172)
(919,179,0.4878856038892966)
(313,366,0.9239410257881845)
(693,2308,5.513861149869514E-4)
(1850,1066,0.6302370057393075)
(1600,2118,0.09261877670446328)
(1199,1310,0.9258641005000366)
(1567,1467,0.6235732056724838)
(1177,1398,0.6879233574066078)
(114,1234,0.4627544396862934)
(1452,1443,0.6938446709500417)
(1379,1131,0.17000708339014914)
(637,1275,0.4898605067193712)
(273,1060,0.30221793494616567)
(810,140,0.17512029784969196)
(995,891,0.4558215765178858)
(1783,582,0.35489461391153976)
(312,1103,0.14576375505745587)
(1377,1121,0.9384728706487834)
(1292,1352,0.3038924031522633)
(1883,1336,0.709585140406729)
(1225,1000,0.6545715707729157)
(1762,1915,0.15415465833224717)
(2263,1228,0.37327415228721283)
(2500,216,0.0723871988499748)
(1608,953,0.6364042938733723)
(1,1652,0.10054040765195482)
(1943,1589,0.601139227990284)
(130,1,0.21000882209972094)
(467,2055,0.3888437214954241)
(1687,2256,0.3073193085750283)
(1186,1132,0.30872436386347657)
(776,1810,0.03240123427172048)
(1808,1276,0.024971911226072785)
(1283,1289,0.9767177842706243)
(2341,1418,0.7362463354907686)
(1988,877,0.818204303526874)
(1864,2286,0.8632906036654122)
(1690,1725,0.027519147290278045)
(1410,1792,0.8533776614077655)
(1019,1515,0.8479143865302425)
(1120,551,0.5998918505669474)
(2084,674,0.16704993378529687)
(979,1022,0.8108078563521637)
(806,1108,0.3257773574547149)
(1431,1033,0.43563786085407896)
(936,941,0.41508933043540885)
(1124,182,0.05758702291118434)
(288,546,0.5594349649812806)
(1213,1072,0.34328831540234317)
(2127,1610,0.92592237117867)
(1899,1075,0.01261728423667885)
(1038,2001,0.24699397318439242)
(1776,1188,0.5840874445887199)
(2090,1034,0.6557074061633008)
(977,961,0.5136301531836649)
(784,1881,0.9311691767759553)
(1581,849,0.6994120664017061)
(1891,2500,0.018797442741616988)
(850,1270,0.48507962946568217)
(1167,2318,0.8282858086098815)
(732,573,0.7369347785105123)
(1596,832,0.805691662801274)
(1624,1336,0.05995149603191041)
(1035,278,0.4078523704809256)
(750,994,0.6100017769836822)
(1011,1541,0.7568801634347858)
(788,1366,0.2923708533749484)
(1249,2183,0.9526781369373525)
(485,1270,0.6717184338020847)
(1386,64,0.7048802984927368)
(1,1624,0.507318747578458)
(1198,1686,0.6976053519925394)
(1834,1487,0.9770469400367211)
(1800,561,0.20683224937847788)
(1645,1282,0.8754299808784309)
(1181,461,0.2044756768072673)
(1217,1179,0.5617061271383569)
(2104,1599,0.09164855814254003)
(1610,158,0.7744520370654964)
(2098,1530,0.5395102322785218)
(1275,1437,0.38408632441474566)
(273,2281,0.4273039878944471)
(749,1242,0.36414601223305254)
(1553,1354,0.19254388328581185)
(2162,1576,0.22392250906470168)
(966,1168,0.49690096568377784)
(664,1291,0.12654267013916354)
(2041,813,0.33304032190462585)
(2216,1917,0.4849871213105812)
(1215,1884,0.05487052808055737)
(2500,1225,0.16587092944649806)
(960,997,0.8623555652167743)
(108,1866,0.2583974109095877)
(1061,2165,0.14656976550353562)
(1299,1792,0.6577807563523409)
(899,1923,0.05956351962967987)
(1846,303,0.7648264457293035)
(2085,524,0.7138319865318621)
(971,814,0.9957238610101667)
(1023,1177,0.4210832946278513)
(760,569,0.291825439242685)
(1050,485,0.8631660756926917)
(2392,237,0.8594507322686084)
(2500,407,0.5259089031674676)
(922,2333,0.7566829452926963)
(1104,1317,0.29025655425204366)
(1,2285,0.806159032172107)
(2067,774,0.6352400126686879)
(1178,1421,0.33964618639422395)
(439,1340,0.5477974115162055)
(401,705,0.5476035572195171)
(1660,1679,0.03485703574619092)
(1288,177,0.5185184148082034)
(1100,993,0.14896600198539856)
(1184,905,0.44751673281101456)
(1,1728,0.8488974677594899)
(1795,733,0.07992594689981847)
(1755,1,0.03697262489008191)
(1194,1432,0.33790343142571344)
(1669,2500,0.12220462628115636)
(2288,1150,0.5351937103559632)
(413,466,0.30864008159926615)
(1020,2196,0.940592486587598)
(58,356,0.26463656404174185)
(1940,971,0.6324052144053196)
(1507,2348,0.7147087680749118)
(560,2500,0.7032502660704208)
(1276,1488,0.09200209963975903)
(750,1474,0.2865564518272906)
(857,1551,0.13487886879999123)
(1078,1283,0.2758010661794893)
(1194,2131,0.960336101381427)
(2267,534,0.7505818055194701)
(1,901,0.18377989121753602)
(1822,2022,0.5692197188303683)
(528,1343,0.06753806724824629)
(2500,672,0.530329639744537)
(1261,1209,0.9845210454207911)
(1792,2042,0.6305828087158806)
(758,1382,0.12766377365750514)
(1486,1565,0.5897670057178249)
(2500,1508,0.2445248830034651)
(795,137,0.8698765781622493)
(1,133,0.03742086329081562)
(370,1487,0.48135169320662774)
(312,611,0.290673623725511)
(867,606,0.9123229107270777)
(627,626,0.14125313927777206)
(1687,1726,0.24577885233784835)
(1154,2266,0.25957789738767234)
(2293,1935,0.8494947374180671)
(1808,650,0.06120526050757069)
(1475,1429,0.4378375875329903)
(1507,1105,0.9286146482174772)
(2391,1318,0.6019961922475983)
(995,1071,0.7773149225274815)
(1535,1095,0.5042525867478631)
(378,1207,0.34365128029830283)
(912,940,0.3071916245827162)
(601,2198,0.10153501447855229)
(1176,1682,0.5771202942692765)
(1569,2335,0.8487105821614396)
(1596,1470,0.7318923573843331)
(1514,1087,0.6257683310226195)
(630,1307,0.41575157496849824)
(1236,168,0.10124103645302529)
(2423,2016,0.7758498550211693)
(671,641,0.9981758342065058)
(1470,1708,0.11087793831010184)
(1764,556,0.20102579722033176)
(577,1557,0.09880099808014398)
(1086,1150,0.5709726350037639)
(1591,1224,0.44366890185453844)
(1757,1425,0.001940772839402638)
(632,1699,0.5544509700759035)
(1322,1100,0.975360765112161)
(907,987,0.9837942670312381)
(346,1040,0.05085351616331213)
(1096,969,0.9195296697206728)
(883,343,0.4640786135006365)
(1217,1394,0.0339481934072009)
(505,1012,0.23032425967104642)
(1476,618,0.5094038616542153)
(384,1562,0.07810115928005157)
(1576,2194,0.43428736570109827)
(2041,853,0.887668259086648)
(2500,1259,0.4921558057908014)
(563,1516,0.38668603088011977)
(2386,1080,0.26601621304618983)
(1542,937,0.31840402641415544)
(982,1020,0.047128358124536085)
(739,243,0.973948030999557)
(1160,2085,0.023558338942998414)
(1177,1436,0.9106544506758079)
(1158,348,0.28431296245513715)
(1146,1820,0.2997160533755061)
(1178,391,0.6989756456471944)
(1228,952,0.8908492575117777)
(1568,2346,0.49209138610787084)
(1905,1449,0.3553038578329675)
(218,1685,0.7054635975433319)
(1136,1099,0.7245677535670912)
(421,1231,0.8029487570376795)
(1809,1871,0.5898933528217579)
(1354,1421,0.07631407974305837)
(687,2097,0.9004796978948171)
(825,1073,0.9654815955411468)
(677,2366,0.2867143795910978)
(1191,1143,0.7742866618587129)
(917,1089,0.11117524446077776)
(1573,1330,0.7813802072733823)
(966,2500,0.4920426063772878)
(1330,860,0.8858745732907044)
(1480,399,0.9417045420681921)
(835,1635,0.0857377655611169)
(1020,1340,0.3629030583418644)
(698,1327,0.8556645824652055)
(1849,1391,0.6527411574732496)
(775,1225,0.7449615576539437)
(951,1079,0.34912428039474264)
(471,1265,0.5657681733816129)
(623,1311,0.8622781812211479)
(1201,2500,0.4705662785022613)
(1245,480,0.8671431798393736)
(780,132,0.7290215347891287)
(1535,2126,0.006921462327046157)
(980,934,0.737786274862458)
(916,440,0.42393970746520115)
(388,1688,0.34377383916836834)
(504,984,0.9892987126620988)
(810,1864,0.38481037069631774)
(1,461,0.8417954215934027)
(823,1407,0.32937711445793283)
(1697,593,0.17556911936857333)
(130,602,0.1851322733259959)
(1526,1849,0.32095816377848185)
(1040,836,0.23323656574846463)
(1668,422,0.6254111828709191)
(1865,560,0.3155018478633125)
(842,1085,0.24033971969109158)
(1194,1707,0.0026186579629284834)
(333,1556,0.8746590567298405)
(1589,1608,0.19734378068792702)
(1531,1007,0.045893696609845436)
(1173,1898,0.4395715747254906)
(1158,1041,0.47065718697001857)
(1338,912,0.35214346274096486)
(664,2262,0.7158411431229725)
(1110,1251,0.7370665342063968)
(1180,1666,0.6456880630142249)
(1445,1428,0.8393007965510648)
(960,248,0.6226473524791589)
(429,1707,0.8983182714414457)
(1493,1527,0.26438732087873174)
(1720,2050,0.3557100365935373)
(1830,2329,0.12929791040102256)
(686,1219,0.008737320586985176)
(1248,2375,0.8435104416746574)
(1150,884,0.304908531862636)
(832,1,0.2438111305280476)
(1562,1422,0.18084521902413997)
(974,581,0.9842976263475034)
(1031,197,0.256290877029813)
(1056,1765,0.7250219705535966)
(2500,792,0.7361541338401231)
(1187,2126,0.1623435262652193)
(1279,740,0.8222997142261493)
(1876,637,0.28767756244166853)
(932,1967,0.9636228782363139)
(853,1505,0.5837402422903568)
(931,590,0.8381793053463111)
(46,899,0.7193315026641647)
(388,2500,0.009791704766426768)
(1755,937,0.03522854640531892)
(2500,928,0.26435019837154694)
(699,628,0.5937193000317581)
(1425,1444,0.9010154772303384)
(1174,1526,0.7109824496443502)
(1111,1,0.9411619352496438)
(1110,1996,0.8752032771814189)
(1411,814,0.5135692845289894)
(641,1329,0.7516415630626088)
(1427,1936,0.18052071473562215)
(626,1817,0.8228640065067675)
(1691,1095,0.44289008411459474)
(1163,1160,0.09548940390485339)
(1079,2418,0.4520146144093904)
(1346,2319,0.5209979610396437)
(1091,990,0.6232707726362526)
(1881,1398,0.93427218231814)
(1300,668,0.01883471872912834)
(657,1,0.2113785384107214)
(535,1512,0.5504468153823442)
(1809,520,0.7124318072135034)
(1264,1586,0.7387738054417445)
(1588,1397,0.40196965314757915)
(1765,643,0.33690257319159966)
(706,1719,0.23494080255473526)
(816,2142,0.43438556908595305)
(1189,462,0.3595931367378078)
(109,2500,0.21769837030563122)
(1,775,0.32231602231337075)
(802,1989,0.9261958487965534)
(21,196,0.40824495565157914)
(1421,410,0.08292103627921221)
(996,736,0.4694898045300272)
(1,184,0.8263874244421817)
(1142,30,0.9000501899003222)
(898,736,0.6037878803360617)
(1613,1542,0.18442981086261645)
(949,763,0.18862601071108698)
(785,2395,0.04949427716549437)
(707,1498,0.21886100130633612)
(633,780,0.2977311318579936)
(1037,977,0.8785850851701467)
(1917,732,0.41577832554852356)
(1213,1786,0.049886445779938726)
(2417,430,0.2799747229573052)
(315,1514,0.3666093977952797)
(762,1363,0.17720404296965309)
(1,1574,0.7146087600605558)
(1429,2238,0.623194126166979)
(710,889,0.4715345312797079)
(961,1009,0.5951493477639882)
(112,892,0.18180657679418633)
(916,1153,0.5112935847894372)
(1547,706,0.14773780204260167)
(626,1687,0.030400591968696045)
(2039,596,0.4616633923639456)
(1167,987,0.9965819736541448)
(676,1096,0.631151681446046)
(1428,1249,0.17162353315969758)
(1094,943,0.41498543662361764)
(1180,35,0.7242342464970078)
(1150,1,0.12257793685316909)
(412,933,0.6273217744343053)
(476,504,0.6946759811018642)
(1502,1237,0.8111971413400273)
(1255,2009,0.9676704795969329)
(1488,1,0.17751368637591425)
(1357,1583,0.5451875547573244)
(708,2025,0.3023700449535113)
(1198,1126,0.22930721993205794)
(1183,1,0.9891375954037437)
(920,1729,0.542546146399654)
(1844,1092,0.7822336132702001)
(1294,1117,0.8337889658922614)
(632,1448,0.04036726813879987)
(898,648,0.6900719531147693)
(1443,2134,0.7847225724828795)
(1774,1862,0.994834206812499)
(349,801,0.26544352606106203)
(1889,2038,0.7298606175267212)
(1698,1109,0.9077211647299015)
(1340,1074,0.08478940140124769)
(1035,488,0.43612998175696394)
(474,987,0.8296740285585391)
(1166,1123,0.5494887968768191)
(2451,1618,0.7581400170809265)
(430,2240,0.44276371488270894)
(786,1200,0.5556379382003215)
(1184,829,0.8206481048210811)
(961,453,0.1634296812415157)
(1859,1101,0.532507844876727)
(2323,1116,0.46220730631769924)
(1237,876,0.4044698648664856)
(1428,1792,0.8714786385074429)
(1144,1901,0.6238185288825635)
(1058,575,0.7509823111829975)
(387,802,0.15343962335538985)
(665,1235,0.4704684012377477)
(1756,510,0.19510739549495804)
(1675,2047,0.36445682951942737)
(1911,1275,0.5876038248189553)
(1,214,0.23379824161930207)
(1089,1889,0.1124450823583345)
(1177,1384,0.921096552495447)
(846,1414,0.05017474025111768)
(817,1292,0.858698570880786)
(611,895,0.43591344669930554)
(1473,2248,0.264525004478239)
(866,682,0.8988497788019617)
(1609,1277,0.8203750146449941)
(2422,505,0.48360516969008793)
(1762,911,0.00925179628661521)
(2267,1633,0.716663436656344)
(1840,2048,0.10754964484909635)
(744,1591,0.41927709240899425)
(1128,1463,0.1379079853913291)
(1877,1298,0.4943335608670276)
(810,1192,0.6038888626057757)
(1441,744,0.6225615711369153)
(1070,409,0.40066512679482236)
(1380,1276,0.6895975207303054)
(301,396,0.8192864164001855)
(471,1229,0.4210975156307556)
(358,866,0.5858382345609251)
(1431,833,0.7137962229583621)
(2444,1581,0.8508475477093881)
(1,1604,0.13947599837583935)
(872,818,0.5907309034859476)
(2005,729,0.547845443510087)
(195,1703,0.5535213225546068)
(1727,1933,0.25508802834352207)
(1108,1952,0.6421696830347189)
(1170,790,0.05149513299047226)
(902,658,0.2766751005011756)
(1024,1499,0.11568361198662092)
(873,1992,0.026710016727830577)
(493,432,0.4874521653109729)
(812,1045,0.6957487789682565)
(711,1428,0.04635963979897095)
(1598,1445,0.24248300271849954)
(1915,2266,0.5170984262495835)
(1358,607,0.9856818177523732)
(1462,2500,0.1848355963137942)
(1686,2500,0.476393397986663)
(1688,1955,0.3250134714537588)
(824,569,0.651539711175626)
(845,536,0.17934463966043013)
(468,1133,0.5704735262314615)
(1065,2374,0.3918216296488888)
(1970,2500,0.8539646092995843)
(1176,933,0.7897621643149136)
(2500,1227,0.20598914502161836)
(969,258,0.8724236260313815)
(1152,1752,0.5281079433458014)
(1493,1254,0.9437642969499926)
(760,1154,0.03222128849852801)
(1632,1136,0.3688790124525636)
(2048,376,0.380112407662494)
(1268,1084,0.4169620216158293)
(1,687,0.14904321512210617)
(1222,1451,0.8387742716303065)
(1890,1579,0.34094996880936246)
(2433,1396,0.11147353139855554)
(620,629,0.3356573773368089)
(1734,1856,0.3990322942330594)
(416,2012,0.9475505712034287)
(1330,2487,0.3070578655552463)
(1671,2500,0.6403516124126034)
(1485,1532,0.08911727995341323)
(28,430,0.9316579164552957)
(1438,2288,0.23221856544003316)
(1551,1164,0.17520583351584607)
(1407,1615,0.03554413931095224)
(946,1,0.9252318345309419)
(1329,803,0.5558379700262867)
(981,1136,0.7677592824725098)
(2313,1145,0.6534115404776514)
(894,594,0.4265385877080755)
(895,718,0.3181014730041797)
(687,1269,0.7657515735997111)
(1342,506,0.6440524513905972)
(1175,2366,0.7561288305062862)
(1239,624,0.4016345209062283)
(2500,1210,0.3820787818585514)
(1300,819,0.5417988763175879)
(793,2051,0.030844254982636543)
(1450,1232,0.9500700708940386)
(1012,2005,0.33198623428971585)
(556,731,0.25232328124691483)
(595,42,0.188145139987542)
(2500,1591,0.12220494458053677)
(470,1053,0.5393626970595126)
(1438,879,0.03383396806062622)
(1397,2384,0.8177212411581543)
(1410,1449,0.953638354312744)
(2281,439,0.7257314201279723)
(250,953,0.9055138858372697)
(1105,1343,0.9180162803727937)
(1362,397,0.5848651314978031)
(1203,1125,0.6998352061130892)
(1500,705,0.6900300963279461)
(1533,380,0.6615632877214983)
(1689,868,0.609961898276621)
(1,855,0.789770727122571)
(2500,1,0.7320607991673039)
(1017,1336,0.7773993346944034)
(1778,155,0.47709292402373704)
(2018,1437,0.8641470127915037)
(1233,1463,0.1429426650465)
(1659,1743,0.2366912867163411)
(1335,1240,0.8385713679806012)
(1822,88,0.3702918274949415)
(1634,12,0.3177249969431255)
(249,1846,0.23282601876348408)
(1373,1663,0.38734851257618486)
(381,1262,0.7825685478661528)
(1318,640,0.4762343303991896)
(993,1550,0.21793629581994578)
(1136,2294,0.8877509397670795)
(738,1797,0.67032051427895)
(1262,945,0.40221130577284414)
(521,1037,0.25591745421636347)
(1338,1230,0.2630010403292746)
(1631,1116,0.7580445791548839)
(1827,1641,0.31186562598789014)
(2007,1929,0.30765401197954223)
(321,144,0.07537845238837826)
(124,863,0.4044810196438712)
(905,668,0.577344207946699)
(1905,1147,0.9090376486785827)
(1988,571,0.8149940050091313)
(820,1471,0.7340289077214673)
(1441,215,0.6608615763387065)
(2210,1738,0.3754917590307536)
(740,616,0.436350512649494)
(679,909,0.43221648758338815)
(968,882,0.5446439043430299)
(1139,950,0.8153915426058631)
(419,889,0.6030804333274782)
(1908,1591,0.3310560858691515)
(883,936,0.5501684095381163)
(1152,1246,0.8366208284605133)
(1134,1552,0.1824091554157562)
(1089,813,0.7138384255567566)
(1303,1245,0.03015682962314581)
(1597,1218,0.7125193167068289)
(1302,2145,0.7275035123536888)
(1309,700,0.4839837732518484)
(1736,646,0.6762607768077623)
(1103,1520,0.32544845277637513)
(354,520,0.781344856874989)
(587,623,0.30936164252169474)
(965,1648,0.8486730048442576)
(590,1349,0.7906554815866881)
(1150,426,0.12175262043762991)
(1730,1618,0.9250210893006169)
(1149,2036,0.7039441749199284)
(1283,1407,0.7102035695024878)
(1376,1487,0.7600800045212209)
(988,794,0.14484004265791806)
(1626,1088,0.47974307708431363)
(1959,661,0.26761994900518804)
(1465,1384,0.7303043298346757)
(993,290,0.10159361444257153)
(983,1293,0.30641191623923236)
(477,2104,0.2894090652369907)
(1208,2112,0.5663755365821215)
(1157,1062,0.8695674429841308)
(655,1338,0.38374552714190246)
(1382,842,0.012760209830892655)
(967,976,0.5884477808744106)
(1698,1477,0.17608712242743496)
(1635,1907,0.8148425586332899)
(1255,986,0.8929970619229682)
(1315,983,0.057959207570692506)
(1131,482,0.9836133416336613)
(1784,1736,0.6604001762016389)
(1,193,0.4018316463521493)
(1926,967,0.4138753048500702)
(1027,2500,0.6302518510048215)
(1052,1859,0.5076783145630256)
(952,952,0.4213073538272686)
(799,1942,0.7755435529226856)
(1767,1242,0.22268645789736097)
(1644,1774,0.6206893548686991)
(1040,1401,0.21078018076585736)
(1737,1065,0.6528006222177745)
(2164,2345,0.5797959889893106)
(1547,1356,0.1883733947372075)
(892,769,0.4315667389634683)
(2108,1,0.7421685755240383)
(1903,1026,0.2224053944186326)
(191,944,0.24743602712894597)
(940,1742,0.36683743537461844)
(1320,916,0.14542854616876788)
(1161,918,0.9988895299776626)
(1972,1470,0.4443748898377744)
(1084,2052,0.5438324645593824)
(1402,2067,0.7008346614834996)
(1967,1971,0.648178372967557)
(1309,966,0.8136821792836555)
(1417,2441,0.4567760100875091)
(1496,710,0.46440018106305647)
(1035,1714,0.5755997264612654)
(191,987,0.717410550685476)
(713,754,0.8579197269029096)
(1250,1077,0.00480132105215858)
(1681,2280,0.607154244988652)
(2163,677,0.8240701983430365)
(1779,537,0.673594538186719)
(308,1499,0.23560857711173622)
(2500,1173,0.6905185989259198)
(965,390,0.9282113530246835)
(2500,583,0.3390170592641444)
(1141,388,0.7274795063868907)
(792,1553,0.5049518678862291)
(607,1730,0.6615041595285193)
(672,466,0.9643900559905146)
(481,526,0.7045141586691741)
(1436,348,0.06986841271673117)
(1014,1737,0.8270753932258925)
(1250,1431,0.25646838781081005)
(1140,249,0.5639197349646895)
(1172,1111,0.043485670209402305)
(942,1641,0.9579692524607599)
(1891,1478,0.9439076058881943)
(467,1088,0.3239884700450296)
(1243,1197,0.914238267993646)
(687,792,0.3368252626905759)
(1346,1589,2.865547344548247E-4)
(1714,356,0.3829080845972944)
(1724,1287,0.5807870720572053)
(1637,1050,0.0852025004822986)
(1167,1653,0.5291167886567947)
(1791,827,0.14618558428861927)
(1127,1677,0.3926986605668923)
(1386,2330,0.028821792948032443)
(1436,1074,0.4926252707294415)
(2136,1093,0.24760048116986033)
(1134,1681,0.1654539817337558)
(709,1182,0.44427294302412157)
(1969,26,0.3361097197045795)
(1359,1468,0.8554997477242146)
(2119,1371,0.33031663637455)
(681,1616,0.9985837505494884)
(1236,1709,0.2940715156614545)
(1965,1030,0.6023613773846466)
(1626,390,0.2237692279466713)
(1344,1376,0.6478966532437299)
(1584,692,0.18089211184917786)
(1281,1384,0.08218325638107948)
(1372,805,0.6365017620513164)
(2157,875,0.3512651263934766)
(395,1741,0.7369695430255554)
(1141,616,0.26292637958701315)
(1015,573,0.7308220601028568)
(1761,1948,0.6111032487565614)
(1285,1064,0.9494635422563057)
(333,1240,0.4873854608605054)
(1784,1348,0.38388211940835393)
(1360,1177,0.39783130174121717)
(1685,2169,0.011387653101665784)
(663,2072,0.295804721370555)
(1331,1621,0.665083204208776)
(2055,825,0.16181443273290552)
(861,1271,0.11316645830113836)
(1133,2168,0.8980158754707773)
(1441,2297,0.8683361103898342)
(2185,550,0.2114287868615955)
(664,884,0.03941986216645277)
(386,1846,0.37085070545287324)
(601,976,0.7035116692479871)
(1617,503,0.20680721114486256)
(810,2009,0.8594712505340162)
(1794,1639,0.04274667282247868)
(1066,1858,0.08947491290782428)
(1487,1041,0.179103588290088)
(1103,974,0.9866719994922801)
(1982,1584,0.08108724459837025)
(1479,2361,0.5375318424279183)
(1531,1805,0.6322851889172993)
(839,1280,0.9703536825306862)
(2500,207,0.004002549731774274)
(1082,1231,0.6856104204192088)
(1128,705,0.8841007698136294)
(1920,749,0.3413486760187022)
(1135,1257,0.16709911293374513)
(1242,1490,0.41692665704502796)
(691,2390,0.09393642601416108)
(657,685,0.8094839898499195)
(295,1974,0.40748918513909915)
(725,2293,0.31550545458077206)
(815,1492,0.03453578473533514)
(2254,702,0.4767369499590942)
(747,1774,0.5450257465826858)
(1531,1935,0.5671944175848832)
(1267,342,0.13615683103551657)
(859,1970,0.5296212926513583)
(1652,1011,0.9347229244943437)
(2500,2153,0.46137643772387893)
(1,2493,0.5119238233449588)
(1439,556,0.8831590900458833)
(560,1529,0.5083307069928791)
(1682,1773,0.9557175648086972)
(1845,697,0.6075786281364823)
(1650,1152,0.6984645693940177)
(1787,878,0.5352702600450951)
(1719,519,0.9290669762572527)
(1760,1742,0.3253628808121467)
(1,1361,0.5458554442323716)
(2023,1811,0.7656674144958465)
(1233,1055,0.2076965108162505)
(643,750,0.2515778035722589)
(309,1415,0.08870212321527426)
(1602,884,0.8482928747337662)
(1084,1122,0.6679984517366921)
(801,2184,0.9319874570681949)
(1394,1105,0.5740517445506924)
(1650,605,0.6098836921541346)
(735,594,0.32799324408921104)
(150,1469,0.16894966093413122)
(1641,551,0.2546990093368132)
(680,1432,0.9130410031522951)
(1594,508,0.4440489304559795)
(890,740,0.9697756893867218)
(967,1537,0.20876790769029063)
(992,821,0.1949320648098538)
(424,1224,0.677918415547825)
(1307,1666,0.23829336175085958)
(1585,722,0.5529911295247283)
(1071,968,0.2650579833337423)
(1779,703,0.9191826941760314)
(795,1845,0.592764941930165)
(1511,1790,0.8642976370775315)
(1469,1198,0.8943229666440027)
(934,2500,0.16165920696653246)
(1371,1184,0.001325528498068107)
(1915,2043,0.31953627049743005)
(665,916,0.1382999415380849)
(1269,1286,0.7855465871334152)
(1086,816,0.7576479918892763)
(963,1577,0.28046289301532146)
(1878,1,0.8262498473440909)
(2459,939,0.5161980982486484)
(1434,1305,0.17992640264847526)
(736,1630,0.9771637004857803)
(1010,789,0.3867987685618367)
(899,2500,0.62617745234906)
(1178,908,0.03275444005133621)
(1368,104,0.6395645785567183)
(3,1018,0.19855243316689986)
(1759,1155,0.2720862480772207)
(453,1613,0.24052286024746694)
(1347,1574,0.32658864291154477)
(1742,882,0.8435132257261979)
(2283,411,0.27640327710079204)
(434,1360,0.11676983228240245)
(1001,1189,0.9521055461269633)
(1983,1807,0.6723145604091283)
(2500,1085,0.9539965429398765)
(839,951,0.7430177465212473)
(1050,1495,0.6052692896861582)
(404,1281,0.8151870963216148)
(1311,491,0.019767121346033423)
(1183,1287,0.32115582594157666)
(1874,1352,0.7845599068856945)
(873,593,0.028408427794520685)
(428,2411,0.16059455619464047)
(1823,1097,0.31591145805953813)
(737,1809,0.44280464901346916)
(1252,235,0.7310213974815096)
(1952,1373,0.8587501198315204)
(1,1394,0.6689304189571891)
(834,2077,0.8868885105452474)
(872,1286,0.2745113104029291)
(1959,1628,0.18408762075617857)
(547,699,0.07316597242583933)
(1075,1056,0.810036138902338)
(410,827,0.7803238855317397)
(268,2365,0.5154384761895734)
(1153,1724,0.8011482134408083)
(2014,1191,0.7623673476005436)
(1517,886,0.25536355028958824)
(1794,1046,0.18170041100536927)
(1686,1035,0.7593842535597906)
(1323,1080,0.3352435210728576)
(2500,2404,0.45387546994900574)
(1197,859,0.49182064705396134)
(1218,2201,0.9312513163995716)
(1401,1794,0.26240157220821747)
(2492,459,0.31327016585863243)
(1386,144,0.514791999631509)
(1136,1828,0.5491633453707092)
(746,966,0.5352040082211676)
(1711,935,0.6440573572291107)
(962,1585,0.05271426277027591)
(2318,691,0.1662802679875962)
(289,1784,0.45899046171387825)
(636,1016,0.8629298358079794)
(2014,945,0.01409068790820489)
(875,1350,0.3792985124842452)
(332,1336,0.7995889667691455)
(2500,1656,0.3204453756942163)
(1939,2500,0.9620668655895384)
(757,1283,0.9630792329792632)
(862,392,0.7749338153503287)
(906,256,0.8465968730418828)
(1472,1471,0.05272295727006193)
(1668,2083,0.16205558459396818)
(69,1576,0.12458122205061695)
(473,2127,0.12963355590871806)
(1764,2141,0.4995630254257647)
(1147,1293,0.27463495189129616)
(1201,1541,0.19472933888990562)
(1363,1899,0.09558126503367148)
(1051,872,0.05417237773871009)
(300,1135,0.45715324118861267)
(749,1619,0.0032413892702110036)
(2500,1370,0.28786815459811554)
(1775,1979,0.4051108712475554)
(1500,1539,0.949314445666644)
(1899,1061,0.2775593884934987)
(965,2123,0.7245931395876735)
(959,2397,0.4741504712173785)
(1679,1702,0.8428947089230535)
(253,1405,0.3384090289454674)
(2282,1422,0.08122919255533467)
(1311,408,0.569158226412247)
(901,1926,0.7325033217937904)
(2382,1251,0.2057185415228615)
(1288,1411,0.4651108201042471)
(1037,939,0.7569157046749975)
(1346,669,0.0025242844670502196)
(1334,793,0.6964037282672375)
(955,1590,0.514546598505604)
(566,1057,0.670924447220081)
(1146,1275,0.73048113556608)
(144,1479,0.3207902277943039)
(946,1739,0.5152802725621856)
(1425,895,0.304114749302985)
(1455,805,0.44659839605604035)
(1,1704,0.4317405647330298)
(1414,1106,0.74759428314553)
(942,1190,0.31258391007945285)
(2500,612,0.5428213145148924)
(1205,2500,0.5997042112027786)
(1486,669,0.9805523131637279)
(1002,1026,0.24993833103583085)
(1923,971,0.1680816925108909)
(443,715,0.683702356127832)
(1515,2500,0.36255741168560696)
(926,1433,0.4757634042744229)
(1460,628,0.872162664589807)
(1760,1345,0.11809137287671934)
(1300,220,0.9577777678373284)
(1273,1074,0.4796299530089475)
(1153,1422,0.06182420466847316)
(1688,2398,0.31546530171016995)
(1579,1459,0.6291028904127276)
(2500,1599,0.8840169722488014)
(754,1067,0.8377283731763883)
(1383,379,0.7302942637735528)
(1406,1177,0.8248702836487534)
(2114,524,0.06590240308250006)
(1706,2260,0.6558153097107084)
(717,219,0.32479301969110974)
(1495,1230,0.5898195340238473)
(1270,1190,0.37398562195664986)
(1364,1598,0.8546731801154636)
(1419,800,0.857238163552601)
(842,1413,0.8156587822646075)
(1429,2500,0.6191391238381019)
(901,1340,0.8536992451940744)
(1537,1195,0.20360205509613172)
(1483,1599,0.03507748587413628)
(1,594,0.7026564470009178)
(1790,2500,0.02378355584861802)
(1136,1706,0.321782191307447)
(804,441,0.37306322529426117)
(877,1851,0.029866542585493816)
(1186,953,0.6041662556861762)
(1957,25,0.45426659750836196)
(1189,712,0.5284185610543232)
(1018,309,0.836862458079927)
(729,722,0.24786658678058615)
(894,693,0.5114067734090149)
(1537,1336,0.8627993988144127)
(1231,1821,0.5897373621256723)
(2077,1328,0.13616291379905443)
(927,1263,0.10861159841759538)
(551,1510,0.5483459789411426)
(1,2297,0.9967472969241152)
(618,543,0.1972536142345298)
(2210,1940,0.8180291720949702)
(622,1006,0.4905528409685751)
(1058,1910,0.7465353699030975)
(948,2243,0.6204671963187888)
(1373,356,0.43297451614329696)
(1718,831,0.21408161431792627)
(2078,1186,0.4283067172289937)
(1220,1540,0.6626387359782926)
(2040,1753,0.19275786428707808)
(1226,1200,0.4588334777559663)
(991,2140,0.8974296665788628)
(1524,376,0.3661422907145194)
(1678,1731,0.21393482882010129)
(1550,904,0.7612810584888926)
(1014,1524,0.35216376408577643)
(324,1787,0.16383974114248878)
(207,1754,0.09013190529150994)
(1468,1855,0.7533568208932574)
(2500,1952,0.5510575365892165)
(889,2050,0.5546084566364706)
(1796,1259,0.7574918413685443)
(2256,1421,0.9181600602100989)
(900,946,0.45832713683693793)
(638,1180,0.48116888745165576)
(2148,1487,0.480867451372356)
(1411,1316,0.3357762425145132)
(885,1122,0.9209668971707956)
(1,1530,0.005266473645209602)
(1387,1,0.5686509011441949)
(2150,581,0.1440816371913315)
(2500,1373,0.44506388776845296)
(2500,1264,0.14494945054548025)
(2328,1439,0.005609131871748496)
(1010,81,0.10791280564312222)
(1220,1479,0.0673623667302381)
(1335,1,0.182148486700782)
(1551,765,0.11981610177698432)
(854,1596,0.5799146488883663)
(1230,1737,0.9614718654800978)
(1012,1,0.5018579723504462)
(1307,1487,0.3986190597906565)
(1564,267,0.8140197679679237)
(1408,1571,0.10545180219272021)
(1454,739,0.018789134321801404)
(518,1538,0.23055402383123214)
(1,1519,0.9129756502667553)
(1928,2135,0.9406442748545871)
(691,2500,0.8667074042831667)
(1031,2165,0.8910254047935571)
(1493,1126,0.42438451223991125)
(1231,1260,0.5820002439834117)
(1494,416,0.9880050333269798)
(1176,546,0.5647324877896424)
(897,1872,0.4782806012479016)
(1843,821,0.8150627002012)
(1579,526,0.9147891049625665)
(1387,29,0.028909508848660503)
(940,793,0.626831174932763)
(1859,597,0.3796636754942617)
(1125,1178,0.27504762479677314)
(1604,1,0.10914948004294156)
(968,1475,0.48646765815163795)
(1157,1712,0.763867032791937)
(489,1966,0.6791305923732327)
(2160,1260,0.6778540682581606)
(2449,1519,0.9574620492999697)
(883,939,0.15627709701488313)
(231,899,0.6145721518316077)
(350,1380,0.5507142762724362)
(1657,1539,0.978862304238848)
(1347,509,0.5248501481893924)
(1,1625,0.41863867833218416)
(957,1138,0.8193721269217581)
(1966,1270,0.630360602982549)
(1635,795,0.0499762735946474)
(1326,419,0.8885523769216538)
(837,2168,0.006903985831982595)
(1600,1690,0.9352836445442488)
(476,1644,0.07717228414640454)
(1454,1967,0.49944964658044455)
(1764,1861,0.6204081813203001)
(882,950,0.9898683838400808)
(1256,2500,0.6622432697797876)
(447,1088,0.7425400578806767)
(780,1802,0.37711658494395806)
(2500,869,0.26999011378274806)
(1267,2095,0.4908693453681191)
(1398,245,0.5355640144360205)
(2424,1564,0.40201656127197116)
(203,772,0.18852217424210094)
(1268,2393,0.49935627976838204)
(1370,2175,0.252692536798549)
(1367,889,0.7789161479718077)
