(1672,677,0.09600932589362376)
(2190,1957,0.1497114048841497)
(1880,977,0.9724187858073177)
(1281,2364,0.5257433636115564)
(994,2222,0.25232803847732055)
(1779,1741,0.946029926509321)
(1402,1355,0.901348996462892)
(1470,939,0.8450674376416621)
(1718,1065,0.07840261392951942)
(799,372,0.7555475747577249)
(1737,492,0.4813123700948404)
(1225,1327,0.6282059424482082)
(1120,1357,0.2778228312644766)
(482,755,0.3800824938623121)
(1764,1243,0.5522989843251227)
(1160,1128,0.9532425855002326)
(2006,1227,0.42821045995438256)
(1939,278,0.9066401150519487)
(831,1449,0.2957584529986631)
(1471,941,0.4657961160870876)
(1428,914,0.14227152204921334)
(1182,720,0.025401648643201047)
(1008,1376,0.5718120618938236)
(1480,549,0.9763305827904066)
(1485,180,0.2383624407459365)
(2142,1,0.5945346776240816)
(1189,713,0.6416138323565068)
(2064,782,0.5815812154895896)
(772,413,0.24517552447958424)
(1543,901,0.1405965343454526)
(1084,2373,0.6078893283064333)
(1022,1,0.5169753477925142)
(1086,1549,0.2832750682955584)
(1211,1825,0.2838239107076789)
(1483,1195,0.9695603382651957)
(376,1186,0.12655676772148994)
(351,1235,0.4866331087958736)
(1948,1693,0.7214900963953548)
(1836,1094,0.5201334675495469)
(960,1126,0.8008180050455647)
(1844,1062,0.1369289286444556)
(1790,1827,0.018231905739606757)
(932,647,0.4558018506084668)
(2210,2500,0.9173966284379346)
(513,854,0.07199596273193354)
(2476,1689,0.5024944455363346)
(693,642,0.4674409014732065)
(262,1053,0.1955063173075734)
(973,1243,0.5409761910600338)
(1974,1096,0.957897436263547)
(803,1199,0.811938242010197)
(1208,1443,0.5144577991096326)
(558,559,0.9696642432721788)
(1889,1051,0.9916630579977328)
(183,949,0.14406724413693328)
(1891,1489,0.2102825270270896)
(551,263,0.03248163680805283)
(1233,1582,0.5477144074522085)
(955,339,0.28343797803762405)
(2272,2041,0.052703255181370756)
(304,1498,0.6147892100294942)
(1052,434,0.549420445773495)
(690,1660,0.8185200863097197)
(2239,1413,0.8975383572431325)
(598,1816,0.48229901172374545)
(2108,1382,0.9121849687919836)
(1556,539,0.9032738333865893)
(1352,190,0.41085177344052803)
(1,907,0.8831919775737292)
(2203,1518,0.007171799730645523)
(1343,900,0.2254509337585251)
(1216,581,0.33383569381807876)
(983,687,0.6989559070261625)
(2012,1009,0.6033907866515654)
(1097,1557,0.12520997754692031)
(1820,990,0.6969233583836304)
(763,734,0.6313339091162153)
(1822,858,0.4339367040236828)
(405,550,0.46377495071852326)
(2273,1744,0.1194064122885754)
(1379,2000,0.39018257640164)
(1316,1919,0.03738526594684122)
(1385,1845,0.02971831931163016)
(219,1520,0.01516795447184871)
(1568,1084,0.6750562666813008)
(1378,1346,0.4849413141471203)
(1203,1624,0.9962837466686661)
(2500,1097,0.7067905671283811)
(1821,2111,0.017060409659323206)
(1691,1326,0.9824671393337238)
(2455,1565,0.13579021041530182)
(1214,1136,0.47333008487678174)
(502,1870,0.46022823862009177)
(1784,152,0.839194525766611)
(969,470,0.5500408193336193)
(1,2249,0.5216950938641627)
(1220,1688,0.99076619043138)
(1325,995,0.5698645665146669)
(1889,2422,0.30862643641198595)
(957,1808,0.5953568432996971)
(1671,1389,0.5516529384999247)
(2022,2071,0.9293326994407491)
(865,1488,0.8915540977364637)
(305,826,0.48294924902872816)
(1487,967,0.07395327486313374)
(1343,1385,0.1624628624388964)
(1095,921,0.6770199692841995)
(2379,2140,0.5219576873791804)
(1702,1697,0.6417480854267863)
(851,424,0.40337934467419634)
(743,97,0.9655662310850831)
(1331,1266,0.9991434035966656)
(1701,820,0.9027443917488623)
(1342,2046,0.6970463545178593)
(1255,1049,0.9960304478740266)
(1061,1764,0.0908270902102265)
(1166,1166,0.3508348077455046)
(1537,1398,0.5956674826980869)
(753,1129,0.6097168458458798)
(1819,547,0.10343879914592014)
(721,949,0.9016014477556287)
(2500,2420,0.011861933825236592)
(773,2217,0.5338561622655985)
(823,775,0.5070099086108657)
(1199,1223,0.20151537069293113)
(2150,760,0.4576753575382112)
(1492,213,0.7636604545531466)
(1714,577,0.6881242470757729)
(1381,867,0.9651257874401584)
(1712,1537,0.6244740488320017)
(437,622,0.12094315531737199)
(928,1244,0.04118521773515871)
(1001,1177,0.5004792854470703)
(1594,1417,0.3128115314313429)
(1236,671,0.8533397560159579)
(1641,1130,0.4117158961553481)
(1983,2500,0.4230958193231168)
(431,772,0.3271341020919325)
(1388,1199,0.2879531289561391)
(1130,1872,0.3995091686792335)
(1392,1393,0.4735743420692665)
(850,573,0.7450691513097427)
(2399,1924,0.2783114423708729)
(1046,978,0.8358321526111717)
(1,886,0.36944806389341434)
(1916,576,0.2038215943056666)
(1572,1417,0.499379065525431)
(1906,1347,0.3844074517720846)
(771,1699,0.2971329041321936)
(449,1571,0.9665883721204108)
(1461,1,0.9892897241441337)
(1001,1039,0.2502268915778949)
(331,1698,0.4383561932685043)
(2054,1554,0.33330317353024486)
(1312,1234,0.762940048158671)
(1519,843,0.18077124158199198)
(1910,880,0.2564107525252892)
(1071,800,0.27618507629445554)
(1770,1978,0.24817828825587984)
(2014,1520,0.739903743748174)
(1156,1314,0.3618493263439089)
(2451,1827,0.1255680754998887)
(1622,641,0.8412372784144225)
(945,1200,0.09398491060889724)
(1399,1112,0.49463621099544786)
(1818,1616,0.02859383053720488)
(722,1587,0.6700441616624117)
(536,895,0.5236474204402343)
(1695,1505,0.9301893976703817)
(1945,1350,0.8826774757505871)
(1468,1274,0.38152877154568654)
(1756,1423,0.921051481503123)
(932,1,0.4618353034692866)
(1174,2130,0.10891055916872361)
(1406,798,0.6688885180062931)
(324,1314,0.6417078317823202)
(378,2100,0.3461822445099174)
(1023,1644,0.562785665137884)
(1423,1631,0.5038954088907629)
(254,1373,0.5375957376802769)
(1,552,0.7437107160405628)
(1423,762,0.3420262637371697)
(910,1262,0.44779072628537586)
(1053,2022,0.47961813312832124)
(738,491,0.8992056310059229)
(970,1147,0.9666881052362882)
(843,2180,0.9792807782502367)
(1672,1505,0.6635843590127855)
(1768,801,0.4860511889744724)
(763,1940,0.5452838162380506)
(1735,1,0.8269971952813663)
(2022,1607,0.22448282506722894)
(849,1853,0.26947985961111387)
(21,1867,0.0748372500624851)
(1012,1342,0.8889115615185199)
(2145,1142,0.3198105241383592)
(1274,947,0.8794038928115906)
(1025,1123,0.5020954828065994)
(1011,1428,0.9448582010116592)
(2500,1090,0.8506914967806567)
(1435,1176,0.5016500211260967)
(1389,637,0.20181874720397153)
(1890,831,0.30558819336304566)
(1041,2380,0.20002809028692803)
(1100,1582,0.9692857960134187)
(681,645,0.30565656596281277)
(780,1616,0.5564930796008516)
(1134,2271,0.11926764032839432)
(1442,1349,0.16354519005723767)
(1598,1441,0.09499317231842075)
(421,1631,0.8772725758190343)
(1501,1164,0.9264908030137572)
(733,311,0.9950254877457637)
(1519,952,0.962639307449623)
(1676,1114,0.8479539386102686)
(1332,124,0.37609308650692175)
(1523,1,0.4359854880247471)
(1,217,0.9295512017048264)
(1648,1192,0.07723878369196224)
(2263,533,0.7323455570850728)
(1561,162,0.27521902830107725)
(902,1173,0.25394404982139196)
(1,1150,0.8210769981259144)
(1566,1345,0.802402400016167)
(911,2120,0.06254303065963351)
(2500,118,0.715913245130743)
(1251,722,0.11846313063202374)
(1572,2310,0.13543912084839205)
(1476,1590,0.3553901402835208)
(1651,738,0.7358179709899498)
(2500,2213,0.8230282016158711)
(908,817,0.5850904038939277)
(437,632,0.5841117757224398)
(762,1976,0.5766029706499293)
(907,2251,0.015248650362373328)
(1586,749,0.9265460957959157)
(1958,1270,0.8027933130895953)
(195,250,0.39267713627172085)
(1515,1461,0.47799715692403244)
(1958,1241,0.20269263297261764)
(1261,831,0.5812493287856269)
(2500,203,0.0967507621967133)
(1115,1909,0.9252260976378965)
(291,1291,0.47838114591013814)
(1157,324,0.620277197634021)
(531,1,0.1075955307467995)
(1273,2074,0.086820751780185)
(1781,991,0.5082953820816523)
(1853,1250,0.30567314585213934)
(1683,792,0.889297161119731)
(1325,1873,0.6559413562899103)
(1770,1546,0.33549914226222444)
(1997,796,0.9328958771289673)
(2118,1092,0.5989971490844608)
(2414,1535,0.940285715608009)
(2302,1137,0.5024953155714289)
(1712,1626,0.36395034437883156)
(1167,976,0.20221814292610274)
(1765,2443,0.5020796204140154)
(515,2324,0.6399385931630072)
(1151,371,0.7927111050683282)
(1842,1876,0.7513025472614718)
(284,355,0.9328794809121033)
(566,925,0.8097142326684335)
(1289,2500,0.15289324074612953)
(1709,1926,0.9740792489920999)
(533,1215,0.21745786579195436)
(2197,61,0.615120307434336)
(1289,1329,0.3193425061109749)
(1176,2082,0.9320106446411268)
(1184,1136,0.8855592299916818)
(1754,2021,0.36203032330690543)
(1648,1803,0.005329772593903437)
(1282,1456,0.5995225368756919)
(1353,1004,0.35218842410876083)
(1141,1922,0.5637479567800248)
(1594,1081,0.18469196008034983)
(2027,1013,0.6029858543775724)
(41,1285,0.7330932308181138)
(1093,590,0.655362521708925)
(1146,1377,0.03214214077140698)
(1649,1691,0.07758919682968535)
(2076,428,0.8700822639075176)
(1411,1512,0.16563089530585473)
(933,683,0.860139266561721)
(1141,1585,0.5181283626145939)
(1057,571,0.26681932988988977)
(2434,1935,0.14363710424395704)
(1130,2494,0.2407855847150504)
(1039,1213,0.4455957050571109)
(1804,1488,0.5937593650259653)
(1493,1166,0.4556016133550116)
(2174,1115,0.045461175403565535)
(1560,1747,0.30200010124185483)
(877,1193,0.12714397765348195)
(2049,1306,0.009086874073488405)
(521,2219,0.8595622495285168)
(2236,1402,0.23258346394854945)
(1105,1018,0.09312930794056051)
(489,967,0.25050437078324206)
(1121,1146,0.7271499929256732)
(1869,1616,0.9959193318863048)
(1649,1219,0.9269067127111554)
(515,556,0.03782856262978351)
(680,865,0.1707190551110157)
(418,1623,0.08592315227441594)
(344,548,0.7574652264630732)
(1428,557,0.9186180975526597)
(162,1500,0.6534277917044657)
(787,453,0.18956414724553583)
(742,861,0.05347149507554261)
(1429,1221,0.24994643451930132)
(2306,1526,0.9329297843137427)
(2070,1641,0.3997243207366258)
(1714,1819,0.9714823421217601)
(1589,1124,0.8857374293482829)
(2379,1579,0.6167297703402354)
(887,1759,0.7987218857737319)
(548,756,0.0018314322654159332)
(1015,1,0.14213496277932436)
(1517,495,0.6957446787111654)
(953,1491,0.6570443089611853)
(1150,1609,0.37315873099530483)
(2500,856,0.6096282108914375)
(1427,1260,0.644816205045213)
(960,1495,0.9736872189974289)
(1247,1,0.6656247225303819)
(708,1620,0.6675572565926299)
(1776,916,0.4490963630471628)
(1499,1,0.015675646276650412)
(441,1089,0.15992699740761707)
(1635,523,0.1780899789674979)
(1209,1058,0.5608328843389926)
(1108,2126,0.18887795120500828)
(849,2008,0.08442229035038207)
(1874,1465,0.7199312601143777)
(1992,907,0.43839439385429724)
(680,50,0.1432772336632382)
(1300,1215,0.7779321328720781)
(1951,538,0.1182698798083387)
(421,947,0.7573497412861213)
(1016,2204,0.5559859998037907)
(1938,1313,0.8583931498869443)
(1652,2318,0.9384903978550933)
(1755,106,0.3023613604927333)
(1027,2255,0.25263344338269955)
(1903,859,0.9569589669638087)
(1425,1664,0.8026413518467171)
(2200,766,0.648943474188803)
(1861,740,0.8918237908192911)
(2500,2192,0.4246934038822294)
(1,1909,0.5310528991372125)
(2339,2148,0.7122109084201271)
(780,1038,0.7067712728208703)
(400,1163,0.954149867510606)
(2294,2189,0.15257396671464662)
(339,1340,0.27729782725786245)
(1323,1904,0.9548985860830663)
(1389,1898,0.47180625521432396)
(1477,1538,0.3124964896937663)
(1935,839,0.3741034495095894)
(1,1464,0.05089705452450799)
(421,1319,0.7767216490366513)
(1679,291,0.08680662755621549)
(1686,1507,0.921910498509683)
(728,308,0.535395863126941)
(1160,334,0.977325207057973)
(2116,2319,0.6507175559276754)
(889,1414,0.41191115227546904)
(1526,560,0.21717277605028906)
(758,956,0.631252753439697)
(2321,1672,0.826268957407213)
(1776,1053,0.19697017846501663)
(804,339,0.7451038129627606)
(1079,1658,0.22543632586907514)
(629,1796,0.31428644492174285)
(1013,1730,0.6210636856561506)
(1494,1,0.5235650231292406)
(1682,1491,0.36353595220790913)
(1035,66,0.8552166653866005)
(1413,722,0.47210166933771625)
(1623,1972,0.8892310588902349)
(1266,1105,0.802036365870084)
(2240,1350,0.44276858742787806)
(479,1642,0.4269743314156883)
(2023,1531,0.5604763929362865)
(2091,941,0.49602231230113647)
(167,1794,0.2519199826085)
(2326,781,0.7395077327575023)
(2050,223,0.46295673786045144)
(1210,585,0.9547025807381643)
(763,1765,0.7504859800972397)
(679,1584,0.0304711396131796)
(1214,428,0.09417317012810333)
(733,1189,0.9708712367146072)
(1,155,0.4104563958894767)
(1577,1885,0.6039888395509566)
(1611,1460,0.8295953896638585)
(2500,1937,0.43759682831787083)
(1256,2156,0.5748265677409043)
(988,2186,0.8546810703288125)
(504,1287,0.8256557736761938)
(1805,1050,0.6720066165700304)
(583,634,0.2629994696272485)
(763,904,0.8435319743485733)
(928,1352,0.567169852854457)
(1740,1586,0.22502570439884473)
(1593,2500,0.9592685285907766)
(1362,1434,0.382805488146864)
(2213,18,0.7350942418342438)
(839,1148,0.3243007876206381)
(2336,1981,0.1771178662435564)
(1809,1558,0.21515202949197254)
(1,1410,0.20056479259260673)
(1368,762,0.9872836787762357)
(1279,645,0.4986642640015584)
(1472,2212,0.28515591054933664)
(787,1756,0.5466350982734193)
(1769,1312,0.20934396381823916)
(1873,1419,0.6382569579659324)
(2315,1981,0.35948545667239207)
(608,955,0.7091752394253431)
(1010,1869,0.2514393237285094)
(1206,1403,0.5466681185787292)
(776,1132,0.5627065280961329)
(1359,2194,0.8219291636877176)
(209,585,0.6529554848902165)
(2237,1814,0.9061653767908381)
(735,1563,0.7768994556160861)
(1465,1753,0.2193167343758875)
(689,1988,0.506726011202916)
(1684,2302,0.7032677735002909)
(708,1007,0.3487238272965657)
(1303,591,0.7706676605892038)
(1414,1375,0.4332272543461977)
(1883,777,0.5361522380871785)
(1628,865,0.5554300262142169)
(1610,701,0.18465627641741167)
(1427,1388,0.5309535970624327)
(1783,1937,0.13931173553534704)
(2110,984,0.645943207972595)
(1703,969,0.5539820987508698)
(1632,844,0.7311236828014397)
(1667,1152,0.7281171343390334)
(2111,808,0.9181610543461675)
(1019,647,0.38374814024177595)
(2500,1492,0.9048105270848276)
(1188,1867,0.5327184705653417)
(1588,1101,0.9153031089139074)
(2264,1977,0.8337197975262383)
(1595,2096,0.9818317148367064)
(1101,1582,0.8084155760759901)
(1939,1,0.972012370475163)
(2239,589,0.39629710597438894)
(441,2439,0.9801557858270298)
(594,1549,0.22979967000571522)
(1339,1457,0.9122524207454715)
(911,1,0.38694070909119904)
(1029,1120,0.4710399668205938)
(2426,1187,0.8368812202419554)
(1026,181,0.15177242106891564)
(2500,2130,0.6122785118464568)
(940,883,0.6595689673138685)
(756,1780,0.2702390569199574)
(1462,1408,0.42373912323920104)
(865,1950,0.18729089894730466)
(976,1814,0.07517573408042433)
(1226,2293,0.797678050932721)
(1,528,0.2913789641737129)
(834,1,0.9548484551945262)
(2133,1427,0.7784236079403425)
(2352,604,0.35864933883883066)
(1520,1041,0.35339367640715114)
(1231,1155,0.941157582864551)
(1325,1836,0.8077783648957582)
(1498,816,0.8086185340649423)
(184,1317,0.18750651630781)
(1364,1123,0.5935903164772067)
(1892,610,0.9517036290921159)
(296,1430,0.42631717783420076)
(1052,337,0.0024151962727703147)
(1749,665,0.5920810936789189)
(1541,26,0.8088187029749564)
(1354,1365,0.32916507431464403)
(1348,1175,0.7449022244012)
(1947,684,0.31645167131302676)
(1629,168,0.719773839161251)
(1868,1675,0.6761372999724279)
(702,1022,0.0014646802973237172)
(1256,728,0.2833183871208158)
(1423,1157,0.3863014785695954)
(678,1993,0.8159402122134626)
(741,1647,0.5902372837134362)
(863,1565,0.6500916663710746)
(1,1309,0.5465607109438908)
(401,2153,0.8423900853801508)
(792,1615,0.17274939504686437)
(537,2168,0.9039232239537683)
(336,2062,0.3997478033884422)
(984,665,0.5737737288895982)
(1913,1237,0.37826740940269654)
(1172,924,0.31098173383076677)
(364,967,0.6936015122818033)
(942,920,0.6206914825275271)
(883,1202,0.0217910353902262)
(744,2361,0.21635228014227126)
(1279,2004,0.9672652714356123)
(1595,568,0.08748527440458276)
(748,1686,0.7097893560084927)
(1163,895,0.8940714553136947)
(2168,384,0.9920512925918014)
(1677,1660,0.5766978022501111)
(347,736,0.22006863731998472)
(1234,1473,0.004789099107159078)
(1670,1000,0.28430948026416825)
(1843,59,0.5980815153437857)
(790,1865,0.848751187347803)
(439,1,0.2659810317451442)
(303,429,0.023964935833392653)
(2050,1512,0.5322427340806584)
(1,1324,0.11000048331200962)
(1595,705,0.15576844279570545)
(509,1,0.6625628539991815)
(1276,2068,0.9557769890361585)
(1882,1370,0.5121767149510851)
(1032,1661,0.582765017650633)
(1449,1922,0.8404803669199903)
(1336,669,0.010014083842947108)
(1116,2147,0.8334647757412947)
(2026,1807,0.9267526295096102)
(1618,1566,0.22851396730770046)
(152,1398,0.8959435115031864)
(1927,1196,0.9450452542814609)
(1765,1440,0.5108224900366728)
(2046,1060,0.5511522133287046)
(1382,713,0.8214279901045846)
(1261,1,0.16301048490665737)
(1041,1363,0.7372330647398084)
(1237,1339,0.5707502872650361)
(1418,2122,0.38397376933982563)
(445,900,0.9871352097261122)
(1259,1564,0.028723258270543228)
(987,2053,0.8941916289890913)
(511,320,0.23780300649328312)
(1743,901,0.4609649986694254)
(901,2243,0.05294605017362641)
(1363,1090,0.9650583955789898)
(1849,688,0.7589367480978683)
(813,663,0.5943400378345007)
(872,1779,0.43189812759074997)
(1337,130,0.25591416729851124)
(677,382,0.46322100210571604)
(625,892,0.22732682573278284)
(1420,1509,0.8351557168138142)
(512,891,0.6742490827544503)
(318,1732,0.8903988561299228)
(1596,1162,0.5739195588727932)
(958,1135,0.2820543343186238)
(2500,787,0.38053671207680306)
(2500,2111,0.4621693696707714)
(383,1249,0.8287941476394703)
(1399,1175,0.9717711029704853)
(1406,2352,0.2443870310735956)
(1693,1632,0.7204146431241523)
(1652,560,0.45365583952736366)
(1445,1210,0.040200848834508696)
(633,861,0.7940244819252413)
(1,1345,0.32799939024197655)
(1807,1999,0.6846729410812858)
(167,1257,0.5072132516185058)
(1020,1872,0.5496567641778515)
(1980,2375,0.6866715281336333)
(325,371,0.7015663758994715)
(337,1277,0.3248904491210415)
(2105,1595,0.2203057566131097)
(273,949,0.2349021935740062)
(119,2492,0.8169753489733006)
(2500,284,0.36797886888670994)
(952,1175,0.5226445519365517)
(429,498,0.5440576197624372)
(269,2365,0.683820418688142)
(681,627,0.09209354336095688)
(1813,1255,0.0036411465219475803)
(2055,992,0.994746962431621)
(1034,855,0.041611699918310485)
(1198,1481,0.16156224630583893)
(1384,1261,0.5418355283699858)
(629,368,0.2994616945488445)
(1059,1188,0.8111123467911042)
(723,364,0.3899823144808522)
(194,1583,0.35107416996016294)
(802,2500,0.602769163124337)
(1289,1653,0.09131554318997182)
(1211,1,0.07614744472363089)
(903,558,0.38723676456009526)
(914,2254,0.4903870184550151)
(460,1239,0.011104425332876589)
(1574,196,0.4375724419089314)
(1235,1674,0.8604944738045713)
(816,1343,0.9543508125580811)
(1522,997,0.7959235865468828)
(1648,1678,0.9196259561859836)
(903,755,0.406506569502721)
(1571,2071,0.13716404933391546)
(1157,1614,0.9079152663247259)
(838,1454,0.6440504955903664)
(1495,1126,0.3917450511588545)
(901,2020,0.5034758785679289)
(1022,1071,0.5883669543990425)
(1989,2253,0.6581237870381657)
(1,312,0.08174544776484371)
(1868,1359,0.8036150956918171)
(1108,1970,0.8624047221271035)
(1099,1,0.793551402566886)
(558,1374,0.19492732499625454)
(1176,2074,0.5064154992853754)
(534,1300,0.09739809353173012)
(1132,989,0.31221641810203404)
(1339,1745,0.09335041238592334)
(801,513,0.7912256008136833)
(506,970,0.4453107416624922)
(815,413,0.4848557525196605)
(1,794,0.8318410463566644)
(621,1187,0.02727261568095396)
(1631,1756,0.3917456264348784)
(1291,1617,0.18042131190646205)
(1160,2325,0.6639709268527418)
(2193,774,0.19504260381781569)
(271,897,0.08528233511186123)
(1584,1694,0.14557565871363143)
(1931,707,0.9767637187224625)
(643,2407,0.554739207072158)
(1,834,0.6937099992025497)
(1734,1543,0.19251978212335874)
(1854,1478,0.8170803782865629)
(2021,1299,0.2658464812657677)
(1231,2251,0.3443671317726108)
(1242,798,0.5081358723688714)
(1674,1507,0.6398768307867783)
(976,1646,0.6688547477326627)
(2305,1401,0.5761659044761783)
(696,520,0.4722700009910067)
(2500,1504,0.03212025701816179)
(1,550,0.25341195305536923)
(863,1391,0.022175958235470805)
(1303,1306,0.7879951103716633)
(1757,2500,0.17706037607280634)
(1001,323,0.9211497821863767)
(2076,1507,0.5225402646092902)
(1958,1371,0.3833340220860575)
(890,1475,0.3035416123481264)
(765,661,0.5987545205690745)
(1606,1537,0.75038308360244)
(1492,2225,0.32907840356853624)
(1040,1631,0.6205873764160601)
(1595,833,0.028960195992136395)
(2352,888,0.6296454507321124)
(1,414,0.49650341441442103)
(386,2216,0.10369268487722305)
(1202,686,0.06961942282642641)
(278,1140,0.9125195255628425)
(415,1971,0.07110516311987725)
(1,1329,0.20105470271568848)
(1404,445,0.5089039355523224)
(792,170,0.3419689770317217)
(930,2025,0.5379560168264413)
(1596,2223,0.9915206289390833)
(701,1152,0.9191026849620353)
(1976,1221,0.7811107057098206)
(951,1523,0.8688766962902273)
(1152,1233,0.012145455358486879)
(1,1220,0.5682807098797394)
(981,788,0.359409522978713)
(1460,1224,0.004400245853524387)
(1151,1628,0.023878801804563476)
(1204,753,0.9548405583386034)
(1271,954,0.8856515171468613)
(1067,1000,0.963803635910015)
(1766,1446,0.8136873316889864)
(709,2345,0.7001793052049833)
(1299,1355,0.16130843241240322)
(1866,1,0.5598462276848428)
(1876,1963,0.8407240337046071)
(1821,1,0.8334585820557011)
(964,2445,0.03798149901969872)
(1334,1505,0.7980471330208637)
(18,1631,0.6761761448472615)
(743,885,0.08886215138763387)
(1150,2266,0.4887636581352168)
(1005,1926,0.5773224695715224)
(1288,1379,0.18488697309181812)
(2359,1327,0.58643663598442)
(1,1989,0.7497628332996434)
(871,1753,0.2699121019756159)
(1430,1196,0.7002975037913821)
(1159,808,0.07005792747430917)
(1010,2013,0.507855054412478)
(1295,1731,0.23735723287024035)
(1855,1802,0.6072064803347489)
(454,645,0.7171751161113431)
(1912,965,0.9751159781233742)
(1870,1462,0.6781691090957229)
(812,1424,0.6420941988135499)
(1924,530,0.5415011510215814)
(1544,1254,0.2495126310673319)
(955,1177,0.8291833664322106)
(1532,1093,0.5663391970883851)
(1210,108,0.5915168120775147)
(136,2160,0.2508684345888651)
(1091,1707,0.27349782680613544)
(401,581,0.0680495696816662)
(290,678,0.16382918860949236)
(2231,1905,0.6078508538008804)
(2048,341,0.4546710965109737)
(706,850,0.5267957685887127)
(1758,1302,0.8304387560545791)
(471,1043,0.9662533976706464)
(180,1081,0.23737703240396268)
(1501,584,0.24431523132955657)
(1912,1188,0.3945650173672334)
(1605,510,0.2989187745902826)
(1207,935,0.9720762740548404)
(950,1096,0.46481453706876985)
(978,1705,0.22047625061794107)
(1244,1136,0.874449523700506)
(1777,1463,0.04098319593832955)
(1508,1235,0.18497200513823664)
(1879,2246,0.5201739538278514)
(472,765,0.12966296873808913)
(891,1246,0.38446653508449924)
(1257,375,0.6942984365726812)
(565,1144,0.5415046077379941)
(1633,1449,0.6281304235202273)
(1073,1480,0.6517763897360409)
(1151,1107,0.38540305191146684)
(1901,1,0.35915054883799635)
(1758,1079,0.3837140249836528)
(617,1583,0.7288724327778264)
(192,1588,0.41113435040777135)
(2457,691,0.4308100083922084)
(1453,1129,0.6191378485777839)
(573,997,0.03912139644139645)
(785,753,0.5732438210120039)
(484,478,0.8203427792512624)
(1838,1641,0.8493388600388242)
(1014,1174,0.468236956025321)
(789,1437,0.5119095996426611)
(1737,851,0.5439561130943699)
(1482,1580,0.14561449738613141)
(1412,981,0.3334408822363524)
(945,1335,0.6993388395834934)
(1907,1838,0.7584452138323242)
(2042,1328,0.9170980420113362)
(101,1874,0.2886311513929405)
(1746,677,0.6491610339924673)
(1112,1455,0.1291084457272168)
(1213,268,0.7187814161799511)
(1036,977,0.35425648434232115)
(2111,1105,0.6795112898591391)
(1448,1918,0.2820236317298547)
(1666,211,0.020734859943528416)
(1489,893,0.4539596975097995)
(683,1480,0.18973291414334414)
(1467,1875,0.5083778240927604)
(2303,1493,0.6441525353687713)
(17,1567,0.3397192889063355)
(500,872,0.37752019185214214)
(1043,2500,0.3908471617513546)
(1605,1176,0.6107400963918471)
(937,1643,0.09878685838424872)
(1337,1819,0.14088085731536149)
(1317,1457,0.8598492626073664)
(809,879,0.9636265163601436)
(991,1927,0.5933834252311243)
(2500,846,0.23424394791026337)
(1525,1527,0.924782427674044)
(2474,1013,0.20883425249490128)
(1760,746,0.205779767373657)
(1409,1207,0.4977762166267995)
(1073,1091,0.9722413245586695)
(431,1758,0.14064670472986873)
(1387,1092,0.9120629207941019)
(1897,143,0.022061379881143206)
(2500,1291,0.24329743786107028)
(1974,1166,0.24472412686661815)
(113,889,0.5706869865237162)
(781,1497,0.8914067080891868)
(563,1509,0.3452327519192231)
(1416,1836,0.09067975482862511)
(1220,616,0.11137732561723235)
(134,1451,0.8801288412267769)
(1080,1372,0.039587229658405554)
(297,597,0.4404679448773202)
(1251,1985,0.06030719686541908)
(2079,533,0.2435881020231443)
(1019,820,0.8921682900847882)
(1511,1743,0.8211614951046605)
(829,578,0.78348219959732)
(549,408,0.3356773296097464)
(1256,1704,0.4000861323265319)
(1387,1242,0.35066180566619065)
(575,270,0.6192506642307332)
(894,1757,0.5137934870725243)
(1060,1331,0.6644481982705835)
(1681,1569,0.17507720972053353)
(298,1,0.5706360190627108)
(1361,1493,0.14266662376672146)
(2315,1858,0.8865656322379342)
(1846,1930,0.5770650494377514)
(634,1165,0.23145311055201312)
(702,1200,0.9815848705132247)
(1005,471,0.6072262059279564)
(973,504,0.9716995883388404)
(1191,1746,0.08559452230586606)
(598,1557,0.7237571086835785)
(1206,1671,0.35711978272949607)
(1628,2030,0.1876266114123476)
(1267,1010,0.9854357617681034)
(2392,1012,0.8601977182564015)
(700,974,0.8889182853088041)
(1853,1965,0.46695958672287585)
(1263,988,0.7548399134446983)
(877,2068,0.7402504964308623)
(854,1,0.9826425644307931)
(1640,838,0.5847338901323884)
(664,1542,0.5410097761021447)
(981,1686,0.569745525317874)
(955,583,0.10939958442049125)
(358,1053,0.5935148709168324)
(2304,411,0.7106949504111241)
(1620,1408,0.8242267423552948)
(1943,1817,0.9694172425437647)
(2500,1568,0.12203857067086343)
(999,649,0.3965930390712017)
(781,1963,0.002538314752018711)
(2013,2055,0.37153102391409)
(1087,1371,0.646440464035611)
(1934,1401,0.2107280213102285)
(1452,1618,0.7354871673053989)
(793,329,0.8078958740820046)
(1443,1695,0.10758300360330086)
(874,1163,0.03497856983479075)
(543,1373,0.6750085158283538)
(911,1340,0.18333898971818452)
(825,1748,0.09153052147508944)
(2047,1747,0.8742307549045307)
(1036,670,0.030295680853890894)
(136,202,0.5921470458235373)
(967,1080,0.2647019641484063)
(566,1352,0.9483446070653285)
(912,999,0.8939627472998689)
(874,957,0.8535146566418411)
(1465,1188,0.7975492057089627)
(435,735,0.10429249448819711)
(1231,1320,0.3586898527572956)
(1093,1898,0.9103809308132408)
(1317,1166,0.6262792272080738)
(1849,1296,0.5850879597906741)
(796,1758,0.3243304218583638)
(2357,1445,0.01530351880730596)
(392,2191,0.6991866942365335)
(1208,172,0.680431727462699)
(1628,1068,0.07201600284844234)
(730,2164,0.07670952951652887)
(874,1440,0.2826856242923561)
(1130,1901,0.6383108305112883)
(2324,1780,0.5080409474126906)
(1,390,0.06797990326603143)
(255,1054,0.5530073913983876)
(1399,98,0.37343450269268097)
(1916,1208,0.9566781351038659)
(1092,930,0.7848542984686856)
(1396,1958,0.9986975826216871)
(1251,1486,0.8356055839627871)
(1704,1765,0.9953302208425197)
(1356,1318,0.8540016868608352)
(785,1473,0.9589827600396822)
(1221,1320,0.2434836356453527)
(596,1649,0.2972371366297961)
(1498,1249,0.13473021638924565)
(923,756,0.885618580720287)
(1075,2500,0.11414963667382638)
(283,1034,0.43060503179234166)
(551,54,0.5914687276959738)
(1949,1271,0.4862069400985577)
(750,734,0.21488663886399006)
(1322,1321,0.3624933420288601)
(775,427,0.04045056519889956)
(411,1176,0.7711638722018611)
(1918,2332,0.7523539091180125)
(2185,55,0.5767180695681728)
(1303,1972,0.39663147248333475)
(1392,1297,0.9325604091681448)
(2234,560,0.7991397413582885)
(1955,1422,0.6922989325515044)
(1738,991,0.7007965631405991)
(1564,1533,0.22268880869752794)
(1,114,0.7972053663220235)
(980,878,0.04664477316952664)
(1057,1087,0.3088372635433373)
(1370,1679,0.886072428751877)
(578,679,0.15680884565828557)
(1276,273,0.6667070605269312)
(1375,831,0.6445512300906627)
(430,1065,0.21508534959768433)
(1773,921,0.5962051571600343)
(1913,1547,0.4298989798382832)
(556,1189,0.09761491605543993)
(741,1018,0.037989520798460075)
(1410,1249,0.8052135662227243)
(1641,1634,0.42965307054836044)
(1255,1125,0.6744799456306894)
(1219,1732,0.7530145606752754)
(414,1061,0.8103415927272526)
(980,1614,0.5284540707620815)
(1748,1363,0.0036036733774430507)
(755,1566,0.9169571627104275)
(1720,1479,0.8401354132102513)
(1659,1101,0.48287569904887184)
(1925,1065,0.3140141389990124)
(792,1267,0.04128117422278332)
(1976,1773,0.9264456599596547)
(705,672,0.8552154740597907)
(1185,1879,0.21406369621948962)
(1163,1659,0.7017151005743719)
(687,518,0.29589317526338066)
(1328,1078,0.19456295094498333)
(1361,1091,0.9447224447333545)
(745,2123,0.48254326966467076)
(311,1502,0.5322709098202002)
(1145,1369,0.0693705665597899)
(1506,978,0.5018185439274403)
(706,2328,0.4223355988433406)
(923,547,0.4926908365920911)
(1644,1823,0.16320722217513206)
(1247,954,0.6825858684986358)
(1564,56,0.9795541301857776)
(1882,1458,0.5023012498887075)
(1116,671,0.9887353721434612)
(1424,2500,0.0556739253391999)
(606,1622,0.6254078391602669)
(1599,1912,0.8650354621627209)
(530,1226,0.07783299077557948)
(1965,994,0.007107983402021345)
(1996,1822,0.8519583441177766)
(907,1383,0.025779700022549368)
(1635,626,0.020535747578018015)
(992,2500,0.824810106862874)
(433,876,0.8839696035948851)
(1643,496,0.27709989329503715)
(1,342,0.93376693384284)
(512,1943,0.6149322313151314)
(1162,2500,0.7173352597842363)
(666,698,0.07489857758101282)
(664,1037,0.6254837040789447)
(32,1,0.6774976148600136)
(1465,830,0.768766329184137)
(895,1781,0.800541133360299)
(969,1888,0.6257588500070711)
(906,678,0.9209716950996831)
(884,548,0.9451334633679885)
(1567,524,0.05702464778158678)
(2216,1186,0.5573960187110347)
(967,1328,0.03488873043648599)
(1249,2209,0.8472314631450711)
(1478,280,0.9887525118374928)
(701,1364,0.4970142934452797)
(1689,794,0.7776775162594193)
(1450,1421,0.22202271486174374)
(918,1228,0.9846277371752443)
(703,984,0.7064749380879959)
(878,699,0.36349257900968013)
(1568,1077,0.1273480413641861)
(671,1582,0.7091906966083106)
(351,1014,0.23883745285615454)
(544,1610,0.9727141339839359)
(1337,2422,0.5092786120239434)
(1890,931,0.47593142929391985)
(593,1148,0.29481712885503375)
(520,1163,0.07455894338360902)
(1921,648,0.39703771404582533)
(1331,1142,0.24454226570652426)
(1,1592,0.275259094539144)
(1824,1612,0.4069025560100419)
(339,517,0.6971644038530831)
(1079,1325,0.17289380701044743)
(2019,700,0.8309929436198096)
(1009,1685,0.1311076098012619)
(1721,810,0.1954949662414015)
(941,765,0.0266333008340921)
(1285,1987,0.13096290115920506)
