(1401,1117,0.8722768220173295)
(1638,2007,0.2575212651874649)
(2500,1309,0.510550425647774)
(1973,2244,0.2836333078084058)
(944,1,0.9393817869550726)
(434,793,0.11355587436537007)
(1769,1225,0.8603017441866297)
(1457,2331,0.8523417595270636)
(1648,420,0.38298402521551167)
(987,1331,0.9995954657180119)
(1418,1385,0.40295840744612743)
(1473,1448,0.06163511123609233)
(268,889,0.3610541854546868)
(964,2025,0.4925831155371606)
(1425,1858,0.6902510555082144)
(1460,1420,0.8743982540164137)
(1026,1367,0.2366300912104966)
(537,1626,0.5732846202566582)
(450,1579,0.9449608307130506)
(387,569,0.8326880529572193)
(1003,1766,0.7765963577750409)
(124,1116,0.04048910091322566)
(1427,1165,0.6118649804785388)
(980,862,0.16621672053853842)
(1,1313,0.2852960079931177)
(2230,1291,0.05889955128259794)
(2500,1115,0.4027244752834068)
(1932,1815,0.42014262099627486)
(453,1423,0.9937940928514103)
(1253,2500,0.9099306636937069)
(563,1241,0.49505249082601976)
(1343,1173,0.5707559056863184)
(1046,1541,0.03931462409049902)
(813,1043,0.9230107329110456)
(2089,2299,0.7631083839371832)
(1,945,0.3004572783529088)
(1255,1918,0.4266295164456745)
(746,588,0.14037227485848935)
(584,2500,0.7668377612073174)
(1263,960,0.40315315947808317)
(543,1,0.8999621509917046)
(904,1220,0.7824239980452191)
(606,1829,0.26187156079463114)
(1259,1,0.3619888535252064)
(717,1455,0.7193008169765526)
(1383,469,0.0607846346374028)
(2500,786,0.9364034322865168)
(955,1994,0.43216381661394554)
(941,1681,0.45458212027660083)
(1982,1835,0.45399436042405306)
(2416,1593,0.737760231420712)
(1381,1041,0.3040523179683867)
(1818,1244,0.14787875811450668)
(1728,2494,0.21517747476398386)
(397,2500,0.1747173506949835)
(1616,2428,0.9660123797392147)
(2254,1390,0.14681384261454067)
(1215,977,0.5848913379524391)
(1462,1285,0.03038861526895109)
(1129,974,0.5863063702333119)
(1488,1310,0.3513130319641806)
(2154,789,0.11379633965003233)
(1148,1515,0.9015274396489412)
(1259,823,0.22239235369627508)
(828,2314,0.5683036807365301)
(1466,1,0.5121628289267082)
(1802,1413,0.15535323328093464)
(2500,2024,0.07274586764996582)
(2027,1537,0.33290575506663656)
(2229,1425,0.17191342931359854)
(787,1564,0.1644959777379965)
(360,1602,0.16457613795772086)
(1646,1226,0.8958845457432336)
(160,1204,0.28497670721442914)
(991,1742,0.25832539788462117)
(678,795,0.9812824565498436)
(1576,1353,0.569858578489445)
(2405,1425,0.587195806884922)
(986,1329,0.11613176700628702)
(1883,1206,0.6740326080074733)
(302,986,0.3722698360794784)
(1271,1628,0.8434832386434628)
(1021,2265,0.4802233240463214)
(741,1037,0.6086143520165844)
(1212,626,0.9568190769429312)
(131,2348,0.9211672419872521)
(130,1046,0.11076056196395045)
(714,765,0.30951322575606877)
(2000,387,0.4978372539657777)
(2232,615,0.6062980556856755)
(1895,595,0.6100491602152524)
(1348,977,0.3105730494676904)
(1874,2172,0.5305570511844314)
(1645,2500,0.5588858326507342)
(1501,737,0.6222087367156726)
(2294,1,0.7207748174159841)
(2176,1489,0.4483346479919432)
(1640,1434,0.7443763303754948)
(869,1991,0.004176754843782993)
(1101,1260,0.0266232640704106)
(589,1359,0.1263085844666798)
(1175,652,0.8765638953364278)
(976,2140,0.7046832428412807)
(674,1927,0.3281566260128733)
(2500,2204,0.05870796339125672)
(1143,2481,0.20946824486425375)
(1715,471,0.07665241953825208)
(862,1487,0.49294123058457184)
(2500,1244,0.8517065291607142)
(641,1128,0.17485397763415367)
(1444,964,0.7469827050766088)
(1027,1328,0.34136124357498077)
(1529,1015,0.26119756666135296)
(2011,376,0.6101684261096878)
(1381,2500,0.1279447038449848)
(277,1757,0.8772640493874737)
(340,1506,0.10328718518298396)
(1765,1399,0.9019635287783585)
(1444,1322,0.24030325386266604)
(547,1754,0.3179461017072098)
(1774,1038,0.5407627441151529)
(1700,1327,0.040687368265861945)
(701,1588,0.7358125913561236)
(1634,1110,0.7302625432741587)
(1884,1256,0.40610974430372626)
(1140,1532,0.9962678328776637)
(207,1410,0.6922020778708384)
(665,535,0.6485043120512024)
(965,161,0.5530327678987195)
(974,2438,0.7028699515261092)
(762,1,0.3383086658915845)
(853,774,0.9706957990966661)
(908,393,0.8925895873326112)
(665,862,0.7064005564107321)
(255,2500,0.7999869400468148)
(578,1,0.5814301970059597)
(1184,2458,0.820061234490909)
(2085,448,0.005134894564619241)
(1045,1611,0.3513046915809749)
(725,1456,0.5412564112805139)
(1912,1596,0.004308928187966132)
(932,1233,0.2109924447970154)
(407,2500,0.9925086721047987)
(32,389,0.6621161143138192)
(1834,1065,0.08015713974942995)
(1724,756,0.9300118913225182)
(2189,1216,0.8042022371560558)
(1846,768,0.9313279629960932)
(1804,1668,0.33788893394689845)
(1219,1160,0.23618398842174482)
(1875,811,0.14943833219159108)
(358,1878,0.43598136757590644)
(508,1249,0.9501105958469706)
(1583,484,0.5049826621965477)
(1562,318,0.11494952135442993)
(1403,1473,0.3730623337739839)
(1596,1276,0.40866914997274983)
(1188,2231,0.3688116472500116)
(141,1488,0.2792579606784359)
(2021,164,0.5810102600395489)
(1577,1242,0.5856489071613781)
(892,2439,0.7672681629729737)
(708,508,0.5515132157821615)
(2352,844,0.474682211179434)
(1068,754,0.3139413103209082)
(23,645,0.5046210006796137)
(1379,1006,0.3052842975708784)
(1409,1143,0.7254935027352876)
(2279,1018,0.9158651407689545)
(1013,485,0.9053780928935858)
(1087,1454,0.2072296393056814)
(1757,1844,0.15389724109088743)
(1,792,0.9292738380759236)
(2087,1641,0.748422860687872)
(1330,200,0.8621816526206962)
(2094,1302,0.5510053679601574)
(2019,1366,0.8789341588283224)
(1834,1361,0.07938514203974423)
(1155,1346,0.6293568374251175)
(1787,1245,0.2914969825986392)
(1125,599,0.43309125884163646)
(512,1519,0.4369437830645406)
(1893,140,0.8734262897461641)
(263,917,0.2901421168774201)
(1166,1573,0.5276236203979578)
(1086,1455,0.5421450920223206)
(1903,1295,0.5875446217753455)
(1138,1852,0.16651705639212733)
(1412,1036,0.329437160173752)
(938,569,0.2307927249966284)
(1761,894,0.6991595470544462)
(1,1169,0.4980150531729216)
(1988,1584,0.9831702490331844)
(1459,1364,0.29999047620124497)
(614,1412,0.06762649550401156)
(559,1020,0.3473068876773663)
(589,2037,0.9921529147475152)
(2222,2424,0.38254541829386945)
(1004,1044,0.852514015121541)
(168,188,0.666024530254103)
(1018,2149,0.5514520217108512)
(958,1081,0.911645084956198)
(973,812,0.7071773757587723)
(1671,832,0.2243238636913124)
(1244,1829,0.2827986719081069)
(1604,1623,0.38705729194078486)
(765,1195,0.05577267619604742)
(561,809,0.12705355671436636)
(1713,1495,0.2219966789133926)
(1017,946,0.540338445368284)
(869,938,0.8568225624781678)
(979,1039,0.6267054119052747)
(1387,600,0.6244987277555871)
(1671,809,0.45248274583070214)
(622,1720,0.9839810005086662)
(1620,951,0.005750083787346427)
(1488,1028,0.23033933160597087)
(1587,548,0.763920001219622)
(388,1429,0.4087131394572483)
(920,1611,0.0910108622771536)
(1729,1916,0.8168557054890285)
(1069,235,0.6947962913985444)
(848,1217,0.7165476568358389)
(531,782,0.5854084247667066)
(1001,558,0.726916100427029)
(1663,584,0.3088628403580814)
(927,131,0.28530792797742544)
(1918,269,0.6446782990992176)
(1089,1324,0.73039978262494)
(683,1458,0.0399912321980751)
(1712,1492,0.5869231441429957)
(1875,1384,0.3547263743741711)
(839,1508,0.8978788520941342)
(1906,2500,0.0019309031346624872)
(612,1918,0.7105469585855649)
(692,810,0.6942950852424729)
(708,1584,0.4073504599868074)
(1245,1563,0.9276459840553416)
(1365,1531,0.9492814778208694)
(1,2214,0.136624477631342)
(1515,1163,0.845287000958095)
(585,1141,0.153578853313173)
(431,575,0.17538940689278626)
(2044,779,0.22909885327091417)
(1995,743,0.4496781396896883)
(413,2339,0.3370477915534503)
(1527,780,0.3555464609005573)
(1588,2004,0.7164398574169455)
(1541,136,0.9201641218406632)
(2033,1562,0.5418913778330032)
(2105,2317,0.8891402965609532)
(538,895,0.44659271949968415)
(1560,2500,0.8103630547893935)
(2088,2114,0.16138600069247255)
(391,899,0.20572662528552055)
(653,1247,0.7642910582696082)
(1749,995,0.6139147726054538)
(1535,1236,0.5438029203426553)
(717,1665,0.5747240860239498)
(1087,893,0.7117796227147332)
(1647,679,0.9693546814825037)
(1119,745,0.22800117448145174)
(865,863,0.3235408745161059)
(932,1370,0.5926747530001765)
(1524,115,0.03942101908553142)
(1905,601,0.016349772368193127)
(658,1227,0.5411632006391806)
(1917,520,0.9146604049477624)
(738,1389,0.8419930159373017)
(1060,788,0.400503597677178)
(1561,1280,0.9292014484103489)
(1563,1775,0.10694534470326977)
(2391,1798,0.41122617822412366)
(1192,938,0.11421626962359133)
(959,906,0.48275241888902365)
(474,1639,0.8810091624455239)
(1468,235,0.22564326197413564)
(2111,2003,9.214755590362111E-4)
(1940,2203,0.8330054509613304)
(1294,752,0.7693599195743864)
(1939,718,0.7379368812869888)
(1191,1350,0.08545814897073845)
(1083,1105,0.7467799334212663)
(1285,684,0.6097294786863462)
(284,1227,0.9917563252260108)
(1154,2117,0.7836955894136343)
(335,1328,0.6311625523053707)
(2246,1313,0.9206406962091702)
(1413,1624,0.6784406201786723)
(1548,2009,0.607978894100352)
(1396,336,0.5835095580290071)
(443,1675,0.10936159792702871)
(1821,1230,0.8800866812015921)
(1259,1520,0.8783699006531012)
(1631,1710,0.6899877111944602)
(2109,1380,0.6943462738809122)
(1753,1734,0.41845296763545015)
(1357,488,0.13385227764387042)
(1032,1954,0.451070013503879)
(1769,1026,0.7523582698460589)
(1664,1406,0.08938309236820385)
(2182,651,0.5479468617881262)
(1572,1443,0.3510268043401644)
(465,541,0.20158554318455146)
(888,1406,0.9982840427888299)
(808,2258,0.8679715868887966)
(1528,1997,0.7722159755446613)
(1923,2139,0.11383174672854302)
(1088,808,0.7335796450463928)
(1553,1211,0.3951438856228586)
(1366,892,0.8309976840910707)
(892,1419,0.8815340203497557)
(1063,1655,0.9745892846148769)
(374,1602,0.8159055194950176)
(436,1727,0.41043740584710386)
(728,1240,0.4729109756271307)
(378,2500,0.2834708130740745)
(1256,740,0.5564862426931794)
(907,1072,0.4587489636601988)
(217,1515,0.5809600207785756)
(744,1943,0.5382350877621536)
(1936,462,0.026066496927993343)
(1970,1951,0.8584675638774609)
(975,1229,0.4558217152729914)
(597,1405,0.40814294549427177)
(562,924,0.3630532800511358)
(1986,1395,0.7507916060372545)
(1359,1344,0.1362357507180354)
(934,977,0.2694017982064709)
(1849,2113,0.5417645855935718)
(950,2034,0.11623144948813269)
(242,2083,0.41235832320346677)
(1280,1669,0.4982651301030895)
(1220,780,0.029617026051103168)
(1,1293,0.030214329940044693)
(1110,1636,0.5267022131445422)
(450,639,0.9794764249298443)
(1501,1379,0.0018441519766405623)
(239,1,0.532326073050493)
(1417,2133,0.6222058843944108)
(1626,386,0.28013298586373003)
(658,956,0.17849729225777955)
(2373,1164,0.41255484300677514)
(1951,1367,0.2575597577823733)
(2105,1086,0.7095666106839255)
(1998,460,0.485275745453019)
(1105,1390,0.025566324508614402)
(1228,549,0.9667829877504434)
(1551,2124,0.7469002607994869)
(2074,2047,0.5998815425040376)
(1105,810,0.8752000349723815)
(751,621,0.6859217270943481)
(81,1982,0.22499028246642672)
(1104,1046,0.08514349476809258)
(2048,1260,0.5613512642411417)
(1392,1,0.21140058748004031)
(1523,1678,0.47009260437902134)
(1349,1248,0.10747241826223441)
(1322,489,0.7253592488881314)
(2168,1716,0.9660630956189938)
(858,856,0.9974076266132521)
(1971,318,0.24594654803634364)
(2124,1603,0.21155094887807702)
(1242,1214,0.17746988545572517)
(766,1,0.010937295662875046)
(323,1427,0.7188266701288012)
(522,2470,0.9608210614114888)
(465,1115,0.12424563449218973)
(1239,1645,0.40587482382559237)
(534,1595,0.35335667851483543)
(998,1384,0.883542301016051)
(1345,1039,0.9147329261990887)
(1531,1539,0.894440781773575)
(1321,1122,0.2771209424535436)
(844,2071,0.8587698856760944)
(634,938,0.5319795058024214)
(695,1304,0.4069821627420681)
(1416,1108,0.2190009035115883)
(1741,1335,0.975916749588233)
(1689,1754,0.9799382578016029)
(667,1750,0.3221408397850707)
(1553,1088,0.1612272329689849)
(1102,1915,0.5807899161791732)
(190,1574,0.9521985734991669)
(886,1107,0.2909168434934729)
(1532,1871,0.41058921663485226)
(1021,1051,0.4018913720013356)
(2391,1496,0.29062557316481086)
(1,1068,0.3874241243124651)
(1601,1991,0.32954275258920085)
(583,1293,0.7320041168821398)
(1768,407,0.5869712292734839)
(1225,1473,0.46199569328237944)
(2500,175,0.7781661091189088)
(8,1745,0.9354182641451075)
(1001,556,0.0023409441800926745)
(1024,1,0.009557332694648535)
(2408,1189,0.5074571898567034)
(1880,1164,0.4355458479835307)
(1634,1729,0.5970226581071508)
(979,1206,0.48638520950048647)
(740,619,0.026324879521216316)
(554,1577,0.6926662822080871)
(1702,1141,0.8237741005372273)
(968,1416,0.1309043376026423)
(1461,1244,0.15977147109575462)
(380,761,0.6326569821724)
(510,584,0.06127640596073547)
(419,712,0.3376723605890434)
(136,1592,0.8165410516693468)
(1945,1644,0.532866368209465)
(2080,1202,0.6392697234039696)
(870,1662,0.3717736629958154)
(1606,1632,0.8907589799646661)
(1996,1178,0.27818821656036985)
(1246,1540,0.04453891097926621)
(1379,1079,0.07116091852885964)
(2023,1299,0.670867556588899)
(2235,1622,0.29958925863911967)
(1241,1308,0.33346210993544356)
(724,1219,0.7116215039839342)
(1652,191,0.3535556608265683)
(1003,1169,0.8115438870026918)
(1151,1619,0.52727960809112)
(1116,1,0.05949758521843984)
(931,1003,0.42368380368656655)
(1981,772,0.11009245045304528)
(1929,2500,0.20691571977024936)
(2111,505,0.2398257386163769)
(2003,962,0.6916944787281847)
(1251,1031,0.9554467379899763)
(1234,1806,0.9150843092549267)
(2016,2040,0.6066960981262814)
(649,400,0.40482386075496013)
(1635,1282,0.5631619234228656)
(1420,1073,0.2033743433881683)
(2145,1571,0.07238682943756014)
(1732,1442,0.3989568588402297)
(2253,1362,0.9857063018417033)
(1057,650,0.0758496639097439)
(800,1630,0.6361851319134919)
(1681,1304,0.6526807960813522)
(54,1103,0.9542743461729759)
(1401,1310,0.49629809354907384)
(1,1112,0.07095247564732077)
(1280,2074,0.9561877400215435)
(1300,1515,0.5972780357231077)
(759,1936,0.32270591499529433)
(1313,288,0.9241113115668954)
(923,544,0.07691213209198355)
(453,836,0.5088578695146696)
(984,1303,0.5739718771011556)
(2140,81,0.9889367322382153)
(1790,1580,0.8632974532052484)
(749,1374,0.8428018344933053)
(1642,1595,0.6290323695357821)
(1233,1106,0.28881773663908616)
(2223,1910,0.2391816799792249)
(297,1219,0.7725178669597468)
(1775,1626,0.1031732247053394)
(1828,587,0.3977582915414456)
(979,974,0.039014015780687306)
(808,1479,0.954645556682566)
(1811,1275,0.9489477671817161)
(1755,1357,0.6926626588423507)
(1422,234,0.33401041195478864)
(1708,1453,0.6304202393460107)
(2417,1112,0.630290021314014)
(1373,1449,0.7217885257225053)
(1638,507,0.8085985308443894)
(1322,1223,0.020146541975640475)
(1369,1012,0.4728526422010554)
(909,1428,0.5527634891645141)
(839,1484,0.9407604529164777)
(2250,731,0.08737884492323755)
(1359,2334,0.13432315454231436)
(1634,2467,0.901764295100269)
(1273,814,0.268168797296082)
(1944,988,0.7070771011015385)
(1235,966,0.31224488141254225)
(608,653,0.21388298510284498)
(1,1382,0.49840955469580117)
(692,1808,0.010521539253340983)
(2238,1339,0.5797216080827979)
(1427,2500,0.36775743092604685)
(1051,957,0.9814380452473783)
(2251,1244,0.7090894636506305)
(994,1558,0.7447842567027637)
(1430,639,0.8597056916282457)
(2021,1085,0.17344095085265054)
(925,1304,0.6046369623853162)
(1457,1412,0.33659821247696975)
(743,1399,0.057688964159617884)
(656,1599,0.436825293729171)
(924,1599,0.04137195792939963)
(949,295,0.13976490744653558)
(847,1247,0.04942950385820133)
(401,750,0.4549378917415998)
(1206,1363,0.47019733248556506)
(1109,590,0.8183954268817839)
(1090,1100,0.19888214647014824)
(1228,665,0.4168933438005116)
(1403,1167,0.7775371313531207)
(1729,1935,0.75071622106265)
(1677,104,0.34345386772488906)
(766,2083,0.4075415639868485)
(1353,1865,0.32294209308102406)
(1247,1388,0.8144943560674336)
(1,1513,0.04023496313773567)
(162,955,0.9345303478675944)
(1210,1349,0.5551004374989158)
(1,1525,0.9571477003376387)
(1032,987,0.08664978473296792)
(1839,956,0.3937847513923659)
(1171,1246,0.04304382444755572)
(1600,1655,0.8200921664629311)
(549,1912,0.06370850848439258)
(1551,1437,0.1265272399619991)
(913,799,0.6812874281444445)
(1193,2199,0.1761092834398167)
(1166,2318,0.8510617082399569)
(1900,316,0.9759430180853499)
(1294,2233,0.1435938105884379)
(1112,1798,0.5557501812746758)
(578,1103,0.00634655737034151)
(1113,1508,0.2957383719205333)
(1464,1108,0.30270709467200796)
(312,962,0.34616559968458416)
(2226,1060,0.7766741952256656)
(710,390,0.19709016514666788)
(1590,1392,0.9095727968926544)
(1094,692,0.9189609062920271)
(1099,925,0.8687785831097244)
(2500,556,0.1342481075041545)
(1420,1469,0.6082982386074346)
(1639,2431,0.562050322388587)
(1199,1809,0.3930873932996175)
(1671,1300,0.7001051670784957)
(405,1263,0.7335322968157665)
(1695,1085,0.8866116657114911)
(1415,720,0.5411394351863937)
(1088,644,0.16531671951600302)
(476,454,0.8757932424494119)
(2287,738,0.6446108712833064)
(1229,1318,0.23107202348880196)
(1600,819,0.12976328629981593)
(836,1837,0.3975613042802483)
(1589,1521,0.7383170524264333)
(1558,1950,0.6972938168469801)
(886,303,0.9106468383550416)
(615,890,0.4728950364348209)
(1192,2128,0.0638415215828293)
(1873,969,0.02812709722308937)
(2323,1077,0.36251066458349357)
(64,1528,0.7904086503811387)
(1182,762,0.9203704667919755)
(712,1,0.6474629274135222)
(1518,1193,5.441688665531741E-4)
(2413,330,0.6657281347446735)
(1102,2138,0.535960494272685)
(809,1,0.5227826221401233)
(1516,716,0.5997025852899959)
(586,501,0.33529729424937127)
(265,1944,0.13107049146141014)
(1634,1632,0.5639921211355076)
(1569,1243,0.09918676640559232)
(1136,2071,0.5095716006135428)
(2033,236,0.8163394717996544)
(2021,212,0.9064233252458789)
(760,874,0.9982565411151143)
(930,2500,0.3351373622671454)
(1625,1339,0.3847364633257)
(1549,2027,0.7549735895343155)
(1287,2397,0.27487175599978053)
(1699,2138,0.5601692835933078)
(1445,1677,0.6692484718051486)
(2275,645,0.37374728969473414)
(832,1467,0.538386111060253)
(1603,982,0.6593551860441585)
(1305,1499,0.9396521135991169)
(925,967,0.7201201148461065)
(1041,557,0.005390155796919371)
(1494,1871,0.32212611006599345)
(40,2460,0.7433413219472176)
(1831,343,0.4133034834172633)
(1420,1514,0.0060291798677940545)
(1364,1705,0.5939656365357882)
(2232,1609,0.7998154767993925)
(941,1498,0.4486524514776864)
(1217,1417,0.501192406767901)
(1724,2112,0.9554408441804298)
(1048,2118,0.08454413774850922)
(1096,1003,0.08569932824036164)
(1458,494,0.7968953373798354)
(384,446,0.9972908159657092)
(1807,1749,0.06425917537774539)
(2026,828,0.7404015425888184)
(1281,414,0.05076198939202281)
(1941,2075,0.9030038286703206)
(1963,1054,0.6119555858867566)
(1350,1316,0.7247056686834141)
(2485,536,0.9653361850023764)
(2168,2452,0.0017903814114571537)
(930,1358,0.22352609066152573)
(1282,2336,0.28336303810366714)
(1001,1819,0.7569021595620752)
(267,1096,0.5873541517732037)
(1000,1085,0.21907307822855504)
(682,1524,0.7916025288656973)
(2267,1682,0.7525890666338803)
(1193,938,0.8791831532398612)
(334,1654,0.7236996395540507)
(1198,280,0.38790408218818107)
(2266,928,0.9821603891051949)
(994,1543,0.6441621310209484)
(2500,316,0.6859038211503725)
(1036,870,0.5622072158404768)
(1799,2500,0.2351862682688013)
(1371,1121,0.9587531047958733)
(855,1131,0.5994484633294966)
(521,2172,0.2585486108885917)
(915,1103,0.5608718702305956)
(1076,876,0.5334307306773804)
(1169,1396,0.7071746636967157)
(916,1497,0.4226970530814379)
(2297,1288,0.4339515846153047)
(1035,545,0.9256222934753615)
(2160,1426,0.9091928780588084)
(1315,1393,0.5178307937970369)
(2133,1254,0.38287834654353015)
(1,1340,0.6239970388589228)
(925,1,0.8733565760277615)
(2220,2323,0.35026243978381144)
(1498,1176,0.3739719434256249)
(680,1291,0.9165601369146537)
(332,1037,0.8500132755813832)
(1136,1949,0.6772961724749913)
(689,1483,0.3973524858639661)
(704,797,0.8054267309759957)
(711,1604,0.5645970207010652)
(931,1687,0.29139149460578573)
(1675,2070,0.945884944834615)
(2153,798,0.3100376372508066)
(183,1508,0.5571108884334274)
(1040,879,0.15789250400972654)
(1198,2238,0.8952696858203935)
(1456,2008,0.1157453441355556)
(1760,2500,0.2670953431110439)
(566,2108,0.014658447100176275)
(1612,28,0.9614321895097102)
(782,964,0.3301591552618136)
(1837,967,0.548197241494308)
(1294,1671,0.05010982365931227)
(1740,1237,0.31721963793958974)
(1112,1,0.35217212069863324)
(1536,1712,0.5573868536124423)
(1079,1165,0.4134350968878542)
(2500,1819,0.214411578515453)
(926,1354,0.18554775659792377)
(722,1455,0.840556381938349)
(1909,1556,0.976467613916457)
(1120,1210,0.3155745314652937)
(605,1460,0.20540329814713099)
(555,739,0.3987002924256845)
(1698,1355,0.6377033247475598)
(916,2500,0.14138863347813257)
(2008,1137,0.19079752743078648)
(2103,2094,0.23807421411996865)
(1774,839,0.6839483603654684)
(485,2072,0.9947901839804335)
(1800,775,0.8257879981083309)
(978,883,0.9331973929399043)
(1802,994,0.08726482137087932)
(2100,2160,0.6567634674484133)
(1498,1864,0.9177914391624689)
(529,1624,0.35193996887906864)
(1201,1637,0.6379229887064739)
(1835,690,0.15187431425131326)
(1417,1,0.614287819622141)
(1385,1066,0.7958373246266239)
(1119,1631,0.9380497041233049)
(1267,2231,0.8042864513494511)
(789,1224,0.09914513801553027)
(642,1501,0.7905633966404374)
(865,1261,0.3374997895521238)
(1880,914,0.17222764284211844)
(1314,1554,0.9130767954783141)
(724,632,0.36220268597130756)
(713,1188,0.09260643935846957)
(149,1510,0.23606005058473345)
(2320,721,0.9978692717205595)
(120,1126,0.9225686894896565)
(1778,581,0.9184161033950617)
(928,1602,0.6116898199166092)
(2500,616,0.7484057720193139)
(8,780,0.3933343658972748)
(91,2295,0.5637336151585226)
(468,1541,0.4981953562321635)
(1524,1302,0.6399714538458152)
(1220,214,0.9988301968800593)
(1,1221,0.8970401433928283)
(155,1215,0.14130529289669702)
(1665,1357,0.02572444298328247)
(2072,795,0.4965329979353291)
(960,1752,0.4583197641738289)
(1175,916,0.036001682226501464)
(474,1441,0.5994455446126632)
(1512,650,0.5015446065542633)
(1867,1300,0.7074347300543192)
(775,2006,0.3581501636467165)
(1027,1,0.4924851925913667)
(537,1861,0.49500167636306913)
(1513,2261,0.08173810832361039)
(1903,1,0.5684299998726317)
(806,1687,0.38094804311758157)
(1074,566,0.06858067713150595)
(1169,351,0.6506102547282181)
(1822,1056,0.2877329020240269)
(2175,549,0.5341560976153743)
(1594,1031,0.5964760044015354)
(763,1097,0.26648280159704185)
(1686,2241,0.48259888360542424)
(1655,815,0.970744243014861)
(1600,327,0.29328703466198536)
(80,1383,0.0075115147241392455)
(1772,1494,0.28584718172561796)
(1574,1079,0.32199703457963513)
(888,809,0.4080348896843039)
(1345,1711,0.32764575242988636)
(1828,1374,0.7989540338603792)
(1148,911,0.5985685433598693)
(807,733,0.06432505803358135)
(1216,721,0.37211428956758374)
(1012,1160,0.38383908073573636)
(1,401,0.592961191155656)
(1,2279,0.3351318044094016)
(298,1219,0.44066706118514387)
(1323,859,0.22544744970329345)
(2124,1347,0.5771827039975469)
(1571,2500,0.7296221319822556)
(5,1352,0.4567206064281256)
(937,1125,0.40566977578365837)
(1407,1791,0.8495515813087255)
(1685,1064,0.8663268935492622)
(2119,782,0.7152714303042568)
(877,1430,0.29946649336684195)
(1372,1459,0.7578820851866023)
(2209,950,0.58715507455049)
(1667,1413,0.3401349040550309)
(1767,640,0.6211789257152662)
(1259,2025,0.8060010066099093)
(1657,1123,0.6424110766263664)
(549,1313,0.6280704925002305)
(1538,1501,0.23085592686447598)
(1175,580,0.7747625701080325)
(1383,352,0.018960650783021338)
(1244,969,0.5556651861889019)
(478,2096,0.8124087332329215)
(1280,1523,0.1251071610739427)
(1387,1019,0.5801352790639106)
(1172,1318,0.9562019494595095)
(1547,1376,0.031268904324425084)
(2014,1541,0.06338258226880344)
(1204,1391,0.286508965364475)
(279,1476,0.8522797732565934)
(312,787,0.9250741285243267)
(2500,394,0.03667606298137016)
(1219,257,0.029693146479357058)
(1310,318,0.5583900601367456)
(1246,757,0.7827165442157625)
(2167,1927,0.5345032002115002)
(1,1374,0.390067105041344)
(2022,1344,0.4402326707707206)
(1594,1498,0.8822242206199329)
(1424,396,0.023248086700565218)
(1369,497,0.3681388331730002)
(1884,1667,0.9985329597348837)
(131,800,0.7472072238897269)
(1385,1744,0.4217364587426716)
(1363,1463,0.6178674436279544)
(996,1337,0.6996718146486638)
(1900,1728,0.24530402495625658)
(994,810,0.9286495283851243)
(804,872,0.17214679631204755)
(1677,1725,0.2853044695915493)
(1454,1421,0.2417121869906218)
(2482,1,0.6963741051698146)
(1635,1385,0.5259823286571577)
(600,1597,0.02481617635911848)
(1347,2274,0.7966452467419618)
(1575,2002,0.6329818976256852)
(2062,1081,0.9345819011415245)
(1135,2026,0.598070333886093)
(655,1464,0.513992505166817)
(1324,1967,0.5947720705524423)
(754,1349,0.6960982875439046)
(77,389,0.5904465360882212)
(298,124,0.4717972023143766)
(1710,841,0.552959003969627)
(1729,837,0.7337187287388943)
(478,1208,0.04768705260667294)
(1594,593,0.9606645905891766)
(2055,1469,0.3420673197962424)
(1135,834,0.4938751484332087)
(2297,1448,0.9014600183578053)
(1019,1863,0.8821609151014923)
(977,1862,0.8864690104654052)
(1503,1292,0.2579720979321125)
(1751,982,0.2953971490063587)
(2014,1391,0.7259962354357573)
(222,1529,0.5829523507402715)
(1366,1685,0.2145355363461029)
(892,1812,0.6268223136498752)
(1888,1242,0.5051849528897983)
(1052,1622,0.19979501035266156)
(1180,1834,0.7311889414303405)
(1025,1565,0.9548257429583161)
(440,1607,0.7683437899194843)
(1078,802,0.5174195165956302)
(180,1613,0.3132530972797094)
(1474,1440,0.25380372658241346)
(37,519,0.28249654894237275)
(1572,1978,0.9084070481121598)
(941,491,0.1919764821325376)
(1496,1545,0.9060306718566182)
(1333,1,0.9456589153494616)
(2103,1967,0.8435124496917324)
(1072,940,0.7967131837132139)
(1781,1185,0.27057991842147067)
(534,2183,0.46164242321000815)
(1690,2210,0.3072224582809272)
(1357,1355,0.4059230766191958)
(2049,1,0.5716573797203872)
(549,642,0.5665627742468787)
(1281,1947,0.38401628990011916)
(357,1476,0.619231965089323)
(1045,1595,0.1672309188322929)
(1072,2474,0.18694200858213472)
(1359,2044,0.9787863899316486)
(1955,1828,0.11261437160159016)
(732,1023,0.580027978574779)
(1805,996,0.14490076999452672)
(1339,1347,0.22787607710179691)
(1408,819,0.7753636744510286)
(1886,1544,0.640296590741996)
(997,518,0.07689603083551622)
(933,1383,0.0838127317061822)
(2136,539,0.3906525097055118)
(1382,761,0.9755809058671873)
(1025,1701,0.09376789414226883)
(1959,497,0.40039756431536444)
(711,443,0.22462075575420626)
(958,1354,0.5705397590485031)
(197,1329,0.11457996921800973)
(2500,599,0.32447948119146797)
(1597,1467,0.2678035833469773)
(683,1247,0.025212157871492336)
(1181,2398,0.703053250298437)
(936,1868,0.15925001304944342)
(1859,1309,0.641538188873667)
(1177,1091,0.7723680690926222)
(1569,1686,0.8981713534900791)
(1635,1758,0.6852680096811449)
(810,1073,0.7229860525451176)
(858,717,0.043014012766541265)
(26,1054,0.8179717198498859)
(203,677,0.8467721444111037)
(1096,1171,0.0835571208410043)
(1195,1365,0.38004803719758085)
(1797,1773,0.822864865914269)
(1380,1984,0.9478078567397001)
(1513,1254,0.9692229503908658)
(1702,1,0.23279494554963343)
(2001,2005,0.24438014267551578)
(909,432,0.1213748470273921)
(1251,2425,0.8722706794240722)
(1141,1554,0.7837412813692711)
(202,1357,0.21499650567898032)
(948,1089,0.6595042484919206)
(1303,1647,0.5897266304930558)
(1010,2382,0.10317571087426425)
(917,1424,0.10048597439383722)
(764,1617,0.33847078962883015)
(2234,1081,0.9515686428431385)
(1617,1057,0.8131611487269294)
(2385,1245,0.10676914218990008)
(1351,1386,0.32341216348069257)
(278,1410,0.5158058033969394)
(2448,1872,0.8913743201085961)
(1187,1051,0.7514947855332953)
(1320,263,0.866861155529409)
(1509,1745,0.3546641604620502)
(1620,1955,0.5328858281878506)
(1829,1868,0.7021883367594753)
(788,2500,0.5502322555661614)
(573,1325,0.2291034500798671)
(1233,967,0.866492872051738)
(2078,2112,0.492959955744818)
(1441,1175,0.6425503119828447)
(1301,1668,0.9286907646652044)
(616,1010,0.7195911650521769)
(1801,1234,0.06689404869992033)
(456,1095,0.672632819296744)
(1136,607,0.33405273589698825)
(1272,1273,0.13189932725489262)
(1515,2455,0.43187593954448134)
(1705,657,0.308944045860327)
(2500,1376,0.9999181355861614)
(1846,1457,0.45576022369365954)
(1424,2399,0.29960508229174165)
(983,1588,0.9948858046144096)
(870,1151,0.288591131071523)
(2217,1271,0.7050308968219572)
(1826,1696,0.8694289099249187)
(807,1648,0.2100620141011199)
(510,1150,0.19243524256225752)
(950,1610,0.9551528519534389)
(1105,1507,0.7960424334589096)
(1538,599,0.8431111145584116)
(1185,542,0.2675580773611611)
(1353,595,0.9187249805553153)
(1039,1073,0.5034925078536)
(1801,925,0.4759456369906683)
(1016,1446,0.321669296637486)
(2402,1308,0.7455444133213773)
(1193,974,0.6820059248482939)
(766,2282,0.43484124861930773)
(2447,2299,0.7880852771736274)
(1123,536,0.49293636907493665)
(1012,1317,0.44892958581285103)
(1344,1,0.8450047488090373)
(503,1783,0.9527495980746238)
(1220,1608,0.1380304694063057)
(226,639,0.2006327569684565)
(509,1182,0.23444512243090465)
(1002,1339,0.4011722892120415)
(826,1858,0.9802668083130779)
(384,949,0.29131517936383433)
(1379,1551,0.8805595428292053)
(960,1169,0.3118854440740918)
(1145,1019,0.8459168250818627)
(2500,649,0.7408875831645351)
(1555,1,0.8043181793410884)
(487,2079,0.18764315294471234)
(2198,1021,0.3132408259608016)
(1315,435,0.04196562395692849)
(1595,775,0.30977322086307957)
(889,2221,0.918801262571275)
(1224,1630,0.9472610245986942)
(937,539,0.7431638618227527)
(2196,810,0.5589543327650638)
(982,1605,0.2943393811608952)
(716,1428,0.2451219759967317)
(418,1241,0.644846838554954)
(403,1191,0.4251188749774032)
(2272,1281,0.8596455122027514)
(2005,2500,0.6383686137080166)
(1835,149,0.11896727967574605)
