(1636,1097,0.24133244619304806)
(800,2500,0.12595998461935065)
(645,1626,0.39222626462206844)
(1655,1406,0.2279656458838616)
(1676,524,0.28052394433133376)
(1700,361,0.652181434553608)
(1844,1516,0.05527599730752619)
(1742,1437,0.4314396474801522)
(904,380,0.6176218242377252)
(1048,765,0.06415666467221592)
(2057,978,0.7763652179541346)
(1073,1371,0.4226562988180679)
(895,1093,0.8257199966465811)
(1257,1180,0.7322656226699831)
(1279,1132,0.301387980491575)
(911,380,0.37165346766700624)
(1980,1036,0.71048134259435)
(2500,730,0.7187942674216242)
(1422,1237,0.43161311021767046)
(1871,689,0.36106283530348016)
(891,880,0.09676726406037994)
(1033,1462,0.9095591548693054)
(2187,1562,0.45676439575907724)
(1531,1718,0.6988620102949276)
(1980,1233,0.4744043293339725)
(783,1015,0.37323515942860097)
(1342,1897,0.3901155821303248)
(544,1499,0.23149752097584875)
(1193,1204,0.9232489244902349)
(1115,1383,0.09783058170403136)
(1436,1301,0.8024252285239278)
(329,1184,0.2483999600026897)
(1204,1234,0.37899751280556593)
(1711,783,0.27831963293690154)
(1031,1213,0.5966138451802314)
(642,1817,0.8999003389033792)
(1122,2309,0.6161468389479187)
(1467,1992,0.4252732878016757)
(1796,1878,0.2428613215661536)
(1666,426,0.07069603703241434)
(1487,1863,0.6439917774211781)
(1717,87,0.8064967227625055)
(1104,529,0.8376645158883228)
(2125,1971,0.1506392893777776)
(304,1864,0.46360398242985235)
(330,2135,0.35427543109212944)
(2359,637,0.12938991686447565)
(1953,1946,0.18325925509965635)
(1426,1550,0.7304793730103369)
(1078,1564,0.37304312273641516)
(1770,665,0.15013827779720523)
(1751,1643,0.5177982893147357)
(570,2187,0.5212934179825316)
(1911,744,0.8469510505807648)
(975,2500,0.9093930044993404)
(1075,467,0.3574824797358225)
(1306,884,0.8939190194969998)
(1214,260,0.9318012184683648)
(2018,1158,0.49510442471843186)
(1035,1922,0.42821491320497207)
(487,1812,0.14975400181396192)
(2101,1203,0.7318198636645783)
(1210,2126,0.37132833663508635)
(952,1488,0.2900420553941234)
(1048,1821,0.24492787831609308)
(717,833,0.512150769588793)
(1424,1547,0.7593158231363987)
(550,825,0.9396837872823045)
(2246,990,0.6732122686240284)
(1895,2500,0.4762068484770333)
(2381,210,0.18081565464211014)
(963,1236,0.1827819510188894)
(1033,945,0.6167640644597251)
(1037,879,0.17735174884322558)
(362,600,0.8373966107317988)
(2500,241,0.2089338661058351)
(2295,537,0.033884721286521535)
(2203,1917,0.4812969435497133)
(2168,1402,0.646484897911199)
(1140,1066,0.08190263203941428)
(53,1442,0.8159066561192058)
(916,699,0.49111918833109225)
(844,582,0.23960771851815577)
(2468,916,0.760049682707962)
(1581,2427,0.7767737891149907)
(802,1425,0.5980047305938716)
(1548,980,0.12697216260008104)
(1248,1120,0.7368482632755731)
(2291,2140,0.21316114150970578)
(1020,1363,0.7931803254437577)
(466,1708,0.023244622450670605)
(1333,1649,0.495136350848278)
(1104,250,0.965385577190334)
(1100,1510,0.14939527704067668)
(508,1,0.5967953959953066)
(2458,1703,0.6244188388557631)
(2097,556,0.3974773754694616)
(1203,2327,0.6861140973146457)
(343,1603,0.14070020645470038)
(780,662,0.24910251216321755)
(1453,1522,0.09003915105482407)
(935,2181,0.66541023846349)
(1627,918,0.5258472415232871)
(1354,1649,0.36617424878711047)
(1169,653,0.44802834783595735)
(952,1235,0.32472936144652553)
(1214,1096,0.3258573434174905)
(1144,1288,0.9383815725432922)
(134,1507,0.626354289358765)
(1339,746,0.42446469296489064)
(428,1145,0.3056515630655837)
(683,941,0.8343500563624231)
(1469,805,0.3334131779576499)
(1518,1218,0.9243079401860057)
(1502,2391,0.37942512618013735)
(2312,2028,0.16540269724543033)
(1291,899,0.029264663237553945)
(1799,495,0.07614653967537377)
(416,2500,0.9059784617720523)
(1578,1405,0.4319203029501718)
(942,1383,0.17759227418001322)
(1647,2157,0.5995763718520198)
(133,1973,0.24473448824828015)
(438,1907,0.07968872057244925)
(1,760,0.6854571370335527)
(519,1262,0.7281765149245736)
(1156,1404,0.3386286070079665)
(1211,1324,0.8284835880043488)
(1966,522,0.9780571650003516)
(2252,312,0.4076195818262207)
(1,1113,0.5255021001560911)
(1137,1072,0.8043414537861939)
(116,1018,0.7591873493705377)
(2061,2074,0.46658238165657784)
(1078,921,0.6598398609652127)
(2478,2486,0.17734725307966503)
(1,1452,0.6816575712911063)
(196,2223,0.4878347139437461)
(2108,1234,0.11288178021488449)
(640,1979,0.5261380796533426)
(1462,1843,0.1817520559747572)
(2117,1576,0.015546216261521195)
(1886,2065,0.9166173069437464)
(1344,1322,0.995848499401096)
(762,2044,0.6894974551666938)
(1278,970,0.5320248770462979)
(1001,1028,0.7435986609247262)
(1743,1220,0.3242398206068028)
(1122,862,0.9634724588525299)
(359,977,0.9075370142751065)
(328,1438,0.2984101083250129)
(623,406,0.4536249835149455)
(2224,1065,0.5044232328519552)
(226,1960,0.6328002446250219)
(502,834,0.81222759748403)
(1495,1355,0.10153874700151877)
(1410,1473,0.856151783153864)
(1074,798,0.6474909225596492)
(427,2393,0.6738231475624998)
(759,1,0.4957437583789793)
(1377,1859,0.3810816103342858)
(1958,386,0.6996547657496347)
(1312,84,0.5380308999495936)
(1325,1484,0.2621688618398341)
(1269,1618,0.3884895207429364)
(1559,754,0.4206184508365054)
(1800,2370,0.31434131542301835)
(45,1831,0.9855382515249156)
(1606,749,0.4681539187570679)
(1876,1675,0.6817440117345263)
(850,1002,0.8728736228903193)
(1113,2500,0.6126417028495502)
(1636,71,0.6570014930632798)
(1497,1653,0.06660095087454487)
(1565,1593,0.7827191215155254)
(658,1994,0.766672893270613)
(635,2263,0.4287052142364801)
(1328,1615,0.42383064384779634)
(1520,1927,0.2617210859647783)
(2132,1582,0.5717366736763172)
(1274,1526,0.9961987341542013)
(783,452,0.020430556463520655)
(2369,1237,0.6436556378344833)
(1190,1067,0.3358624843539445)
(1860,814,0.597713131009793)
(668,914,0.17789487127748427)
(1395,506,0.3574064685644581)
(1052,954,0.9965837582702642)
(539,833,0.7318519694586851)
(1463,643,0.39957085834957895)
(1563,2062,0.4116406804276729)
(1675,2162,0.6590193748863539)
(233,1212,0.014395246991424804)
(1759,1453,0.7675256673632381)
(1100,1192,0.25440392365210074)
(1594,1414,0.14177290461382253)
(1336,385,0.3553452234785581)
(1095,1179,0.13815340632640682)
(1719,2143,0.3122136170329166)
(1373,1912,0.9203642646514247)
(2448,1613,0.8185931542360801)
(605,1040,0.7868864026524734)
(1055,2500,0.57623690263207)
(1361,554,0.2094480437644809)
(1991,906,0.9735089790737551)
(873,778,0.1633133250006258)
(919,946,0.17137621292478566)
(1251,853,0.32969655014873556)
(2255,2500,0.3510709037771559)
(1936,1426,0.8151642562515209)
(519,1,0.7541647759977517)
(1491,1331,0.836725768609516)
(1656,1321,0.3595798824131333)
(632,754,0.19934182209717732)
(1871,1332,0.9872438867266337)
(393,993,0.6081059297382351)
(1813,1364,0.764629753672369)
(1485,431,0.8515151232811576)
(1841,1733,0.09876998574307538)
(1423,2137,0.4912623879613378)
(1401,1422,0.1583818041330114)
(1061,1116,0.8839540735808759)
(660,307,0.0909320454081125)
(1985,1976,0.008235996037115889)
(741,945,0.28917279616055347)
(1274,1206,0.11195709346041505)
(157,1714,0.6630687980724635)
(1563,2121,0.3740866246473571)
(426,2085,0.26051374136363115)
(581,985,0.21694723766040924)
(629,830,0.8865790095918147)
(1105,1281,0.00542496365106937)
(1451,1086,0.6249515966190605)
(2378,1775,0.14401340691749331)
(396,2160,0.008458789980379966)
(1103,1691,0.39744615188812693)
(1874,2107,0.6335508467486709)
(1603,930,0.44662659358581924)
(310,1189,0.7786610860585771)
(1770,993,0.31796927056046664)
(1487,1009,0.9435929244728524)
(1460,891,0.06969539211909781)
(1011,1823,0.04493605601801953)
(290,2042,0.08585262884793365)
(1470,1139,0.43602630411997956)
(1927,1220,0.6025859125742057)
(1352,606,0.5567079441018699)
(1901,1058,0.27782145080702925)
(1196,2252,0.4177804371777102)
(1316,803,0.7825122696010864)
(1651,1681,0.6455974891947431)
(1563,2500,0.9787689490339879)
(1416,2500,0.44630792048663803)
(975,1526,0.9309412541946822)
(653,1708,0.4908643091407635)
(643,1855,0.13018481947730287)
(2163,1157,0.9512385863763249)
(948,285,0.5480183499385967)
(388,1203,0.8248801804443522)
(1366,1436,0.08866779399376312)
(737,774,0.4918630314654613)
(1812,1743,0.7841243939175877)
(1817,1338,0.46307580718400265)
(1136,1491,0.5341817320216673)
(1,1977,0.8503969535214699)
(1923,1531,0.924971446751667)
(1599,1391,0.4837556875896325)
(1695,1874,0.3610890929219752)
(1771,1780,0.3481219810923305)
(336,1324,0.8580333717783738)
(1072,1608,0.6146862655748134)
(1035,964,0.8801914054168537)
(421,2253,0.9431894657405605)
(2500,2110,0.7609329679187722)
(660,195,0.971971180758039)
(1478,796,0.8834214291942002)
(960,1834,0.6908439776915767)
(861,1072,0.8942082204453043)
(1158,305,0.4132377662528699)
(2500,1928,0.1567832577162056)
(1317,1022,0.1178251819808599)
(1689,2500,0.8690726613286767)
(2139,418,0.4887630013968123)
(1251,1693,0.3407292870215771)
(401,870,0.9729379415721141)
(2430,1551,0.7462017459094165)
(905,543,0.7160602783597961)
(1604,158,0.12695960117841443)
(1448,911,0.11184093243338433)
(1058,1142,0.6187513513676506)
(963,1378,0.21686034241064744)
(915,1332,0.7434904267684371)
(1031,1822,0.6869295701263839)
(1407,761,0.20857463860897252)
(1221,1729,0.24108869351196116)
(1763,1109,0.7272120312477378)
(1,1254,0.9310358554519612)
(1182,2500,0.7936837057684843)
(1,393,0.09673225039581568)
(406,989,0.46660653751739256)
(2169,970,0.2842113567353426)
(1880,837,0.2281880110670388)
(836,1519,0.9118915075399343)
(818,2466,0.5523467121064505)
(1801,1699,0.3788795577649985)
(2190,2476,0.5378526793876297)
(594,1919,0.918299031544474)
(434,433,0.017461200544005018)
(1065,737,0.5445053680573253)
(1446,1382,0.3829682961183881)
(1055,1293,0.2247954351305136)
(1345,1613,0.799473775827855)
(1146,1735,0.12645216361328848)
(2022,582,0.5904128997564984)
(827,958,0.4107347642597662)
(1922,833,0.267292443206934)
(1866,2229,0.7280249363495321)
(2500,1515,0.41215299725838717)
(1812,1761,0.27865562973600844)
(1021,1377,0.520723701676601)
(1684,1196,0.9446691333886695)
(1264,1643,0.5375503474328485)
(2010,1656,0.12542846830347942)
(1241,2265,0.5030159950738239)
(966,1173,0.7877228417105793)
(1552,847,0.657125968921274)
(805,2222,0.5881068708576946)
(1566,943,0.3611135894597237)
(1394,132,0.8128955150644525)
(157,1574,0.3463192836180975)
(732,1150,0.7611540249657334)
(1300,912,0.37035402388096983)
(568,1997,0.07038954505865014)
(2500,717,0.9767343348665175)
(1723,1537,0.19936191555584293)
(227,645,0.002137935553287229)
(930,1183,0.6433954346761641)
(816,996,0.14021816318656644)
(1403,191,0.2965587315399947)
(498,1005,0.4334683386575825)
(1205,1035,0.8304476103794292)
(682,1289,0.6574733858418581)
(1446,2177,0.7536612851508669)
(1178,1924,0.7840695734581739)
(715,1165,0.28845512949653473)
(762,1189,0.07152851316555975)
(1446,462,0.6694118086592584)
(1915,658,0.6540014430649476)
(1,2048,0.5110650758562778)
(287,1807,0.2510715103996979)
(1151,959,0.9811871240193561)
(1067,1374,0.18367900389551284)
(2096,1097,0.06889035795762277)
(1697,550,0.6557656352440832)
(1719,1816,0.868885394977822)
(1663,729,0.5641921107845518)
(1063,1074,0.4080036533156053)
(1558,689,0.7887865710697166)
(1428,1647,0.3661013955562462)
(1739,1656,0.21639131488520436)
(1104,1013,0.09160210620406561)
(943,279,0.5203824055532967)
(1,1590,0.5514303783253404)
(1353,2091,0.8593411085164998)
(1598,1549,0.507010093268292)
(1538,1679,0.9738845692080262)
(455,266,0.938519854201602)
(1295,2102,0.2663586011650112)
(1141,1061,0.6607582648469652)
(951,1002,0.11086449074262006)
(961,929,0.9936235145835708)
(1666,1161,0.6715112878346066)
(901,1745,0.21109105924878602)
(1341,1247,0.5033991576605594)
(972,938,0.25981153650269406)
(353,1157,0.34822234242010275)
(1214,1527,0.06360629920268623)
(1870,2302,0.1865727244392167)
(881,1137,0.9389257767812801)
(406,2181,0.5181023359875604)
(1425,1669,0.3638290568639321)
(1759,1370,0.8809611393432204)
(887,1022,0.3186435861403515)
(1160,1,0.9772493753714313)
(374,464,0.28266659218001067)
(2109,1786,0.12315056027103222)
(89,1140,0.03428119499748239)
(562,1531,0.367410861512665)
(1750,871,0.5625812794223694)
(2183,2044,0.8694266906112276)
(1625,1283,0.6639163414859)
(453,1368,0.8514086912100852)
(1431,1316,0.6825829389129805)
(1954,1077,0.40548177815081177)
(1866,1241,0.12739411934346)
(1559,2172,0.9677650543496841)
(2064,1103,0.0029290183271705184)
(630,1,0.8549290414542562)
(1662,2500,0.9194941968666636)
(1510,1194,0.23111757269289668)
(2375,1132,0.37945038739854786)
(2277,186,0.33232555055705293)
(444,1881,0.02805270614873223)
(1537,787,0.9031171320203679)
(2194,1120,0.8308163600115247)
(720,632,0.9407308587162361)
(1468,1903,0.7098918400793135)
(1215,1364,0.4467349741074039)
(1030,1313,0.8525483216859038)
(1128,811,0.033793652129400664)
(937,1345,0.10833036040507704)
(723,607,0.833809344520536)
(2066,1156,0.8550467590908523)
(1,816,0.7377076518369671)
(1064,1600,0.08359527036738257)
(2124,1788,0.9552916111658748)
(902,1096,0.33433344629041617)
(1346,1405,0.22559144848078594)
(221,1860,0.6105922466047364)
(2500,2000,0.6244593652499384)
(1756,540,0.7790396009221188)
(492,1329,0.6969420190336904)
(1697,1007,0.6245714363066792)
(1011,810,0.16614552618110823)
(1870,1570,0.4569703107705241)
(1663,781,0.6329619215975792)
(1568,1243,0.0932301554452083)
(1,1744,0.5052471398392303)
(1,1121,0.9552928425880115)
(662,1255,0.17159917954684756)
(2136,1432,0.5216751252485408)
(891,1347,0.2722746632615416)
(1598,1692,0.7752786084287903)
(1172,1338,0.6356216211125971)
(796,1751,0.7768722141216664)
(1056,2081,0.5620607658885396)
(517,902,0.8234799643202882)
(2024,1249,0.5842214968418039)
(2069,1549,0.32531674545801936)
(1214,1636,0.9945081816546737)
(576,572,0.16747389119470502)
(2239,102,0.01754769723511418)
(1934,908,0.5126864189812206)
(377,541,0.5183209971002215)
(828,1749,0.20118616579987592)
(2320,786,0.7995974272448124)
(1033,777,0.6358840497537159)
(1540,1741,0.3808300906212496)
(1296,1,0.6579747437531005)
(995,1471,0.679273649425087)
(1508,2084,0.8189419175180986)
(1333,587,0.6737223851572798)
(1649,1181,0.29429150494422884)
(1384,1411,0.9884655427477347)
(1,768,0.3868894343925454)
(1075,1823,0.6172481697747292)
(1419,1335,0.6112700934764244)
(1802,1188,0.37823653703800786)
(868,717,0.19271551131953812)
(624,1324,0.3269880931881268)
(1203,2500,0.16298344070685467)
(1256,984,0.9640676099408153)
(2500,482,0.6476870431538548)
(2135,1431,0.6565531470780614)
(1635,919,0.2309115493493853)
(1588,1450,0.23859191818430725)
(880,1327,0.08042290930367335)
(1739,2466,0.49350349457502984)
(1912,1791,0.8245172142750596)
(1534,705,0.22399076104008164)
(1245,1609,0.07732211533699263)
(1495,1752,0.8007101381826932)
(694,1605,0.5182758530568402)
(1147,1941,0.44864894381068743)
(965,778,0.5254394523366004)
(1335,1473,0.6102050055251692)
(633,900,0.39816663308270817)
(676,1118,0.48069014486568173)
(1868,335,0.6567541330406826)
(1082,1,0.14924915523336713)
(865,1599,0.5872918865724813)
(1039,1029,0.45389752552664664)
(1934,2173,0.4589118599638904)
(975,454,0.9930597774313547)
(2466,894,0.12533875884304457)
(2165,656,0.8789973221170928)
(1676,1718,0.9182973970486155)
(2353,1117,0.7328685099852931)
(990,168,0.47160846312411797)
(1925,1951,0.290524475326295)
(1620,783,0.9731254157535343)
(1781,1735,0.944865007207175)
(1665,936,0.3686378767049391)
(276,1668,0.7252467912852646)
(2128,1397,0.18742603679273007)
(362,107,0.9360946808044963)
(1303,288,0.4422005793257672)
(2203,574,0.7992408977220045)
(2327,2064,0.6668420000836096)
(567,2096,0.8650009883207148)
(886,1151,0.4652901055471026)
(2083,1615,0.11463017814300291)
(1135,1042,0.4993837657405179)
(662,1358,0.6287157308823559)
(621,559,0.4902517209345424)
(2500,1399,0.4894152659584018)
(1230,623,0.9017601271089442)
(2500,1469,0.5904646490535868)
(533,2164,0.7401562749518135)
(1671,1193,0.5391869675869582)
(126,1716,0.703089268983857)
(1,1830,0.830564956069793)
(1970,1397,0.5315860512341506)
(1122,743,0.14209132260191848)
(2,595,0.45048068050608847)
(1919,1378,0.42317884712875786)
(1566,1,0.3163835401639855)
(1192,1437,0.18961078659501707)
(2043,1048,0.2276517119086211)
(1721,1574,0.6915594032200904)
(1093,52,0.05884756198739849)
(919,826,0.8217783113546405)
(336,1971,0.17436113407431308)
(912,2500,0.5386148942233244)
(1879,693,0.3037106942908282)
(931,1762,0.8307927574889884)
(1344,512,0.046474379474908734)
(535,1653,0.6061656317789205)
(1,1110,0.08802638638109228)
(1291,9,0.7543360934927812)
(1922,1053,0.5114261100004199)
(664,629,0.5575930551069493)
(705,747,0.2868053819803048)
(1578,594,0.868154307452264)
(880,1127,0.485884945133938)
(830,1807,0.8913029084954025)
(2258,1369,0.6563347050621033)
(1035,231,0.4438150154211853)
(1756,1149,0.5171665749992564)
(1301,1552,0.8700116411822553)
(471,322,0.2347782671896147)
(1122,1714,0.8096198726131054)
(1863,1998,0.17207717897660524)
(1359,1504,0.32831086618285465)
(1869,1288,0.08586154231987952)
(612,1790,0.5442635474279174)
(2500,1171,0.4941544574271808)
(2091,2332,0.49714999831300666)
(603,321,0.7033528096048222)
(1573,12,0.9314462818121045)
(884,956,0.1649212266749721)
(1827,1554,0.162709313433692)
(1457,1058,0.5949274427182846)
(1358,1244,0.4345233027060854)
(2500,1444,0.14096443550966586)
(1554,430,0.7093885241438946)
(845,958,0.4829428491823987)
(1407,1054,0.22322626377870247)
(543,1281,0.6818518420266496)
(1588,2035,0.7683832630794997)
(892,920,0.8967019913037197)
(789,1176,0.8136938789239315)
(2199,1571,0.9441211100934679)
(1557,1453,0.02151998652457343)
(533,1482,0.6968506346949291)
(1701,174,0.7704694178473023)
(189,1587,0.2044051787631712)
(2306,1405,0.7827493526250158)
(934,902,0.7186616175379005)
(1366,1740,0.11495389403206524)
(816,1657,0.5866947428893584)
(1192,1006,0.590993790241713)
(808,1424,0.8011728297809382)
(1725,2017,0.927063295664208)
(1279,1761,0.7833279005159932)
(1119,116,0.15326377421384396)
(2091,2207,0.25586617536144274)
(2202,2064,0.6407016251377751)
(1539,1791,0.9705545362189889)
(1688,1096,0.08884512781960308)
(1967,913,0.004983123276509738)
(1105,1296,0.35137319061243444)
(1270,1050,0.038874710913037624)
(1913,2094,0.4008099311803077)
(1548,1457,0.3993720424603149)
(1026,1764,0.7060519229552278)
(617,1823,0.6178768988006426)
(944,1324,0.074861892382028)
(2444,842,0.41691905908574056)
(1754,1064,0.2670827240483268)
(1103,770,0.9631690457556182)
(2500,2227,0.9390005509689969)
(1444,1578,0.7686242944654428)
(1429,1193,0.45149751895481116)
(1931,1036,0.15074890417912035)
(1098,2500,0.3413801107811728)
(692,524,0.4310619057334294)
(1205,1044,0.5146674238416611)
(1,1696,0.28285766049714534)
(613,1496,0.19362178032292432)
(150,1074,0.1195784844521065)
(1284,1097,0.5801914384882282)
(972,1164,0.279832681159499)
(235,1200,0.898354729797651)
(1783,1178,0.9554088585194621)
(1275,346,0.056394721982966245)
(1853,614,0.8085707849213014)
(618,877,0.7057697831294951)
(39,1015,0.8918618415777728)
(1294,1990,0.5643168555921764)
(502,619,0.3393642602415733)
(1158,1870,0.518462271496989)
(411,1409,0.3872608584488164)
(131,895,0.728961345182172)
(2359,514,0.10301453079250111)
(1360,1242,0.8218105720433236)
(349,2290,0.8085899176578861)
(310,1115,0.306926885762547)
(409,1476,0.5783812322674299)
(1870,1857,0.638709572598413)
(2500,1970,0.702561328349452)
(1176,1525,0.3327032222649451)
(630,1014,0.08731170211050077)
(1439,1732,0.2773772041344078)
(792,1818,0.2743434921296545)
(2066,704,0.7912806257696274)
(2059,836,0.7266022952983763)
(1694,1316,0.6329506436428194)
(874,385,0.9962325831208544)
(2084,2002,0.8030514109770719)
(646,1199,0.06517489054886383)
(1208,1,0.3708245863345926)
(2074,62,0.5279334395586578)
(1601,2500,0.5728060903434685)
(1649,883,0.2569873729716826)
(891,2500,0.7475650810020693)
(1245,483,0.1304461307856395)
(855,1101,0.3941864765661882)
(1496,1332,0.3920840753076036)
(892,1439,0.16033488045452093)
(1830,1856,0.2854226358654435)
(1,537,0.09799308129561879)
(827,1215,0.5030406049553102)
(1509,7,0.6300959077967541)
(1748,646,0.21450645604656693)
(2500,1228,0.5354058936105455)
(1312,1492,0.3090022546934609)
(1677,2125,0.8542503217210651)
(1540,1194,0.8217235158869698)
(1714,755,0.8656233427133582)
(826,2053,0.2929127406046188)
(1541,342,0.2834464225730743)
(1821,2263,0.6751371937332099)
(1229,299,0.1985375190573604)
(1449,19,0.293747219019032)
(1588,808,0.9982294227976736)
(542,142,0.45733685039388183)
(997,1940,0.44501046442164993)
(997,1539,0.4893463014706211)
(646,1063,0.008260871675197623)
(1553,935,0.3569107614167437)
(1327,1675,0.9326058103750084)
(950,870,0.43789329022367296)
(882,2007,0.5582848271028751)
(1025,1289,0.2365553734979392)
(1501,460,0.18281280513937892)
(815,990,0.14365236289828287)
(955,932,0.28750316621080274)
(242,1522,0.9948173045253835)
(702,1170,0.9367559653152403)
(736,1,0.31731028637206427)
(1649,1444,0.6285675267879517)
(1382,642,0.14322526403701996)
(1080,2372,0.725303366926371)
(1922,2351,0.6871423560698431)
(2306,831,0.44881031088705836)
(926,986,0.9727093527079055)
(213,2500,0.6039699681780413)
(594,1800,0.37331079855165494)
(1406,680,0.7717471670271631)
(1265,1280,0.09799021705572675)
(644,1068,0.11988864840180835)
(1255,1112,0.9236474773965042)
(757,1744,0.14733824313528499)
(1188,1493,0.7563210580201595)
(1158,873,0.5394789627642425)
(744,666,0.5385758300167222)
(2271,749,0.5118542899985541)
(2187,931,0.2073125533626189)
(1080,2009,0.7202886692487849)
(1430,758,0.8538126650524791)
(1613,856,0.06251243088134639)
(2107,2500,0.9349160619528836)
(2273,1462,0.5826637313802218)
(940,317,0.0042280710190635284)
(943,2500,0.1863346509154371)
(847,1154,0.8725459036246854)
(699,1522,0.05105234439690354)
(1537,906,0.9864120387222456)
(2500,322,0.40916673485070887)
(1132,1498,0.24271622156524175)
(947,888,0.9983372383362344)
(84,2500,0.45541518238738576)
(1322,1655,0.5504396556860617)
(1368,2058,0.04009250382951135)
(284,469,0.5940451941744634)
(1532,1756,0.3895791889329051)
(1702,675,0.53296292828246)
(932,905,0.7584223726510333)
(1953,1143,0.5139929860058773)
(715,271,0.5542655889857718)
(2500,1509,0.47882719548769415)
(1755,725,0.3470048224843818)
(1647,706,0.45900706396733937)
(410,1228,0.15707649513952826)
(580,537,0.5369133512071298)
(1145,1002,0.8440042922995651)
(682,966,0.15362059616537782)
(1806,1381,0.958485606483057)
(1516,1616,0.011346214160505741)
(1551,468,0.4080298961589197)
(1371,1597,0.05860928404859522)
(2500,1046,0.03353412545953949)
(947,581,0.3795041552357571)
(2099,1426,0.5337627039833553)
(440,603,0.34989682056199856)
(1268,1290,0.4420262176082508)
(677,938,0.39816238437393925)
(2167,1655,0.8570365188691741)
(1911,1560,0.7231656446270698)
(1385,1083,0.18228694193059136)
(1320,2430,0.20621976371800788)
(1917,1,0.7864588593527608)
(520,1444,0.9406511776676008)
(1744,1208,0.9180672201936418)
(507,2146,0.05359325910841195)
(2500,1012,0.36406977946050845)
(1747,627,0.22911117942365655)
(953,1049,0.01844134471177683)
(1194,2052,0.3082755073380308)
(1242,153,0.651154976187244)
(188,1658,0.5454619346666988)
(887,1128,0.96716448565828)
(1671,1968,0.3266895590192338)
(1413,1242,0.5280742085098133)
(1703,2086,0.30100550991328023)
(1409,393,0.4240982096950279)
(1518,1537,0.27694550929494166)
(2089,1639,0.5905956972735634)
(1251,407,0.3408622273605231)
(1022,968,0.3768672444666483)
(1226,1209,0.8897895850030098)
(1026,956,0.20812354185527027)
(1362,1333,0.5931618465134136)
(1800,1361,0.6213650708379698)
(1447,1827,0.22403698770396085)
(1956,1506,0.083529642614803)
(562,1,0.7786897634672832)
(1261,2186,0.9538161781963114)
(1396,399,0.33011044364831177)
(1737,1348,0.02724633063136872)
(1389,1160,0.6064808553144492)
(1365,540,0.17300020724580922)
(1254,1489,0.18617548408082563)
(1736,1825,0.08400266918363464)
(1287,791,0.8689355912763698)
(1082,1227,0.0018749367239169201)
(477,1226,0.4947891503289783)
(1503,2247,0.8637110038799607)
(765,2291,0.9595638667525199)
(1299,2500,0.30490298663212556)
(1082,497,0.25872297331810434)
(783,180,0.9144021414314203)
(340,2209,0.9547349391543214)
(312,965,0.6612547119078708)
(1687,614,0.10113992088756707)
(1132,1504,0.7626499000814434)
(996,788,0.4688156494200264)
(1832,1368,0.4324016351813553)
(1889,854,0.49249401041992136)
(207,908,0.8039668240063064)
(475,1030,0.5459033499488057)
(1879,1275,0.3000388961046897)
(896,559,0.34012242753036714)
(333,1188,0.8512802346710922)
(442,1458,0.9332760805931355)
(883,1757,0.3498854278256486)
(991,1540,0.12979276694046082)
(195,613,0.2504675748202738)
(1021,140,0.7989490338502981)
(1241,1511,0.7085188500396791)
(247,1,0.9744558498550316)
(1551,1071,0.6597494515420176)
(1287,1984,0.1020208215693057)
(1328,1445,0.7025461398040916)
(2033,1645,0.333886318710645)
(1776,1819,0.9154981455471304)
(1563,1520,0.4421036362629702)
(1936,2289,0.6022715674092131)
(1535,1118,0.5971754822427116)
(1,2106,0.5444052035001328)
(726,2338,0.05618687644792597)
(1494,2487,0.8320158729473563)
(2008,2031,0.5342794579895451)
(1845,1733,0.45427299626528883)
(1203,662,0.06235859472200356)
(231,1491,0.13588825215779898)
(1148,2454,0.35999652116290315)
(865,1297,0.8485908290378685)
(1434,2206,0.5395984300312573)
(2243,1878,0.9994860265980755)
(1235,1005,0.9726176682152342)
(1100,1872,0.9150942076857019)
(664,743,0.5700356870793096)
(1641,1706,0.48741283760565624)
(174,1776,0.4569251039152382)
(1192,448,0.08774079405950452)
(1641,1727,0.7032589262504151)
(734,1227,0.7419854876113396)
(1465,1994,0.8772795633751046)
(2428,2144,0.3161705777522764)
(882,947,0.6604834855093176)
(1421,960,0.3000768244953088)
(893,636,0.1748277444293459)
(494,1604,0.3960385204568613)
(1523,1660,0.7269672181051777)
(1602,1454,0.16654343347927592)
(746,1551,0.0825891054010861)
(1128,1056,0.8447954163839253)
(1175,710,0.98518446424384)
(1299,952,0.606787104154614)
(1588,1081,0.8523201483129568)
(1920,1178,0.45873977424948975)
(1004,1035,0.7864074311239709)
(1630,1266,0.4337242986913381)
(497,148,0.7366333698254356)
(333,1753,0.49987936933518307)
(1320,809,0.71688831464973)
(505,1128,0.8245930475512063)
(698,919,0.06086208976360219)
(1703,183,0.08827699546092915)
(1925,1043,0.8238234067802059)
(1073,1440,0.22613791185201826)
(1571,1775,0.043476527614674465)
(735,462,0.964901256955546)
(1962,637,0.7225423886340387)
(1317,1170,0.5488288907058232)
(1865,813,0.44321688490448885)
(1968,974,0.559721569345926)
(1588,941,0.5367640353301945)
(1786,1436,0.13056941770532282)
(363,1638,0.008392619188185124)
(1124,55,0.6422143731315316)
(152,1796,0.4921945781081656)
(472,537,0.5439654123800864)
(913,1160,0.9502569882547409)
(1007,1303,0.8807244443844447)
(1227,1035,0.25305004421451527)
(1037,351,0.2538759329649408)
(567,1607,0.1508253732893906)
(1124,1652,0.13006276140328665)
(706,760,0.9929686333717613)
(686,1828,0.20258221475853666)
(2044,1230,0.8554531805661358)
(1326,1250,0.10727833825577116)
(1778,1471,0.2566129086821457)
(948,937,0.8330440885891571)
(1825,603,0.8056514496985805)
(1430,1179,0.04367172351416537)
(615,1213,0.369614029999467)
(789,1289,0.20807961006913)
(1538,1866,0.9705506041156666)
(1722,625,0.9075002268574466)
(324,776,0.9699803464783465)
(1958,41,0.757746106973873)
(1369,658,0.10586441248602307)
(1384,220,0.896369719908992)
(1297,125,0.41778338684102856)
(1092,1540,0.13216982065735539)
(646,1492,0.49695722821332533)
(1317,1711,0.7928847412892185)
(1703,2500,0.08336196604017387)
(1603,1240,0.6125345789491103)
(1168,1669,0.8583559825611105)
(1267,1208,0.10759108178008892)
(1230,1513,0.39540913510762743)
(1320,911,0.7526778455845256)
(2046,1263,0.22788328335921448)
(1273,1527,0.3256679946282022)
(1915,1897,0.6230989289860391)
(1615,1422,0.5043059545898932)
(1769,1,0.2636204509271505)
(1,1969,0.6883982395810861)
(1281,1282,0.1838826767109496)
(943,641,0.0936879675266803)
(842,1046,0.09126885166705001)
(1445,1173,0.5053916620858045)
(1245,1256,0.30264539738658836)
(2371,1,0.35537161354978775)
(1552,1206,0.31994269613653226)
(890,1068,0.5470935903210519)
(1802,1358,0.5553875245148319)
(733,258,0.9455912758645372)
(1128,2004,0.002414380854263265)
(1026,1446,0.7646951303295995)
(1452,349,0.24943096617070581)
(749,402,0.8516826372937768)
(2100,1217,0.37040579542214624)
(297,2500,0.3388267413568178)
(519,938,0.6314443049738764)
(2062,2237,0.5190724995578936)
(1750,101,0.7874977518975371)
(1279,1571,0.21100247110092496)
(1010,445,0.6796234425815827)
(1,2500,0.7592790144838895)
(1135,392,0.3802728487750098)
(1563,632,0.20463331328164247)
(1036,551,0.34609037963013)
(941,1176,0.11062383341671211)
(1213,633,0.6213425283491136)
(274,2075,0.9743070867652328)
(1077,466,0.8392289246146993)
(2434,1637,0.4840032925942531)
(1475,1257,0.3002767351605309)
(1681,1026,0.7680350360497116)
(836,1,0.562449992354372)
(1,207,0.8696343002047554)
(978,641,0.8982076002079842)
(554,1736,0.7197616869230234)
(346,1185,0.6622143909060814)
(1128,1249,0.35760346618836825)
(1049,2030,0.7306830443953483)
(1586,621,0.9136158077790252)
(719,721,0.9231229460188983)
(2147,2340,0.17919146028149147)
(1700,1535,0.8073173376582395)
(1285,314,0.7454278235821271)
(1019,1155,0.009832533050139536)
(691,1058,0.18450463960158447)
(851,526,0.04416265385350082)
(2068,667,0.9452620863584393)
(1232,959,0.8853010727047189)
(586,1617,0.3040276441933878)
(1225,1263,0.48802725112247924)
(885,2074,0.4747821569870885)
(182,1792,0.8026750821688703)
(1768,2004,0.5853728800085763)
(2313,803,0.056011335474635104)
(813,718,0.33099498528301063)
(1627,593,0.688077603046023)
(630,1016,0.4900826840254747)
(1476,874,0.5563781766839659)
(1832,1309,0.22898233426145198)
(1413,181,0.7545785158267098)
(1286,1833,0.387897788715607)
(54,1701,0.4049954034386217)
(19,715,0.25692323932234185)
(1023,2003,0.3932600208498628)
(2049,2423,0.6234392139388438)
(1826,1454,0.7629333542651773)
(1282,1593,0.9350001972969229)
(598,922,0.9603479781092492)
(1668,1415,0.08883322117910308)
(848,580,0.5673451914227045)
(846,1471,0.3114260136523681)
(1222,587,0.022565189405011954)
(388,1254,0.08925824367628798)
(405,2046,0.35931100424678175)
(59,1634,0.40932762945222856)
(413,1001,0.8340789337723888)
(1759,1478,0.7427328070469282)
(1120,1300,0.2627024164097491)
(2321,2249,0.9623423164048894)
(735,2353,0.38010229143651386)
(2341,724,0.4702759690977848)
(1,2061,0.8504784213337477)
(1431,973,0.2331504763441551)
(1052,1660,0.8649195633807489)
(1346,961,0.7557297877992317)
(924,1025,0.44691212494841026)
(1315,1362,0.08062276760643305)
(1063,1531,0.5861473138016529)
(1268,1352,0.9220193625402687)
(1288,1043,0.8924528060174421)
(1090,1362,0.24734330540815364)
(556,754,0.2728168789066294)
(533,208,0.4265677952834128)
(967,1960,0.5115930111031164)
(1420,1367,0.7744375405235884)
(1439,1159,0.0984891830665181)
(620,905,0.6175542420215635)
(1235,660,0.902320641446775)
(952,1445,0.6251137786985101)
(1299,1869,0.3379512462261638)
(676,2500,0.954368677819823)
(778,1815,0.6769734000171996)
(1267,1293,0.4665632040412051)
(874,1866,0.12926177374757986)
(2389,795,0.5604117541316681)
(1091,715,0.07402822871992254)
(989,1820,0.77288844764333)
(1,1877,0.021075772527559655)
(1335,2047,0.6080306314615727)
(1536,2202,0.6104604451541485)
(857,2047,0.6896899651466512)
(2500,756,0.9823068283258679)
(1778,219,0.02464986108779932)
