(589,1842,0.9188010464877842)
(1324,1552,0.29298811669708336)
(1522,1385,0.7551169712878595)
(743,1,0.10904177254910175)
(976,1047,0.8802597611478576)
(1632,2079,0.8978611645694485)
(1771,1074,0.06522828073761089)
(582,202,0.9703350570164503)
(395,520,0.40693159279250657)
(1029,1387,0.4804334981466559)
(1377,2029,0.6592406534591208)
(405,1445,0.11230254030720854)
(1069,702,0.0544857708156008)
(1738,1967,0.5555657739263734)
(1554,720,0.306697299008046)
(1181,1071,0.9936070290571535)
(548,1152,0.8087418451256072)
(754,501,0.8301935362570817)
(1530,626,0.6035681029267553)
(1272,2183,0.6455134317300811)
(729,2500,0.8885708547548167)
(688,644,0.4332428955045028)
(571,1033,0.9827626051513841)
(1198,518,0.008749341538814903)
(431,22,0.8333288205113438)
(472,1241,0.3839606471424044)
(2108,214,0.2703149888949995)
(588,1069,0.7656128100498288)
(703,1914,0.5476369541072329)
(1220,273,0.5852421903891428)
(805,1407,0.9792441342802582)
(679,1724,0.48687131866603783)
(847,1645,0.7471599659235273)
(2093,2045,0.9716605886257454)
(1772,1181,0.2844048654293413)
(1214,2278,0.75240806324317)
(1420,248,0.08530659613478342)
(1609,730,0.1075503932687103)
(1532,1560,0.10533191990890611)
(1188,1966,0.5581774144324232)
(1310,1356,0.6963198687128733)
(2325,1401,0.09481675086080588)
(1772,835,0.1011624710807082)
(293,1329,0.30853185012678297)
(1067,959,0.8768741449008992)
(1460,1886,0.9400685591456757)
(1,1096,0.5636984597600115)
(734,667,0.14634865521758167)
(2500,1944,0.8205784416098137)
(505,1077,0.06492263802885867)
(1951,1255,0.3861780519236514)
(2180,1373,0.9127841423676828)
(1101,2500,0.3708623912172866)
(1114,346,0.8888299721991783)
(2059,1347,0.15604637019463963)
(2131,1533,0.23452062568952303)
(595,1139,0.8843707100494169)
(756,506,0.9684541703932633)
(1324,992,0.498000419579968)
(2039,1351,0.18131080424303148)
(2160,1705,0.24643533444311527)
(1138,2500,0.03877535796459819)
(1552,1407,0.7482191788789994)
(581,750,0.14681367050867034)
(1272,1698,0.5125968583574766)
(1098,2173,0.7398813635580802)
(859,1262,0.6405111966669419)
(1237,2091,0.5962013034545871)
(1336,1763,0.09188211745170893)
(2192,2358,0.4472395337403655)
(1550,1854,0.34631866291803903)
(388,2332,0.3778607069036185)
(1488,1071,0.8486503601205069)
(1751,716,0.8007809246882938)
(1837,1435,0.6895372095723383)
(1541,762,0.26302506651116053)
(1353,824,0.16225634673926492)
(1104,547,0.545967965504858)
(1778,1790,0.7242761781504389)
(1596,1315,0.9087271052619833)
(1386,1,0.8776911545186569)
(1000,1620,0.5372017041547115)
(1257,1138,0.22894250265580274)
(292,293,0.7383657387771211)
(2100,1118,0.9957730865245138)
(1037,754,0.2633438354856019)
(1636,883,0.05024338320991861)
(1455,1762,0.8375791739365843)
(1704,1395,0.4799992879563305)
(1349,1648,0.4460378529063477)
(1731,1514,0.8422184485746211)
(462,1,0.6448122852774889)
(1850,1675,0.05063690185187897)
(1377,464,0.04703677770885151)
(1779,1108,0.31224128667795925)
(1297,2500,0.35937733889179047)
(1706,2016,0.09720542345020755)
(2500,1921,0.480045247431649)
(894,826,0.279799209771711)
(1358,1156,0.6605420658063584)
(407,1056,0.30730313173947454)
(1487,853,0.808552794074731)
(497,1096,0.004293149535766427)
(1053,2250,0.3943216798197554)
(672,233,0.3527959602012335)
(1758,2099,0.062206506414883345)
(1496,210,0.11807452706116506)
(848,1310,0.805044550115909)
(2352,930,0.34756877156277544)
(1242,947,0.7760578545020648)
(1727,2308,0.06639962241522979)
(1245,970,0.009385555588835914)
(939,888,0.5507690981562314)
(830,1157,0.7147648922961386)
(1150,1738,0.3510860627265586)
(56,2500,0.5946454998959728)
(1058,2500,0.44094558479421986)
(1751,1907,0.6878812127227425)
(799,843,0.09194911981492626)
(1025,1839,0.17856557268739282)
(1835,521,0.4628508366182503)
(1961,1065,0.4590217100861147)
(1528,1708,0.27462369951568444)
(546,616,0.6598558957494385)
(772,1,0.4298624319932979)
(1432,1098,0.2615259881378116)
(678,1296,0.666275026108331)
(851,1253,0.9421547786288059)
(1684,1748,0.3607930710508128)
(1670,666,0.2288625748548323)
(863,1394,0.39623948111393736)
(1279,126,0.678420070545038)
(1048,1087,0.4936852589033467)
(1386,1283,0.783845050516617)
(1829,2043,0.7500649556842667)
(1005,1050,0.6607324182378633)
(448,1961,0.5827845332001659)
(2441,1439,0.3865428300187653)
(1540,1966,0.050368923139731736)
(2108,2350,0.04372811807982491)
(1477,886,0.3428329346827139)
(366,874,0.2542179907602805)
(764,1756,0.04391465738134015)
(1576,1896,0.6246673681961057)
(939,571,0.5800039879973518)
(1119,1368,0.35404269189853776)
(1384,640,0.1287478220660847)
(746,715,0.8581084495402652)
(1719,1972,0.446563281833532)
(910,1855,0.7902034163975331)
(1175,1498,0.6643049084119433)
(1020,2057,0.26748692364353943)
(2215,2349,0.8214522993068296)
(1566,745,0.325296986400058)
(551,1474,0.3702534792303941)
(541,1234,0.233944443742102)
(1300,727,0.4804107249816668)
(1425,1112,0.7576152948787889)
(570,20,0.11358900887171719)
(1600,748,0.6849004827335773)
(1,862,0.5167720948242609)
(779,2062,0.9697503405626804)
(437,1422,0.2335825542461445)
(1041,481,0.6683172036073038)
(869,1414,0.6682435012566963)
(2500,872,0.22866224992046869)
(378,985,0.3713756151102705)
(721,1468,0.8445329114382709)
(1061,756,0.4791040552359831)
(1004,1336,0.7949523222452477)
(1816,2435,0.14080118278353748)
(1376,1651,0.6613346295053084)
(1920,1355,0.8861298003661442)
(2500,1626,0.5787105420851351)
(1450,1119,0.40307787984969135)
(1184,1112,0.767408131228844)
(815,1066,0.03167259664959421)
(1416,1420,0.1473398707214616)
(1982,1812,0.7230963621147708)
(1823,1447,0.613513101382034)
(1352,1,0.668387582075477)
(2086,1530,0.4695166972906044)
(304,1377,0.775997905807376)
(1943,1837,0.37699760269466)
(1090,1054,0.4749374040357305)
(890,407,0.3724272287471989)
(2128,1529,0.5708529772517823)
(1091,2351,0.7222776418711535)
(1627,1651,0.7769129144803826)
(1558,590,0.5533105288845747)
(815,912,0.16802602053104587)
(1156,597,0.8440692454642073)
(977,469,0.9518504563053322)
(774,837,0.04452682589236845)
(1153,1481,0.33926547819595776)
(1133,2500,0.30032310022438446)
(359,511,0.3156239379655277)
(1013,1151,6.43920993121827E-4)
(1789,473,0.23079784636219325)
(342,949,0.26574938868659015)
(1508,1234,0.5815293496276521)
(1815,537,0.940423850805507)
(642,1754,0.4898604383444479)
(2085,1909,0.11771128322474345)
(2500,1680,0.5258130536280273)
(503,934,0.2808742649170892)
(2402,1092,0.22447632046855204)
(1538,2023,0.2517802864288943)
(1,1099,0.5104350034970345)
(1075,1,0.9971991515129547)
(2106,1211,0.6273071489812615)
(1279,687,0.3802495652348302)
(1841,1901,0.33678179335496505)
(1864,1105,0.7480080805241558)
(1970,730,0.949139289953726)
(1297,1557,0.0925578742966815)
(1289,1352,0.4534810816591861)
(691,233,0.7916412508375867)
(1126,1324,0.5418578055458645)
(1481,1802,0.12077090275625335)
(1640,2406,0.3681306711059754)
(1650,1146,0.36518009957666975)
(1896,957,0.538273477299653)
(729,1857,0.8550758044551152)
(1430,1921,0.5070083634010226)
(2383,1615,0.4055407243615241)
(1249,1396,0.9933112761299063)
(1305,1431,0.6167992195718097)
(2500,815,0.5886496610823309)
(1053,821,0.23600957620236385)
(417,375,0.1252080898671326)
(1822,1452,0.6060841582083935)
(1586,447,0.5174751233036076)
(2500,933,0.451706979949005)
(2209,1645,0.44847935291089946)
(605,808,0.46294219242154877)
(857,717,0.4245319695021834)
(1663,1743,0.7483513078315799)
(916,827,0.8775615156337165)
(1435,1944,0.8278392492707256)
(2224,144,0.01732679102191448)
(2071,339,0.5252998342373348)
(1255,2101,0.3871273141577146)
(1471,1481,0.3975508102736617)
(897,755,0.014833892902136214)
(1713,1929,0.5729417605173088)
(792,1640,0.22473275473071697)
(1291,1056,0.2148312255525785)
(1889,1267,0.9847655076297674)
(1,1330,0.43697682823326256)
(1862,1440,0.6211973519757951)
(1757,1516,0.7368875685151153)
(1735,792,0.6182058480818691)
(543,1121,0.9091811050718073)
(1649,860,0.03707015588302087)
(2500,761,0.4988887586905355)
(506,658,0.8994950610431421)
(1612,360,0.16002727673878614)
(1100,1481,0.5575450641686311)
(1756,1334,0.5222060723466646)
(605,1508,0.2113432011665317)
(1577,1840,0.2063014194941044)
(1125,1834,0.5242684020797391)
(1,1372,0.5876526162739735)
(872,944,0.6119248706749439)
(301,1348,0.5273662683126449)
(1537,671,0.05877968629326846)
(1156,894,0.2094328561117148)
(2114,712,0.7972643173552342)
(1521,1409,0.22978934701588682)
(1708,636,0.2047224959932682)
(201,1565,0.5719015431664407)
(1406,1374,0.785304910782013)
(1373,1352,0.9137650493856733)
(1335,1987,0.9889884114143207)
(1512,945,0.2612510745485347)
(1,1565,0.07516616477411941)
(1155,1787,0.9875248862688111)
(1,206,0.9480349687590298)
(648,723,0.21154774837037982)
(1841,658,0.35439350978071094)
(2050,1931,0.8303069362377044)
(1394,1881,0.05046844965237385)
(1561,1586,0.46174958572391134)
(1831,66,0.06777336878966711)
(1269,1427,0.8547991567489336)
(1640,1153,0.2735327141792615)
(1981,1278,0.6081226390988791)
(993,1261,0.811960614766565)
(1075,1477,0.04797597922812458)
(2479,717,0.46411803299873455)
(497,1625,0.5122567989062978)
(752,550,0.25723339808639334)
(1231,1907,0.3771865600773576)
(2373,2079,0.31596146053048113)
(1089,782,0.48754952655674233)
(696,1550,0.0520260259608879)
(1430,1014,0.5102300974070829)
(1552,1922,0.32288456815276634)
(1730,865,0.7588232309811784)
(2500,1137,0.7567539814880567)
(578,1862,0.387430863815587)
(1345,202,0.1776897806496045)
(602,828,0.9766515719489561)
(1416,1255,0.42733885121344894)
(1063,1095,0.18339404224479838)
(448,391,0.2609625490142793)
(2309,1165,0.4462328915309345)
(2356,739,0.09110159685886454)
(1598,1364,0.10249572191737766)
(630,589,0.7261616788880064)
(1313,881,0.27241805795393503)
(1450,2500,0.7213590661981415)
(1435,862,0.6177292996320263)
(704,1432,0.34527742373523174)
(1133,1893,0.8739274892997972)
(290,1379,0.8294354557856978)
(1413,969,0.6806132805176669)
(1458,720,0.36302131594035747)
(463,863,0.5871478061394066)
(2018,940,0.24053721745432222)
(1283,2173,0.13140857604924205)
(2078,1331,0.8363416491469131)
(747,1046,0.39132652229993203)
(624,1232,0.11709794583980637)
(683,365,0.5708388638478511)
(2031,2398,0.6958412213721882)
(1704,863,0.23161277280383896)
(101,1860,0.22058944736852115)
(1276,1939,0.6060995341603377)
(1731,1604,0.01757079819168661)
(1710,305,0.3457528892547239)
(2309,1097,0.9359306349266303)
(1685,709,0.19452961894325194)
(1542,1206,0.8246725634138344)
(1093,1584,0.15043317733605954)
(1633,100,0.5378116483504463)
(1528,1235,0.6424383786014396)
(781,1745,0.5441398575510727)
(867,1491,0.7365787497532194)
(1620,1497,0.9735287001667425)
(1486,2500,0.731259077384965)
(435,1145,0.60242631625368)
(814,1256,0.8093901269615171)
(1658,1797,0.5543424073983629)
(646,1684,0.34480011751036777)
(1509,1862,0.6821708642825222)
(1764,1950,0.31839798591014434)
(431,446,0.9953407437823134)
(1116,1014,0.04347090741183968)
(2024,726,0.07616972101514474)
(1322,1481,0.1758497103985842)
(1047,623,0.06843931823208116)
(988,1,0.058723206442498066)
(485,731,0.1737748269328896)
(2091,1,0.3885131887379226)
(1624,1086,0.15477920478370344)
(823,409,0.0835272712182169)
(1998,2034,0.29751786923116985)
(1215,829,0.7257240989775406)
(875,1238,0.7846676482639071)
(2463,702,0.2514554652172182)
(1123,1241,0.7526780975886032)
(1160,933,0.4292999673502885)
(77,914,0.9662021932064717)
(2157,2295,0.7104091935064595)
(793,1453,0.060870056108700554)
(1509,579,0.42563491423490063)
(1909,1315,0.36211028335009965)
(1399,1878,0.5355152861882021)
(419,1784,0.4664860097485415)
(2310,1021,0.23437284459061902)
(2219,1580,0.5081669159210292)
(1812,2500,0.7836373290282086)
(2500,781,0.7035235964115246)
(945,585,0.5274621001697268)
(903,2082,0.25659177157788426)
(150,2500,0.5868898205925)
(580,450,0.0083775837438691)
(1695,1,0.9312729288865559)
(921,74,0.10932225146379682)
(732,1131,0.4889729993425771)
(776,1075,0.27607903238916764)
(2189,1704,0.944940366912109)
(1660,1781,0.3089491512593555)
(477,1571,0.5720051440713013)
(1246,205,0.18978165522998847)
(2106,1260,0.9592877465271678)
(1407,1,0.4178453545517796)
(746,1753,0.9717976944240638)
(246,1364,0.061210942185283224)
(363,2012,0.5998295300014214)
(1195,1557,0.17028497058287273)
(299,1893,0.2869238505115558)
(1331,2500,0.13586824564081845)
(1245,1553,0.38456212577042237)
(1194,978,0.04451849342314007)
(1826,1768,0.7114135051491633)
(1392,865,0.9772230918969044)
(1642,1977,0.3954256775057525)
(1281,1885,0.3530731732867005)
(1332,761,0.42521596152044794)
(244,106,0.9285178525831407)
(1140,279,0.15340822427256529)
(1495,1000,0.040311777809264315)
(1051,1304,0.45530729309054263)
(1396,2117,0.3590249264480708)
(1301,1261,0.7394468465831292)
(1,307,0.3989057327627802)
(1173,543,0.7147773102810954)
(1168,1049,0.9756284287879993)
(1696,921,0.7981507793368943)
(1215,1892,0.9892542030749196)
(2500,1463,0.5812858307938366)
(1223,1515,0.5542605249949732)
(363,777,0.02001272255808284)
(1656,916,0.4732055907078817)
(2500,387,0.27351084637130874)
(1692,1374,0.7656650382147697)
(324,387,0.023904870013283452)
(1455,778,0.43000614990903485)
(1313,1135,0.812255017628768)
(1092,110,0.6227251704863986)
(1765,1382,0.24226151853412248)
(1474,1108,0.1333900373402921)
(1243,497,0.5949399729594242)
(1781,1884,0.06966793414389827)
(1844,93,0.10227192506654414)
(1057,1204,0.3067074565196456)
(216,698,0.32844508094989744)
(498,1096,0.6473699210698104)
(785,707,0.9626402717209663)
(858,1436,0.6372592013085059)
(1812,1978,0.6187974349604514)
(1381,1566,0.8606511127231679)
(2281,1311,0.20112829006668076)
(1349,1943,0.8504782451429144)
(297,1673,0.35515209868361386)
(1666,1206,0.8931934698118484)
(997,1615,0.03420686641242898)
(1581,901,0.7176927467430406)
(1377,1479,0.09285880195005192)
(1111,1597,0.20956166289500922)
(1,2307,0.33363646481954057)
(2186,2059,0.20113098286109465)
(1157,2229,0.048051437980514256)
(1790,1554,0.5114334951294403)
(454,1109,0.9088802951839284)
(1923,2039,0.031838665342431405)
(629,1852,0.5679294758839003)
(211,2196,0.6107687971848633)
(1952,1772,0.3925750578062719)
(1527,1392,0.4059947113385489)
(1545,629,0.37217745563059845)
(1425,1716,0.0021347363506557526)
(2500,1981,0.9005486924972829)
(166,1440,0.6777191031939952)
(1728,2452,0.46870225022376766)
(563,2430,0.029210138726231127)
(551,645,0.042293481025553525)
(1083,637,0.9593898839911115)
(1623,1663,0.3718292842818256)
(665,1786,0.012925439439396502)
(1407,1160,0.5539713338321299)
(325,1823,0.658419655210078)
(1285,200,0.7163949712390348)
(1324,1076,0.8566047853575947)
(1680,1225,0.6649954745085775)
(570,1171,0.6765373726299522)
(2044,1816,0.625493598468232)
(1245,1427,0.8558538752909711)
(256,1,0.8576502921314828)
(1684,32,0.48714581626419373)
(2101,1787,0.5570827109689204)
(2367,1939,0.16300483333730498)
(1510,691,0.024908431532896458)
(1558,970,0.19396955372097324)
(2262,769,0.35978075878081006)
(759,383,0.810544247855893)
(1734,2484,0.6021115830086962)
(2222,1043,0.07357925762611417)
(1975,1730,0.4626067051944186)
(1205,933,0.4245766097842554)
(2343,51,0.6982894960494981)
(1159,1813,0.1608513345815401)
(1043,749,0.8931023499065526)
(2400,487,0.30401426579063884)
(1125,1,0.5446599248813233)
(1238,1156,0.3405627094885866)
(1533,1232,0.039350001353716135)
(1707,1768,0.8523328877181133)
(494,1464,0.8644416070268524)
(1117,2075,0.05458469667106525)
(284,2318,0.954211598983222)
(1393,1820,0.20505934799491987)
(1338,145,0.9521898544426806)
(123,1181,0.28014452622535424)
(2500,1016,0.3284424833618872)
(1429,1351,0.4292651926652996)
(1798,640,0.03957748694071661)
(2082,1655,0.32706751581605986)
(2500,1612,0.05921415459127277)
(518,1845,0.3415913368526562)
(2047,1097,0.9673959258088741)
(2037,1995,0.2699512173922033)
(620,1511,0.9226647542680967)
(283,1135,0.22054776684701038)
(291,895,0.25815824623496053)
(1842,750,0.5979672898701253)
(2252,1180,0.8915676951681863)
(1342,1689,0.5727730155512428)
(962,1250,0.8925594958466597)
(2024,1825,0.05494421980767916)
(312,1331,0.06140928150229219)
(1321,1465,0.4760268800081696)
(1506,1355,0.7920407041405775)
(2029,1961,0.6483040789476291)
(2303,1498,0.26528781400984247)
(914,1748,0.03277959888124937)
(1365,1578,0.02533808085023581)
(2258,1403,0.4326414475894995)
(129,2190,0.8339057530924364)
(835,1289,0.41288604512957483)
(685,898,0.7242644471887267)
(2024,1537,0.9812627813159202)
(1095,1248,0.2368775379147291)
(1763,26,0.14283377413111498)
(2226,1605,0.18212615957382194)
(1882,554,0.6387736447923406)
(1306,958,0.7962614502119394)
(1328,837,0.3971846176501046)
(1833,1171,0.19181086200077824)
(851,1,0.9553067012401631)
(1007,1488,0.13835619210342087)
(1686,1693,0.6887660009037836)
(1803,792,0.8745696358969459)
(956,1782,0.7088830735350585)
(2500,1667,0.4767518021128866)
(714,1182,0.038891863722417375)
(2343,1035,0.20603093198952172)
(1285,827,0.7054235132047055)
(1579,380,0.37019486326955464)
(2321,1851,0.05088664204387139)
(1699,575,0.810770667765068)
(2012,2112,0.3595532041587882)
(464,1784,0.6313243198751048)
(1412,1447,0.3542678251402289)
(1660,887,0.2526540668866115)
(1347,657,0.7511917187757076)
(545,1566,0.12551680550347044)
(1416,723,0.12537797164716502)
(1882,1081,0.3357994283314122)
(1324,1652,0.3894985249292623)
(1077,2204,0.8024068459342794)
(709,1025,0.34767851031235175)
(2131,1045,0.984536594283091)
(1883,1229,0.940274533361515)
(1035,963,0.8127511119332921)
(2344,1067,0.8048822091668822)
(1784,1933,0.5764629548592048)
(790,1414,0.5233862940917879)
(501,515,0.9423662926885219)
(1249,1021,0.7922764507312071)
(502,1119,0.8924737421910124)
(2041,1002,0.8844660934113343)
(830,1591,0.5670857887091468)
(1367,1072,0.9414949179261342)
(1831,815,0.4302460504463518)
(788,1511,0.6809711979560429)
(915,1827,0.6043377953563751)
(796,1877,0.19095587247710832)
(712,778,0.8086891318707645)
(1343,932,0.7774263417141097)
(798,478,0.7067286090838499)
(1032,262,0.10729197567411475)
(1261,1059,0.3363156674636081)
(1767,761,0.22596048830629722)
(898,923,0.724403121841516)
(1916,1861,0.16123490661930506)
(1415,1870,0.8124995949112523)
(693,1346,0.7758827154705216)
(955,783,0.3171722168055294)
(1812,772,0.731138122662886)
(939,1344,0.7873354756962687)
(1972,1947,0.42088011618021526)
(500,1740,0.7634416705366828)
(1493,1744,0.5963110124400923)
(1475,2021,0.8572981164112622)
(461,2500,0.6048830525491807)
(2086,1684,0.2610295866420793)
(2212,1667,0.5877632402484632)
(755,979,0.47785833812359624)
(572,837,0.7104707679507564)
(2353,1396,0.29214103785931966)
(120,1749,0.112503065975045)
(2095,1069,0.14298855885350015)
(1844,294,0.8241403429460327)
(1509,2318,0.29715340772330834)
(1019,2138,0.6226010388649265)
(2075,1881,0.9197846288036092)
(1287,263,0.211315318241019)
(1974,1360,0.7393673831529594)
(1756,1400,0.6869668605415323)
(986,151,0.2772981531006782)
(2500,1840,0.11648681944655448)
(1830,1680,0.31214145526410997)
(1101,1104,0.8931449898374318)
(1988,674,0.4121293813973467)
(627,1884,0.704635624004366)
(1271,1306,0.42720302152366385)
(606,2116,0.46434062012978194)
(1434,1227,0.3539149950299707)
(1178,1694,0.32330600279558797)
(1427,124,0.03973312073606583)
(1702,302,0.28005740627254183)
(1097,2052,0.40823805205052544)
(1711,991,0.29442277134322126)
(1390,2345,0.6105263901708048)
(1627,1646,0.7153017284733054)
(1089,2266,0.5819580079022876)
(1276,936,0.7012386198095716)
(1009,1718,0.554383984547922)
(1221,2246,0.28908103457668377)
(440,1076,0.8551848154449491)
(1606,1441,0.34512755150069685)
(933,1447,0.42371851775876435)
(731,428,0.48319050217414883)
(1104,1774,0.47295366023139984)
(2376,1730,0.7218720429139607)
(2213,652,0.27866758180970463)
(1083,690,0.6689682860857891)
(2042,695,0.8700041483702058)
(68,1138,0.3779285808885825)
(373,1389,0.17163673216386222)
(2500,1836,0.18639684113287336)
(292,1337,0.5243371807000405)
(975,157,0.21615524456635538)
(45,1437,0.08700609307808926)
(2483,2500,0.35325861814698833)
(1103,1216,0.19725766832146152)
(1284,844,0.15723520135742075)
(513,1789,0.9826988424503015)
(1607,1538,0.3648325377907595)
(1276,184,0.7259889760242941)
(1451,453,0.6015304313430743)
(785,1072,0.29318518684157635)
(1416,2082,0.8290567015231433)
(355,1257,0.8077906630197305)
(1482,426,0.5936429973581524)
(445,219,0.7771597007139783)
(834,1726,0.6878575308045619)
(2315,1239,0.49392776057776333)
(1144,1120,0.8116789918048347)
(1917,798,0.2378799552164167)
(1370,771,0.2055027104535736)
(2500,1047,0.5985813653697061)
(964,1307,0.1571584233110952)
(1191,1967,0.2968330245355888)
(1378,824,0.9556965007504876)
(803,884,0.6902805998629736)
(2500,2337,0.3346562721028953)
(2138,1187,0.46083079880891964)
(1403,1297,0.9622015092669174)
(627,1189,0.6589061792267884)
(1064,1636,0.39669049723392846)
(1498,625,0.9817449091654626)
(1395,1499,0.24786468865711242)
(1120,2029,0.678892716239669)
(735,1235,0.6148353724548465)
(1241,799,0.4241768516139621)
(1277,806,0.7665022291719256)
(1635,1990,0.5121973504566264)
(306,2211,0.18628754554783744)
(441,794,0.5117714233503725)
(399,1905,0.09163275343437682)
(889,1677,0.7747934619072867)
(597,1941,0.8944212898402826)
(991,1236,0.4164209362347171)
(966,473,0.5884798795023571)
(495,1492,0.702232066888313)
(1447,2158,0.7706069674600248)
(1794,1346,0.13290678670922895)
(1107,1221,0.6995828572496211)
(361,1382,0.6147821019468863)
(916,1,0.31294219186577177)
(1200,1358,0.05709650030475988)
(892,1633,0.1440928730478852)
(1376,1682,0.9603305367144782)
(723,706,0.8872202961089762)
(1020,1486,0.7222828904204941)
(786,1228,0.7651534180256828)
(482,613,0.6436712982378369)
(536,1025,0.9251321868051763)
(1,1554,0.629042005303663)
(713,1449,0.374120939205163)
(1794,834,0.010659606933433263)
(2024,2026,0.34630584703191947)
(1630,1612,0.8304589025510334)
(2104,1010,0.39257777003559313)
(847,959,0.340977539223669)
(1686,997,0.8401766206484361)
(1131,2004,0.9112173516150766)
(2476,720,0.8707722715786347)
(836,772,0.46066323226348815)
(1608,2275,0.6468252285874866)
(1179,2260,0.4493218258044289)
(283,522,0.30130919029493974)
(1098,530,0.23226567059261205)
(2500,2208,0.02365474626919528)
(1461,1344,0.6016032041113375)
(2500,662,0.37114058781660875)
(1102,1084,0.001090998017738598)
(1217,1917,0.35243590174634987)
(1,1191,0.8309478733195348)
(223,1728,0.8548411533016025)
(1002,737,0.9376539950032905)
(663,1614,0.9038893082230371)
(2421,616,0.4577787075209535)
(939,1043,0.07280404439339971)
(1193,667,0.5495815275412334)
(1515,1004,0.9630679055063858)
(1734,1960,0.9943923383591833)
(1612,735,0.2791515295759128)
(514,839,0.14313055670888408)
(2023,1317,0.18434123456984397)
(1936,1776,0.019397410726509134)
(1396,2216,0.2111571422465156)
(2157,2500,0.7457206122367861)
(338,1971,0.9984611452401683)
(700,2500,0.21826368869312762)
(1869,2209,0.9634533392393083)
(1843,1204,0.6733126364908475)
(2179,1978,0.60012326030307)
(1602,779,0.7431950410137232)
(1370,1233,0.5284723778408756)
(1249,1407,0.4559738602672978)
(605,989,0.26197304263203747)
(816,1465,0.9695374243264211)
(621,1649,0.4650005734738931)
(1344,900,0.8276552989063777)
(1042,1272,0.9806363575607611)
(663,2269,0.3815253055000031)
(502,429,0.46751255128155367)
(1639,1546,0.6973838290175114)
(1240,507,0.6134155634399028)
(2482,755,0.948802192946864)
(1033,1,0.08174613454763979)
(1737,1104,0.45485413329425783)
(1767,641,0.8274353682184065)
(9,1395,0.2954236111670656)
(583,1476,0.9825797666886592)
(1543,1649,0.6898167973778071)
(1866,1462,0.30803672250577585)
(941,1851,0.9352815206784627)
(1540,1297,0.975881907093857)
(1368,649,0.6240658082087265)
(1046,1524,0.6504580764049801)
(990,1232,0.9945612697739572)
(608,1766,0.15693946783626422)
(1079,307,0.8714839315930426)
(1471,127,0.5839857128565559)
(1164,1231,0.7392269800344642)
(204,619,0.10790784749289051)
(1883,977,0.8157407888218534)
(1465,1709,0.9316228419308338)
(1399,1434,0.8390399244856301)
(763,933,0.41412838824468523)
(1666,792,0.2928942792860221)
(1413,793,0.5714481035811306)
(1744,1530,0.1433701777383507)
(2500,1480,0.9582637131221469)
(2092,1063,0.9966589492277451)
(1190,765,0.9658441085402554)
(1749,2134,0.3067579761633783)
(2239,2263,0.1910019413964993)
(924,468,0.1343025300386581)
(1775,596,0.623665729144442)
(1029,1,0.8625022538856382)
(2210,1508,0.14564667236575168)
(1392,1222,0.3724132907397666)
(1855,502,0.04398436887743795)
(979,1674,0.5528086805971562)
(530,1980,0.2039378411004874)
(811,1229,0.1860750868545764)
(1853,1234,0.8821704702815852)
(1446,1753,0.8542363565106769)
(1476,1354,0.9496637749984229)
(2042,1103,0.38136872158476454)
(1427,1568,0.8023461506661191)
(1780,1603,0.2156246397527305)
(1258,1408,0.42737739646920603)
(1302,2091,0.2233561909768934)
(714,1682,0.7651713417501623)
(2045,2008,0.8088337908913115)
(860,496,0.7793865780589153)
(1473,843,0.19894537653899513)
(1018,868,0.6889124018090789)
(785,725,0.06890851584390745)
(1974,2051,0.04553075783082716)
(1877,1642,0.4722056247463007)
(1820,1204,0.23345363668786256)
(1916,1979,0.3262628688065047)
(976,2253,0.791993467306186)
(1708,437,0.6956550555269102)
(1256,1476,0.006898595723725642)
(644,734,0.7533888744550123)
(2019,1606,0.585829787758417)
(368,1300,0.3428979968974173)
(2138,1425,0.2511497435699378)
(1121,1255,0.46220817233259714)
(1229,284,0.021859272459857304)
(1225,896,0.11195239995538386)
(802,1374,0.08493871874151115)
(1680,1961,0.08641868987480494)
(2083,2193,0.7985707950238395)
(415,1,0.2813935799982771)
(1214,1637,0.07235225250932076)
(1517,1910,0.361560102128728)
(1318,1359,0.5038951838276632)
(1545,1503,0.2911954275895925)
(200,632,0.9635963799029016)
(1,1628,0.7689322097503748)
(1884,483,0.4937825060632931)
(1580,97,0.6968834647705373)
(1089,2268,0.49012741337258015)
(904,1099,0.20689720701372838)
(955,1130,0.5015958712324318)
(689,1986,0.7191321369936581)
(828,1615,0.1541542580996974)
(1654,984,0.19753263227511064)
(1876,642,0.20229187512822167)
(1396,762,0.07330844569079686)
(1831,1870,0.0654757613156115)
(744,1620,0.6725387297924326)
(422,1113,0.09895693913290105)
(622,588,0.44737643368689073)
(584,1047,0.6345883906777245)
(1229,1859,0.1838010037950265)
(901,972,0.3040965342417179)
(1485,1053,0.987993314163912)
(786,1,0.5494830393728972)
(1093,1205,0.5307798782414981)
(1195,1380,0.14869515290924118)
(802,756,0.32985538311399776)
(674,1043,0.7605336678094176)
(1754,2500,0.5355208718854765)
(2476,1558,0.19252034468300705)
(1040,450,0.5422312295047447)
(1885,1957,0.32171418957656905)
(1328,1,0.31491365231536195)
(1478,1543,0.7540303411316375)
(943,809,0.6236774477526178)
(1610,150,0.018611273854906685)
(1703,308,0.6141461909220451)
(1460,695,0.24142562400613798)
(144,1102,0.43755055750753824)
(552,475,0.7126873269678661)
(963,1812,0.7252837593164457)
(822,318,0.45212259514238295)
(1277,361,0.22454733919890635)
(1273,1661,0.9023196171857906)
(1748,1269,0.6817569300501943)
(1921,786,0.28469248767904576)
(1296,2320,0.32810196773742506)
(435,630,0.5065334912779232)
(683,2500,0.8722473405429575)
(984,1822,0.2406007045182048)
(255,1318,0.5092241035574697)
(824,1095,0.8827256435730486)
(321,1142,0.6848422186065036)
(293,514,0.5282497394085027)
(1075,1042,0.9962959565596831)
(1562,1291,0.6973095478162807)
(1449,1917,0.4031791489772324)
(1687,1453,0.7554241476994055)
(1158,1541,0.48729251517345584)
(653,1088,0.13239959437801407)
(2003,2058,0.7807408048528872)
(1693,1386,0.24151852406711372)
(1292,1695,0.8554601665664605)
(1946,822,0.5022419599515668)
(1258,316,0.072801718964429)
(883,700,0.6630362682767231)
(1054,2231,0.11329006382672735)
(1225,1918,0.29878344876281415)
(634,2464,0.12262335176421613)
(1390,1032,0.587298400680608)
(969,1311,0.033308220843580094)
(1560,1935,0.8916803093793472)
(2438,1527,0.27690298135631786)
(1511,2381,0.02817700453980254)
(1458,1800,0.39337485301535924)
(1445,595,0.876982886208144)
(2068,2449,0.38380340159663795)
(1872,1116,0.7764484437036931)
(1280,2500,0.4513678648607655)
(1593,1779,0.8915047351337108)
(2161,1534,0.8262238467529618)
(1316,1648,0.2562787105402532)
(2460,233,0.7426054989863443)
(1345,899,0.3900623843720499)
(948,1455,0.03984764901488691)
(1265,1690,0.234773358620203)
(1689,436,0.11458215028799001)
(1428,1203,0.4328630849922903)
(627,1792,0.11919341190171784)
(1903,1939,0.7067709515725168)
(459,634,0.618538668354703)
(2368,850,0.47876991678270153)
(751,1579,0.7133258826835651)
(1252,1411,0.790791765707076)
(639,1323,0.6483680578182096)
(515,1462,0.4857020996747119)
(226,1828,0.49168735118966345)
(1559,1665,0.6345228080987845)
(1334,724,0.41617866039649665)
(1655,1797,0.15433676871753155)
(1091,1719,0.2788660143512025)
(1694,1494,0.7963523990557954)
(2186,1525,0.32582300199850256)
(2165,1426,0.5599722050836917)
(1515,1705,0.8768663991103146)
(749,1614,0.5619875973129344)
(2442,1599,0.8204337273151884)
(1832,448,0.6986884151906358)
(832,2051,0.032188631286509506)
(1266,1979,0.7891822740025058)
(1898,810,0.6831274050953632)
(1248,415,0.7156865940005148)
(653,1395,0.6554799255997008)
(1822,756,0.5667320080171877)
(1404,630,0.7878372124655351)
(775,946,0.3630215424333816)
(1694,620,0.8927804494852768)
(2091,331,0.9497724202011149)
(1282,1982,0.11994115949386697)
(1421,2500,0.6316379456973262)
(1416,1534,0.7817334373720237)
(2079,1932,0.13893030742105528)
(1941,814,0.4996990777644277)
(862,1591,0.8577287375489612)
(547,949,0.1255252382480253)
(949,2012,0.178014823293431)
(1438,1507,0.8202797875995054)
(1156,1390,0.388115200128312)
(1998,677,0.4646512592244889)
(104,637,0.47024522727838325)
(221,1640,0.2971566239178164)
(1207,948,0.9525994379757013)
(32,2027,0.05027473195427434)
(1669,1782,0.05680530481842816)
(969,1582,0.5992528031363976)
(1033,2193,0.9033323377769816)
(1237,1705,0.9407508849911593)
