(1788,1424,0.10612656427846412)
(1226,1165,0.049371081937072736)
(561,806,0.6018601233101947)
(1118,779,0.7461571596438709)
(1651,958,0.9253315531492851)
(992,1571,0.442951828459079)
(2157,977,0.4522557288887066)
(158,1643,0.40575567318363515)
(1238,650,0.5233171575561495)
(2500,2195,0.49820743403316015)
(111,1875,0.42348046403672934)
(1635,1215,0.9914649023163266)
(1,1455,0.4154513765615272)
(1676,63,0.45662239860266185)
(1668,663,0.37974433746505387)
(2179,868,0.31774781426000087)
(970,584,0.924046519931232)
(1209,1201,0.6277151685439408)
(1492,996,0.37946467911558646)
(1429,1167,0.15238398065523595)
(1420,906,0.36574450714182305)
(1002,1360,0.2724105063332697)
(252,256,0.8231743750111129)
(2056,1275,0.12194080340854097)
(831,1259,0.22243546051068153)
(1533,707,0.33954190148654084)
(2235,1185,0.06788563932814129)
(1312,86,0.18773276626331914)
(1226,1385,0.9616693131627141)
(954,912,0.9340379098092759)
(83,1797,0.07747235169339606)
(1918,2081,0.7428136877037137)
(646,902,0.08093026072085208)
(1044,1129,0.13445640561534988)
(789,761,0.6469091996776559)
(2390,1142,0.6792225677361367)
(2426,1467,0.8190130133542445)
(2477,1755,0.5419187733275214)
(1350,1623,0.8767524972352262)
(1776,1600,0.5275772619302478)
(1057,828,0.38505657749354627)
(940,514,0.4616242679068867)
(1728,1125,0.7665325020976355)
(1188,610,0.4061516544486433)
(2080,1332,0.14163002159972704)
(1201,2288,0.5235478835941274)
(412,1362,0.6065895412849468)
(1256,1671,0.17030248417584049)
(872,630,0.11406901152324844)
(1732,1,0.8024569451810005)
(1,1863,0.21403244837686275)
(1185,1730,0.571373001471995)
(1071,1481,0.5007994080790619)
(1956,832,0.2194912346284429)
(73,1450,0.31704686564371576)
(484,1268,0.8250697828064513)
(1025,1865,0.6142221803681193)
(1492,689,0.741480287646438)
(1155,767,0.5340333384518217)
(1759,135,0.01682880127967601)
(1703,1312,0.7998949550991787)
(421,1341,0.932700140545755)
(152,1932,0.22890715453343202)
(1304,2500,0.1026082582593667)
(1343,676,0.5529106859121432)
(829,1631,0.07019337886560906)
(407,716,0.15476847662169846)
(1562,2467,0.8234545031393822)
(1020,1232,0.18890306089162612)
(1069,770,0.8730048001805125)
(1114,1174,0.35447048464783704)
(1942,756,0.48433745986890453)
(1370,1424,0.22356336379980013)
(1476,2135,0.10795053044674885)
(830,895,0.949293540979792)
(1204,1559,0.06532481504555387)
(1285,1953,0.238926029365498)
(453,1365,0.1646372914938511)
(643,2261,0.11502600977605715)
(1206,2500,0.6309925632280449)
(1744,1423,0.3747004830677598)
(1462,1368,0.5516525513892286)
(288,904,0.767111402300629)
(1843,2287,0.9198328232537861)
(1018,1053,0.11911781046853653)
(1633,1075,0.6118541888084594)
(1519,740,0.5789711159862293)
(941,588,0.43079653510921634)
(1365,1072,0.975118188739419)
(204,1473,0.5038437583346932)
(628,2051,0.9287474821039182)
(737,1365,0.2012019657472236)
(229,2098,0.08115281275739372)
(1336,2206,0.8633056406872981)
(1082,1909,0.3056967825049126)
(1024,1235,0.28662952906807226)
(1438,482,0.6474080601721562)
(1521,1378,0.7048701903809451)
(2111,242,0.2365378830609588)
(623,499,0.3975627994728155)
(1161,2131,0.05838260516938565)
(340,614,0.17295069365471738)
(1310,668,0.0743752470482506)
(1130,1410,0.32706309511307474)
(1516,218,0.04414489314896686)
(2152,1383,0.9800972474168013)
(2500,1258,0.15425875712340809)
(1360,1574,0.742218743109064)
(1998,2500,0.9079963689006105)
(2129,1266,0.8659852695946496)
(2142,960,0.49455497053298825)
(1402,1363,0.2663440187067754)
(1602,618,0.40272367092794215)
(923,274,0.2573379834719721)
(2055,2002,0.8721163030812692)
(706,1,0.12073733098997064)
(2333,1424,0.707227362813767)
(1256,1702,0.7021673742042001)
(1,1766,0.21975939613023532)
(2393,1732,0.7909503381806745)
(2500,282,0.9080474806403886)
(1012,1291,0.510448896748392)
(1892,902,0.7092426726501906)
(1109,525,0.6935474298351876)
(1808,699,0.10427926908591212)
(1558,1257,0.768920455267881)
(1240,1656,0.37142179937400455)
(1178,338,0.08751208202582461)
(1825,918,0.7319703759276338)
(1436,1775,0.1461763335936832)
(1128,564,0.5065184742614119)
(539,1535,0.41779202080609823)
(1283,1087,0.9357165840291798)
(775,1382,0.909433273346731)
(985,1538,0.5790448376128724)
(1492,1910,0.3974476424792862)
(2073,1740,0.010047268951504873)
(1424,482,0.41822556982911596)
(258,1163,0.3531412071967388)
(711,957,0.08689714938219906)
(2052,1711,0.0997319859166409)
(2500,1103,0.9341992229974372)
(273,990,0.054232141292754776)
(1272,931,0.46228325814957427)
(310,1898,0.6588909538662747)
(1720,954,0.33830248103582505)
(947,360,0.6678526914605297)
(256,447,0.296791793480624)
(2273,705,0.6041948409293046)
(1584,1696,0.7310035338426856)
(1591,1145,0.09672389291870609)
(1492,990,0.48118586508785566)
(967,1313,0.8954875169352808)
(1416,1168,0.7459908053458444)
(2185,2343,0.4738391253809856)
(1069,2243,0.402000342765369)
(1230,2373,0.5298548963016758)
(1504,847,0.9850244037614136)
(1368,275,0.20824356886807205)
(595,843,0.08520782603871102)
(2296,1620,0.07236873189783855)
(1717,1604,0.8848309934064088)
(2072,597,0.4814200480658277)
(1557,1089,0.8798880029488254)
(1645,2010,0.4540765209924009)
(949,870,0.5722121072645051)
(1261,1223,0.2584513561910733)
(600,1583,0.6704923284663724)
(2390,1434,0.9167349557734412)
(747,920,0.4307391517923943)
(1881,1810,0.22361552336795343)
(1366,1377,0.8957563431404938)
(880,449,0.32587727309702574)
(826,1335,0.6767216501510149)
(1274,2500,0.00872234068031641)
(1624,1091,0.47254051848668843)
(1786,268,0.4323675935917739)
(1812,328,0.44739427234096885)
(2186,2028,0.6580544055074095)
(503,1678,0.8835782092978348)
(1092,1453,0.2506737765007905)
(1434,1297,0.9393987361908651)
(1735,1450,0.3690685963752752)
(1250,2029,0.6473175638996322)
(1479,1224,0.6496676529958588)
(1251,1326,0.9831275927351437)
(2500,692,0.5138102146566519)
(493,1304,0.6637707050612665)
(1084,970,0.7734039697402025)
(1371,1896,0.8235567751721341)
(473,1628,0.0925810831772863)
(1,980,0.44593981415945294)
(1688,1097,0.7684106795837629)
(1302,1728,0.43042917784323365)
(1597,1450,0.49674258337256827)
(690,1975,0.492034666995129)
(1335,1610,0.12062546245466144)
(614,1454,0.8654929069701658)
(1304,1387,0.9245041945377082)
(2205,181,0.5339781580831355)
(620,1542,0.8059800003915669)
(1255,682,0.0790301407666506)
(593,835,0.5001097537501188)
(1678,1073,0.4566592602597933)
(1518,1521,0.8814964809122555)
(1476,1019,0.28250834308766015)
(1038,525,0.5692927651219133)
(1656,2055,0.2557184157686524)
(617,724,0.9515819030150118)
(1815,2078,0.16505711405975632)
(1483,1309,0.6459720811835152)
(550,1343,0.42715987412470635)
(1154,1096,0.09354758275068398)
(1040,871,0.9110574692621021)
(1045,1567,0.07046200898458721)
(1325,1292,0.9717817093792586)
(1699,1,0.19101223661902256)
(1198,1679,0.27977432982955075)
(1202,876,0.6660533376033051)
(884,267,0.017217564514550587)
(1425,107,0.44823534928076403)
(1096,344,0.18285073170511867)
(1390,1083,0.05620910247024624)
(309,1935,0.6712252721039498)
(1666,341,0.0520100725875946)
(1054,1678,0.8758200543358788)
(1433,1417,0.7175754905208854)
(2377,1745,0.5529546344036699)
(1583,748,0.5698695176450326)
(583,822,0.28506734666429856)
(902,1405,0.5641684537932982)
(2500,686,0.4833091988305013)
(900,1441,0.8934118473586985)
(686,948,0.5555774205597334)
(707,782,0.6448151144208265)
(2100,895,0.943126011520826)
(662,1494,0.13773578330623182)
(768,1268,0.7821906012216387)
(544,1542,0.6851356366224322)
(2218,1692,0.953023777154903)
(746,1683,0.4035596369983707)
(2052,926,0.0010335405225280203)
(2144,1000,0.1407509847255416)
(1031,2095,0.41652768879624713)
(2046,1518,0.6828931787172775)
(2500,1170,0.12018867219384921)
(1065,284,0.25407647714915993)
(1722,1750,0.20630920594905533)
(414,856,0.7012998806180138)
(670,832,0.7162016145526141)
(670,2204,0.10789565357999142)
(1326,1124,0.9783470846857093)
(2500,1337,0.29173267884986887)
(2144,1184,0.9574045179588946)
(2366,520,0.7031777089257123)
(2207,1294,0.2379128993968852)
(1382,1223,0.3528237485935455)
(2212,2070,0.125973914760795)
(1118,1578,0.8909225733333845)
(2500,1252,0.06291663537558534)
(693,1002,0.157813201489988)
(694,1689,0.8929302315783516)
(1863,949,0.016808974804070176)
(938,1304,0.5746785787517416)
(1224,834,0.30001910122937026)
(663,1329,0.22726224536677486)
(1026,2500,0.4112678286812339)
(971,1369,0.6534377739860585)
(463,1713,0.9228860912717078)
(2253,1140,0.724483066953639)
(1188,1537,0.18852621768379774)
(888,1087,0.41671081814631095)
(1278,1230,0.07877824709478232)
(1219,43,0.43465240306822384)
(110,860,0.024051497820865464)
(1221,935,0.14787022361853497)
(1405,996,0.9402879504358538)
(1256,1193,0.0833648359920065)
(1026,768,0.33328113640131096)
(456,990,0.1909113228617798)
(986,1771,0.21722570944146735)
(1396,622,0.7353256820434942)
(1,1986,0.5609273519040222)
(853,1641,0.4812136684805193)
(1199,2182,0.07569226157243714)
(1392,1858,0.28006969149580785)
(1684,1063,0.6667303127059319)
(1521,1340,0.8379470473114545)
(1254,1275,0.6148574843173933)
(1273,1737,0.22834900764544408)
(647,1554,0.5662614023348647)
(1109,1336,0.5768775149739537)
(1934,59,0.13596882025396906)
(622,945,0.6026592235639359)
(749,870,0.7443772740954715)
(814,1940,0.6453330558110817)
(1234,1171,0.6323198607437349)
(1016,1726,0.8718343507418153)
(2500,1646,0.38361828659835595)
(1616,1508,0.49034600541062956)
(1066,1174,0.19215394143912645)
(1316,1029,0.753807128950421)
(749,522,0.9199878168269696)
(1883,2359,0.34010694912175643)
(1552,2127,0.7498666533363104)
(1343,1573,0.9880798981731574)
(819,1362,0.3456686823580153)
(544,887,0.7266937627048936)
(576,1908,0.9963907251276153)
(750,561,0.3679458538474176)
(1609,633,0.8743549127827565)
(758,1466,0.21572027016998252)
(1187,1444,0.14975104595088085)
(1503,1102,0.25912176152831734)
(1743,891,0.38435769492774163)
(972,1004,0.3807134439154364)
(36,1978,0.17292000827278386)
(1507,956,0.14789726444548645)
(2152,1061,0.405607397053384)
(958,1281,0.9041037837414022)
(1250,1237,0.05674553949202066)
(1452,1503,0.71602296466695)
(1450,1286,0.26063779929979103)
(1146,1323,0.5744817468047008)
(472,1565,0.8780961886169354)
(342,1415,0.8135963287967058)
(682,1222,0.06246692248623509)
(955,64,0.01873291125369725)
(665,347,0.25336602546911635)
(986,1405,0.8133545301884744)
(1,876,0.9991069836535688)
(209,1993,0.3755886489949155)
(1588,1308,0.7161372201161169)
(1853,1202,0.7852049379268365)
(1318,1291,0.3364148154162504)
(2211,2302,0.32144161900758295)
(1953,2488,0.9555261906612447)
(1041,497,0.9500227524581972)
(1377,2200,0.38473461839444556)
(1360,1585,0.5279622253342564)
(1622,1365,0.02710911196428356)
(1072,1143,0.7682306337764937)
(829,301,0.24194240786517607)
(117,1702,0.8042225572376132)
(2191,1202,0.46174363971623156)
(1504,2313,0.7446817778299621)
(951,2500,0.7031726556314771)
(1347,1039,0.40774793743241067)
(1651,1128,0.544313820575833)
(1132,1414,0.17182165877538536)
(2274,2386,0.8413457392746481)
(1115,271,0.7150788789017223)
(521,1807,0.8983431535899856)
(2268,1720,0.753496763380217)
(1772,654,0.3088142075845004)
(395,1781,0.7164175905940785)
(458,1483,0.4697826250295285)
(603,151,0.5126512169671538)
(536,1234,0.6340594340417847)
(1147,810,0.716809696614127)
(1197,718,0.6548061257680028)
(2204,2262,0.78859357987549)
(504,1416,0.11607815542557554)
(733,1429,0.8361764361116354)
(1472,1451,0.015259405012654326)
(1838,1445,0.9858759056904084)
(698,1997,0.8659331724780751)
(958,1824,0.9522818592544126)
(1222,638,0.05418020511289878)
(583,2319,0.3123516405320498)
(1554,2450,0.6548995703706331)
(1019,61,0.9732615666876095)
(1018,1104,0.05949778586234)
(2500,1034,0.24579643296003129)
(1317,595,0.5282363661245089)
(1037,1202,0.9794023551817137)
(1458,1400,0.377983378195051)
(640,1894,0.20098315217333673)
(99,1175,0.8541302848618728)
(1070,1585,0.08291471846317666)
(1628,1767,0.27800673601843295)
(2161,436,0.6510088861791654)
(1670,1295,0.48833356249402193)
(5,1835,0.043792581692402965)
(1272,1045,0.6417164345529236)
(1507,1422,0.6789887519562904)
(471,806,0.586140375698603)
(360,980,0.5116156272332304)
(1518,1390,0.7720022226027352)
(2200,1024,0.6721981708650753)
(348,1927,0.8600757370454207)
(747,205,0.7030408569964615)
(935,976,0.8988430780827631)
(1597,1685,0.26115888828851996)
(996,660,0.8802515164324485)
(1887,1648,0.7635859468827751)
(1279,734,0.5618200323358544)
(591,1282,0.5085976085025896)
(1690,1791,0.5389242954283476)
(1735,1410,0.6709189475475794)
(323,1294,0.21760930459272032)
(1037,1615,0.3996985302245709)
(570,716,0.29599155293618595)
(1203,2197,0.5718527903560813)
(2500,2033,0.5736818005906976)
(1429,591,0.15473006362500652)
(243,679,0.5322109517712611)
(2144,1495,0.9454386657167505)
(1381,823,0.13262148314104816)
(1171,846,0.16018151522475887)
(321,1155,0.42908670936259596)
(1334,978,0.9562118219184995)
(1307,450,0.08996432862114534)
(465,2224,0.5503036453519681)
(970,1696,0.2803764863846647)
(1775,1442,0.9792417362909502)
(1477,1509,0.927734725683876)
(1367,2018,0.739698136254967)
(1651,1,0.2831177802177832)
(716,389,0.17069338017022895)
(307,148,0.7615589726827521)
(600,1,0.00877273161024672)
(1666,746,0.6680798833449075)
(1075,1262,0.1752511389974073)
(770,315,0.14196325573186108)
(1410,799,0.452165212841667)
(1468,951,0.9541253150073985)
(1,2008,0.1268252088720997)
(984,1666,0.2602387539654165)
(1459,1586,0.47941310289036554)
(873,1719,0.5581522850523482)
(315,358,0.2766318215161744)
(1246,767,0.449776904061962)
(1322,2061,0.7509455863445466)
(1389,1062,0.06318424296683689)
(2010,606,0.5301072515338195)
(1805,2196,0.07875240175384113)
(1186,1485,0.774064073072219)
(1222,1223,0.583538043497604)
(1179,376,0.8264509955831745)
(1369,839,0.6678448341111353)
(1489,676,0.2716627529024459)
(493,1552,0.9418716236641845)
(1663,1734,0.9715306922637736)
(427,1884,0.3210412564970384)
(1660,1569,0.8752950694273925)
(29,1421,0.7132216037930433)
(688,1526,0.24948965276709423)
(1158,1680,0.5517841332936015)
(920,512,0.8078599282562493)
(254,1978,0.3811952406380633)
(1221,751,0.6187662065068811)
(1440,2389,0.058856791605234604)
(912,1465,0.344496105550401)
(1329,1466,0.7176978633946205)
(2211,1534,0.334520411861263)
(1760,734,0.829477228645204)
(2289,2438,0.1813169032408054)
(845,1320,0.9832852828959954)
(1699,1769,0.22133063158370814)
(1171,2068,0.5169297866953052)
(864,1178,0.8496744185483792)
(1469,1592,0.4389187797587346)
(1051,1976,0.8545077169972127)
(2500,2500,0.2518641584086422)
(735,1080,0.05064296732035134)
(996,1294,0.5336928134849176)
(517,2184,0.7881505458891687)
(1,1017,0.9325001487953014)
(1255,2180,0.10387966350865896)
(428,2266,0.408197807178709)
(1787,1767,0.5043944109315524)
(1407,1594,0.200420590160588)
(748,2089,0.9174122752574017)
(2042,830,0.556473436847778)
(1756,1856,0.6865347400237426)
(1,1764,0.28072826329267997)
(1376,1624,0.8167956073683504)
(1048,1119,0.26284463949413406)
(1014,43,0.3088907409489797)
(436,669,0.1097768448659181)
(1726,2500,0.18681572895191512)
(1117,1194,0.19377250210113883)
(316,1683,0.6813805255962332)
(2345,1296,0.04156622524085818)
(2089,1430,0.4979566745515791)
(2027,1591,0.8832837482074907)
(1083,1510,0.6607600438028157)
(1506,979,0.36328332873301616)
(1413,1602,0.3276360600694326)
(1140,521,0.009396167712498738)
(355,801,0.746170081690229)
(2241,1648,0.30080684385554646)
(2500,140,0.10312939715587799)
(708,2189,0.5561875813755264)
(61,1063,0.8951422366313617)
(1897,1867,0.5724878934602947)
(1455,1088,0.3097006373789335)
(1466,855,0.5552163595556858)
(2334,397,0.31793443007466315)
(1338,1511,0.37665440957771756)
(999,1150,0.715564720486757)
(1490,631,0.0601525611882372)
(1544,2434,0.5157014978545325)
(950,1235,0.8281981438886886)
(1702,1247,0.5147921864627065)
(828,565,0.25471481130551255)
(1353,1358,0.9695784425742313)
(2138,1729,0.12659704244830894)
(346,745,0.5146778283461054)
(2159,1425,0.5637437158546501)
(1980,1595,0.1373715157864165)
(2500,929,0.24894902203619718)
(984,1191,0.26710467495277734)
(1300,743,0.5781781650556246)
(2099,2276,0.516057637167957)
(1249,1801,0.14311532386516845)
(1754,1154,0.027192398333690915)
(2285,930,0.7597411376005216)
(1088,1734,0.6324432422928108)
(1071,2000,0.8823746401996478)
(1706,1789,0.5533352776220382)
(1,1159,0.2657925981604621)
(1633,1987,0.20265005139376846)
(914,1668,0.6644013354487647)
(461,1026,0.4727896630532401)
(1688,1897,0.056983710879855876)
(333,934,0.026271510758200778)
(696,1474,0.12804577228357072)
(1190,1793,0.42817247993808294)
(704,2297,0.25752656951598707)
(1620,1425,0.5766976584953548)
(1341,749,0.5536956489641282)
(1056,1352,0.8987889027035593)
(1455,272,0.7830813159816068)
(1546,1715,0.5860996141058393)
(1807,946,0.8143618089760353)
(781,731,0.5732197489229877)
(1546,813,0.014168411332044828)
(778,412,0.492690486149713)
(1446,1360,0.6960718422453946)
(1552,1680,0.9090479594852724)
(761,755,0.2493194730096483)
(979,2500,0.2229212406382315)
(1192,753,0.6685606691526532)
(1209,1029,0.17227060483799117)
(814,1945,0.5685875443612811)
(1,511,0.8011509458341849)
(878,2018,0.053421791986234646)
(1709,420,0.6177905391006184)
(1,1186,0.9021932167547171)
(1577,801,0.38139000511459387)
(1516,549,0.5580065821302662)
(293,1836,0.315209598574261)
(1602,1287,0.33913695080113715)
(659,2194,0.2988954926040923)
(2455,697,0.5606754950692558)
(1,1735,0.1992365232243607)
(1418,1969,0.1285143216900988)
(1391,2134,0.7354968986184568)
(1463,1940,0.658945358633591)
(793,1584,0.7877654079882171)
(1016,1815,0.8205661256381981)
(1717,972,0.6102576617883333)
(2500,1730,0.0026409992501894575)
(1260,1818,0.5062201417302029)
(1108,1288,0.6962385262111253)
(653,2313,0.8524110739656404)
(865,2135,0.9146032166891236)
(2448,1481,0.11508534153525696)
(1775,1470,0.8404482790962491)
(1770,1548,0.1353626243152669)
(839,1718,0.8859539236961389)
(1282,1647,0.08287378174522797)
(2205,1593,0.24122195547627023)
(1477,1679,0.3696833136587151)
(908,791,0.6561967364538507)
(600,1551,0.6134355086601502)
(1132,2287,0.07834121675700878)
(1882,2202,0.7454971753487727)
(1020,2424,0.9185450614300017)
(1151,91,0.8981831355384693)
(1199,1705,0.4208260739565993)
(1526,1675,0.04954849409478479)
(751,750,0.8265979454495047)
(1164,2377,0.9543844522933437)
(911,1919,0.5179603700077169)
(1215,2004,0.41431001675185963)
(404,1234,0.10480440764080468)
(1351,1200,0.5177081243485864)
(1683,2065,0.23021917023109972)
(1,1040,0.0026283661437245254)
(906,2457,0.9372975116789612)
(2143,1058,0.12754874724767395)
(469,660,0.26493698455521764)
(1775,1876,0.11073490895017835)
(1304,1563,0.4271647577455978)
(1207,662,0.9326597275049638)
(1633,897,0.2986650084906043)
(1687,1413,0.1031409634453413)
(1222,2308,0.6580320456698487)
(2392,569,0.6596603425124857)
(750,2280,0.7874254645500384)
(1135,1801,0.9972201337401811)
(874,836,0.2051931894304888)
(1160,631,0.051951598357517725)
(1848,2243,0.7089856573671364)
(752,1622,0.9721321625996369)
(1226,1492,0.7057589278711262)
(734,1176,0.3805091801728653)
(1044,1678,0.6388647999832269)
(902,910,0.20287152331802494)
(1316,1067,0.519991782188202)
(493,811,0.8506750141866304)
(2313,1,0.6118976889682608)
(2123,695,0.43500636667112125)
(1164,1258,0.18286514813259191)
(1710,1357,0.9747180646140053)
(2004,1361,0.9703304299556585)
(1402,1558,0.12442883226435486)
(652,1465,0.15919685595807487)
(1456,1986,0.023952354180272417)
(1034,504,0.34416334840237905)
(977,1702,0.6806124504872022)
(1374,2036,0.576038045877629)
(2220,2069,0.13584939400195928)
(940,1746,0.7193239031046047)
(1508,1961,0.5077887823574406)
(1445,1762,0.3741844227024508)
(784,797,0.8161286123476534)
(1728,899,0.8460483798922249)
(1055,1833,0.9456032630702578)
(1644,1117,0.11509665979139816)
(273,542,0.08094950237202891)
(2205,1772,0.9306871016451684)
(1063,1283,0.1934062716016275)
(969,1179,0.6680220781924568)
(897,2390,0.8283321632017481)
(2098,560,0.7871358070906618)
(397,1290,0.7459317214862753)
(661,1,0.46736949673764094)
(2362,1714,0.02117046234524722)
(1429,1,0.14320910738298498)
(1074,1840,0.6844590438153415)
(639,673,0.14817874159782585)
(2234,1082,0.17154808636846863)
(828,757,0.4481998180677854)
(447,2056,0.31002740090977887)
(2044,2164,0.1330296935291959)
(1228,1217,0.7230825166786264)
(1716,1626,0.6916234118941194)
(386,10,0.5692317921098987)
(376,1980,0.31456619963404653)
(1229,1823,0.6826103966381537)
(1143,1287,0.8235447762403267)
(2099,226,0.4888330548902293)
(959,1097,0.7065764692526528)
(509,253,0.7124312065840283)
(966,409,0.680520452005201)
(779,1023,0.20702779618655864)
(702,249,0.0726752331059809)
(1242,1608,0.3533199057787315)
(1192,1,0.15488566109876822)
(2308,1078,0.3294743929820292)
(580,853,0.09254984963085111)
(1737,2372,0.104111933724793)
(327,1160,0.7119608154428488)
(1716,427,0.2332878488410589)
(2371,1787,0.00310798746402563)
(1339,2188,0.30037816938654194)
(1869,605,0.4740541641430692)
(1875,1120,0.7954931155219838)
(614,1353,0.8520819238672301)
(1567,909,0.4066804659725214)
(1,397,0.051010165544806196)
(1673,1720,0.48190357625685853)
(1257,1153,0.7245465931038706)
(1742,273,0.48626537327178)
(1942,538,0.5948462123421363)
(1371,1938,0.045944762990700716)
(108,335,0.5125765781488071)
(614,1862,0.784550341158471)
(1485,1076,0.1863294155711065)
(1358,739,0.5587438318736003)
(1598,2204,0.6070237054947296)
(1410,1001,0.6062399527444885)
(632,1231,0.6920939013627515)
(271,2485,0.1812718586798745)
(714,996,0.7248878192163535)
(1351,1595,0.974654198722953)
(138,1126,1.2712226909694646E-4)
(1850,1692,0.8211949934641564)
(1247,166,0.26510951132027827)
(1155,1048,0.08076314909930293)
(26,1426,0.951812260105754)
(1134,1091,0.8540482009222857)
(252,933,0.7145067763269879)
(1437,1829,0.28009347073429425)
(1489,1965,0.7807703647370787)
(336,771,0.45642278616775145)
(1674,1001,0.6500493750800322)
(1728,2461,0.6609622253304187)
(1348,943,0.8778765698849704)
(1034,1878,0.028388850974978674)
(1030,794,0.7148732119903055)
(1293,475,0.08939206310464975)
(1131,2088,0.49071839365896286)
(1,1917,0.3221096119224711)
(1947,74,0.48633876716542546)
(271,2144,0.4398967215694818)
(1492,2130,0.08122659810069166)
(1028,697,0.7759994429233309)
(1572,639,0.6530949649835023)
(529,2344,0.32482357160034014)
(2101,1572,0.16725089186188158)
(1574,1334,0.627385492529868)
(2433,410,0.577120207935654)
(1375,1220,0.5270292578594914)
(2500,1063,0.3827115023236628)
(1707,1432,0.8335930765665956)
(1743,1573,0.9063285226623475)
(1485,140,0.03764042784828259)
(1530,1774,0.2711198613085447)
(1926,821,0.016750799249529047)
(893,1368,0.6852102507758017)
(1690,1352,0.7461094236674785)
(882,279,0.6978681251617391)
(1338,504,0.8764389328840698)
(1583,2207,0.6255283570722006)
(1064,1631,0.2517973935428386)
(1278,1836,0.15610799397175645)
(613,792,0.45401765903371594)
(818,1985,0.7200117452040493)
(1,2430,0.002481915772134191)
(1,1826,0.7827111847871255)
(1064,1269,0.5003127677650089)
(2092,1531,0.9093005136974239)
(1206,1522,0.4707797655170375)
(1057,181,0.9952665516031423)
(1394,1168,0.8228875712157032)
(885,1062,0.9022699006365892)
(1180,615,0.602479266905398)
(1304,1085,0.49727567394081595)
(1036,1300,0.9575019776863349)
(504,1746,0.017360835710595657)
(1695,1149,0.5675236506057544)
(191,964,0.73345696327515)
(1628,1208,0.3473184893738994)
(921,411,0.04017469115636474)
(1586,1447,0.9413286538762671)
(1037,630,0.41281147042606336)
(2500,875,0.7956681067177253)
(1,362,0.2538200438507814)
(1239,1,0.3495138149081928)
(1036,636,0.5877033670021465)
(1797,1946,0.8236001977051485)
(1008,1284,0.6337334320687549)
(1493,1244,0.7084098082536245)
(621,1428,0.9723051148371716)
(1002,1952,0.09452071117171656)
(1068,1956,0.835373161472828)
(471,1589,0.5224716161063252)
(1643,1686,0.9119294060568696)
(1667,773,0.14854713119148277)
(344,1305,0.47941932611455573)
(1570,2468,0.5881959122794871)
(1535,970,0.6601985019149569)
(1801,1874,0.645971894015639)
(1442,1293,0.12112461224613458)
(1616,665,0.2808324933334191)
(708,1448,0.5130866331524241)
(1086,1919,0.6018510981144342)
(2470,2500,0.9493794682227952)
(1520,1254,0.30233836750471843)
(1696,1159,0.3210408674028489)
(2221,1181,0.8845368090785244)
(790,1420,0.5790046746731484)
(1066,1720,0.8865446986827157)
(1400,319,0.7452396772396507)
(1149,1724,0.6015016465663542)
(828,560,0.8517398239450871)
(1325,2053,0.1800969091814466)
(221,1434,0.5321770273659427)
(210,2056,0.3198368674584453)
(2019,1694,0.7165523429837044)
(1786,1468,0.22631070116192986)
(1532,2369,0.7179598968319445)
(1730,1026,0.984527695110018)
(1340,1537,0.9632460356825661)
(1028,214,0.5940664909619475)
(2220,621,0.45848138697777907)
(1276,720,0.7997013702590529)
(1751,2484,0.47036171200207644)
(1620,1785,0.855655068259082)
(1007,1,0.2763541509461186)
(1091,1099,0.3872516871296272)
(1639,291,0.8356105644230981)
(2028,450,0.2154470551263249)
(1671,1328,0.1152945152030248)
(988,1045,0.7129006998695766)
(1213,1805,0.48525987773669343)
(939,1257,0.7439477863649406)
(2199,1077,0.6286758103694)
(1167,1104,0.6950136979096311)
(1364,1479,0.9032680664771757)
(1765,1071,0.8888971848144156)
(830,2046,0.9896428244780637)
(1323,899,0.2875557671028004)
(1621,1350,0.1772821553107361)
(1462,929,0.5686434968474647)
(1675,950,0.39899927847176075)
(1208,793,0.9202047949555142)
(837,1280,0.33763032453163677)
(1512,1398,0.003973978568693748)
(763,1839,0.11949250467338812)
(527,1958,0.15737577647421264)
(913,1116,0.52767878273319)
(871,2275,0.9379063460562636)
(995,1289,0.6156492509282018)
(1811,1391,0.4105852914274146)
(206,656,0.02782291647730306)
(1432,819,0.9452160051544541)
(1084,1657,0.7935648618799385)
(1795,728,0.5900058294785331)
(1,1763,0.8945711443922698)
(1667,1882,0.35805022185726476)
(1681,912,0.3147068787130496)
(1370,1,0.6365172035400315)
(1074,1922,0.4835221786989693)
(1417,1290,0.018392549064250585)
(1293,638,0.9478090305083884)
(970,460,0.42330227045802793)
(1193,831,0.5602060403402669)
(1784,1467,0.367885647418993)
(1234,873,0.24753224142774033)
(1392,1374,0.7322185988434226)
(1729,760,0.018328168931522115)
(1273,1079,0.8849642143814157)
(666,1766,0.5474921141146819)
(872,699,0.06941765983208692)
(1154,850,0.48681349783419703)
(87,621,0.9546193427897267)
(2006,326,0.5775740244918652)
(1622,1473,0.3750333561340674)
(1049,1457,0.38006685660471684)
(1555,686,0.9128830777057166)
(1076,1161,0.3560982193025889)
(1077,1888,0.8641886648985289)
(540,1724,0.03739248662742023)
(1148,896,0.685106511403819)
(1,1961,0.4493273546675295)
(576,1187,0.017477492308860976)
(1099,1340,0.6348760559743785)
(300,1523,0.8642456901698843)
(556,983,0.8133549936459816)
(1093,966,0.13296243879186953)
(999,846,0.19409860528069756)
(1815,758,0.019476930909027246)
(1601,985,0.8178678207420741)
(1729,86,0.4022563273444074)
(596,484,0.044189873131976865)
(2500,807,0.9092370967746518)
(161,1334,0.699137844083001)
(2035,1759,0.07770857502802875)
(1483,173,0.6666523932973489)
(349,1675,0.6887973004310327)
(1292,863,0.7188158864249111)
(1420,1645,0.9848291466526453)
(732,1999,0.7085629614614423)
(847,2383,0.9878384896010161)
(1572,1596,0.3423713109621268)
(1207,694,0.5337744665482383)
(1419,957,0.7722914173111549)
(1222,1214,0.6304868722843504)
(1146,1075,0.8769614833431117)
(620,1795,0.8787241191467808)
(1262,1285,0.12828291310261986)
(76,1278,0.02469183455626378)
(795,1369,0.8917043788926551)
(1082,621,0.31635517848065864)
(1618,1318,0.02865298661639004)
(609,1540,0.9033185941560054)
(1472,1939,0.11432094594863185)
(1126,284,0.6752968495531523)
(1963,2185,0.19587384687601928)
(2050,453,0.9761088362336915)
(1021,1979,0.39253740245727775)
(1650,944,0.7477275375399113)
(422,898,0.07664942640530659)
(2500,1672,0.5639084728221871)
(715,1621,0.7156639804708316)
(1013,541,0.5403851450352816)
(1008,1797,0.9262304176139006)
(830,1142,0.16005473026198558)
(1186,254,0.8181625800568982)
(1765,366,0.8225070007018505)
(725,1991,0.9174760946935463)
(1584,1500,0.7948969581734965)
(977,760,0.8607971430286054)
(1313,1,0.6089075625370269)
(1383,1835,0.2959642537931969)
(971,1136,0.6902789744766824)
(198,864,0.20328073107385636)
(1007,738,0.17238227028453534)
(1506,2036,0.2759317935609048)
(1357,1981,0.278214695159293)
(1017,1068,0.46140083803739906)
(1353,1152,0.6976664471018033)
(291,1184,0.23812377123996653)
(307,125,0.5103171416079029)
(1157,1848,0.5466378923806848)
(1540,1691,0.7992090890036638)
(1462,717,0.9373975942360007)
(2271,1588,0.5338544062525138)
(855,1323,0.5034857571047228)
(1207,928,0.633621323401129)
(273,1279,0.1174842136424532)
(1500,2074,0.19988059727176477)
(1432,816,0.3778240138610184)
(1367,1247,0.09393617141146038)
(1254,1217,0.6116520103672582)
(2281,2019,0.9968668523987299)
(1,2257,0.8121735316259979)
(1565,1074,0.6963636884884916)
(2199,535,0.9928364437361512)
(816,994,0.05970734508662179)
(1399,734,0.7655921143803865)
(1674,2180,0.38179752783728227)
(880,1226,0.8115809877799154)
(1190,1555,0.09621385606517974)
(269,737,0.6690692702976915)
(2500,747,0.8306722413986797)
(954,712,0.7172517145191996)
(1663,1270,0.439006832203504)
(1953,2052,0.7727858787849747)
(1891,2083,0.44785802894153437)
(941,1208,0.43384293646412553)
(1,1529,0.9934553873872318)
(1522,1131,0.8577691019725916)
(875,688,0.6842512556872085)
(399,1807,0.8300377397745204)
(839,1348,0.8293571589063123)
(696,995,0.1317972514855481)
(1778,1569,0.381457800378205)
(1952,1191,0.2674873842149186)
(476,2080,0.8119849909863892)
(1379,1437,0.3108546520008346)
(2046,1973,0.39709832063743244)
(855,1773,0.09947173378037866)
(1749,1261,0.031082805291866578)
(388,1407,0.1239459509826154)
(1135,1519,0.7397252438454421)
(1584,1340,0.6418172934906748)
(1325,576,0.4092091858979613)
(2186,1240,0.6076721251138109)
(159,1569,0.9029711755169988)
(2420,795,0.3543602906017135)
(866,1378,0.7990740218136354)
(1085,1555,0.06912734128992848)
(186,1577,0.7337083802760931)
(272,563,0.06625611729800784)
(1136,545,0.26903624228615464)
(1294,1617,0.2580426001549352)
(761,1404,0.8674370719682407)
(408,1086,0.8187748163602917)
(1269,969,0.5495975105457255)
(2474,1006,0.19505987863999485)
(1408,1393,0.5390956219764149)
(1139,967,0.8427340935844695)
(866,824,0.7196393399825278)
(2229,1969,0.905998378638094)
(848,1147,0.09145897104299783)
(2436,1166,0.36083667225638316)
(1445,1861,0.010815258708379849)
(712,1656,0.15422093443579044)
(1028,1712,0.6140764058861963)
(1101,489,0.7820320892302871)
(641,1306,0.23827416692617087)
(844,1339,0.14208537057356996)
(122,195,0.2673372618501907)
(1286,794,0.27248973417804234)
(646,921,0.5867737861185486)
(818,1214,0.5256656825347709)
(1843,1040,0.44916114534791485)
(89,2500,0.06650400976930504)
(1279,1715,0.616692076844273)
(173,1056,0.19028623166301406)
