(306,678,0.10579634619819278)
(1791,964,0.16145614182301915)
(1668,1056,0.1608436282430179)
(1234,1554,0.28827030687565725)
(2303,1560,0.6951874465787636)
(2192,722,0.14877121673029947)
(954,792,0.5581375959225453)
(914,768,0.4722382426241917)
(1579,2500,0.8101474028096447)
(2218,1,0.13174138203238472)
(1806,1157,0.962779055377647)
(1248,1774,0.870535044560382)
(803,960,0.6491778501066856)
(1495,1,0.8728347858528478)
(96,1177,0.9797340053619416)
(90,1357,0.3258670057622117)
(1310,1936,0.03817862885724288)
(1355,1016,0.6227627921721937)
(1313,885,0.620738295425321)
(1538,1969,0.46205220467566477)
(1997,2001,0.7783104284602915)
(1912,1,0.7838812213779603)
(68,1606,0.37906256149947304)
(2500,563,0.3797985299303325)
(1013,1347,0.9433459128196754)
(1693,2058,0.2695661050650061)
(650,2202,0.4348316791532919)
(1978,1854,0.11391138334635609)
(304,1736,0.5823322997014371)
(1211,1163,0.6184981888111577)
(1492,922,0.36641164771427137)
(673,462,0.6934870554319894)
(264,1254,0.7204689951254809)
(88,1402,0.6886468619825513)
(514,1352,0.8063027601165816)
(2253,2500,0.4972783243629175)
(1721,1,0.980588509310612)
(1282,2213,0.7127536370430194)
(1104,1230,0.25351909822717644)
(1321,1902,0.6640398397784254)
(1927,1807,0.6537408583097429)
(871,1604,0.06079894276713249)
(1619,793,0.21748760269139922)
(1581,1340,0.3291892165178044)
(1574,1452,0.6400910149198935)
(288,1850,0.46045628937700167)
(1347,1806,0.3662504114600804)
(2500,1216,0.9295419530304937)
(802,1792,0.09595851618428086)
(2127,558,0.21805204334193629)
(677,1659,0.14726741858747094)
(1692,1304,0.8980191442943105)
(1704,1150,0.11824471908490386)
(580,1,0.17817412703290814)
(1667,993,0.3030744567772917)
(1386,21,0.5011889195786169)
(792,1859,0.3913487714380538)
(1689,949,0.06431326494092837)
(1639,345,0.49953190449988905)
(1394,878,0.44213109593397537)
(625,2349,0.2793710371519559)
(763,634,0.87257377256334)
(1094,1071,0.8779202360139299)
(1757,463,0.027809562315631697)
(1464,2300,0.8623268645109281)
(1818,458,0.8071286461038142)
(766,1232,0.44495733689383965)
(1180,1648,0.16849928760084687)
(1315,1508,0.28848633657169775)
(1495,2285,0.10063031240899334)
(1641,75,0.3760348008626433)
(2361,230,0.6159348128088978)
(1400,2147,0.13450642590793271)
(968,721,0.11973281948712833)
(1533,1202,0.9271082353612686)
(673,2498,0.4781522289787562)
(1377,410,0.9708144661179821)
(1270,1307,0.8209192903965755)
(1418,960,0.30162659562597227)
(211,1,0.49313516670565805)
(772,246,0.03741437622957888)
(1617,959,0.5790237251292516)
(16,101,0.7218412822768123)
(973,253,0.20863187126803695)
(989,1848,0.7414952630635127)
(1419,1000,0.668029191795924)
(768,2021,0.46301935423879137)
(1708,1936,0.30876655450600965)
(2222,2102,0.259481822057816)
(1026,1185,0.9977985912538188)
(1173,829,0.48242844694295184)
(1079,1169,0.6375121144729365)
(807,368,0.34390488525252205)
(702,1290,0.34107289419424036)
(1170,23,0.9790320253955086)
(1034,750,0.8381248910758295)
(1195,1678,0.7121202090080639)
(1314,1793,0.19564738728527753)
(1140,175,0.5612727008550684)
(2500,1635,0.05120833541504899)
(1218,1487,0.5954201285369636)
(756,462,0.15042356807509982)
(2142,1264,0.012919845080276104)
(608,1327,0.30148878575945914)
(794,1321,0.9931249089324838)
(817,957,0.6922766600905127)
(1682,2000,0.1845780283881565)
(1615,1124,0.22695051243005304)
(1307,1307,0.05485598908904765)
(883,1199,0.39847878131697656)
(1162,526,0.6650493974788106)
(905,914,0.6252185429606321)
(348,238,0.15258568132479822)
(601,1731,0.6604168426449986)
(412,12,0.306644842266228)
(2500,1284,0.5662423979041958)
(1204,1885,0.49321581679753534)
(633,279,0.7016867130298142)
(698,1415,0.7604498116496403)
(1073,1776,0.34557529682052035)
(633,1333,0.04490097152723427)
(886,759,0.11184736727001277)
(1477,1133,0.8854222483726789)
(767,1202,0.830366093469059)
(2138,802,0.12719716903139977)
(1518,137,0.8526797751494903)
(1187,1681,0.3101337824260483)
(1527,1450,0.49321460565545816)
(1185,1081,0.5011186993088642)
(949,1712,0.5649803761771899)
(1653,1496,0.9355148678405786)
(986,1246,0.3631877094791016)
(1744,1273,0.8862185573349417)
(1668,1153,0.14012304557569744)
(1173,1058,0.30154187809916544)
(1538,267,0.19373857242712944)
(1169,1312,0.7841693775217282)
(990,929,0.384287733362609)
(1463,1910,0.5177455463362136)
(976,1,0.017040880105632872)
(1092,1,0.7213278602858004)
(879,836,0.39669831933827926)
(1596,655,0.6100046094244176)
(1636,359,0.04131278403299399)
(2344,1993,0.488119837565157)
(929,2460,0.3527449708868877)
(801,1664,0.6797210200214144)
(166,988,0.08727325462316926)
(2500,1513,0.9374200697394985)
(1798,744,0.9327622176006877)
(1451,799,0.6370315501207252)
(1636,1040,0.7506721613545378)
(1,2470,0.39302904198256394)
(786,935,0.17153668728871818)
(1094,287,0.6920563000818543)
(2007,2100,0.8875677109054524)
(1625,1265,0.2984198456667334)
(2084,805,0.6551063244547468)
(73,376,0.11262832203398176)
(80,705,0.4539010369401204)
(896,1447,0.964949161188589)
(1372,627,0.2185365707788951)
(525,1372,0.9922343013448686)
(1037,1994,0.5695611943793568)
(2266,903,0.7238796957879576)
(1762,884,0.5151711458453502)
(1303,419,0.7972020014518765)
(1176,1846,0.9607674297561166)
(761,970,0.44032393635918743)
(779,2202,0.8961684817169081)
(997,395,0.3739180910885779)
(1032,225,0.522687784916385)
(1601,1180,0.7417872930947496)
(1597,1043,0.5078331052278982)
(423,1560,0.206406614082284)
(1872,1519,0.05410685405560378)
(294,1978,0.9249401344066823)
(1369,1020,0.9015200492635433)
(1525,2500,0.8855577479246707)
(882,1301,0.010667529551664057)
(838,2347,0.7081036240313496)
(2056,1850,0.9313664085684805)
(1187,1438,0.23465652124344172)
(1109,1280,0.6139240457946349)
(1649,1757,0.8057075604160192)
(1266,401,0.7454888769085538)
(2373,715,0.89723927977769)
(532,568,0.025160266708426526)
(1453,1447,0.21083864848534117)
(1920,1436,0.7831228532721459)
(1036,1014,0.15804910782763293)
(1374,286,0.02083984303290587)
(2260,855,0.8526393394895633)
(1231,1090,0.7123078582039627)
(1682,1619,0.6286876069536975)
(1880,1449,0.9639854398085406)
(1302,1113,0.9798010742190589)
(946,1927,0.9765031023660389)
(1919,833,0.22024982833472495)
(736,1204,0.09649676070017432)
(2500,995,0.5132005203554334)
(1013,1751,0.12981092250024306)
(1332,933,0.4188827405441601)
(1803,363,0.0826019910655903)
(2121,1560,0.6640745363454563)
(931,1469,0.8839760508369817)
(1178,1448,0.9408965563373376)
(1869,1463,0.5362390487887305)
(965,1875,0.025990165670808918)
(2271,796,0.23780856704772269)
(1842,1026,0.8850682971554256)
(1278,1868,0.06225603396833845)
(1611,917,0.17912600214637742)
(2037,705,0.8978013147737677)
(1584,836,0.6605585485692559)
(1611,2188,0.5424531776509597)
(1048,1231,0.3108245276560595)
(698,280,0.9933522026216484)
(434,1340,0.7566693196881571)
(1079,1022,0.9553100665588045)
(635,814,0.5257366434222543)
(1430,1263,0.7590730630116262)
(1353,1098,0.014753988381225547)
(671,722,0.3618192712411292)
(1664,1806,0.2250766859479183)
(602,985,0.8126016486596536)
(1281,1100,0.26034536440735767)
(492,1647,0.2174841404320177)
(1069,1256,0.7763887719514247)
(1241,1976,0.039023362053268174)
(862,1440,0.08880627582394895)
(1327,1472,0.9444015654300656)
(1344,1092,0.8463290916543557)
(802,1301,0.9839270839432261)
(508,408,0.9353402542850376)
(370,502,0.23045362316158913)
(1054,1986,0.9257963377142162)
(369,33,0.2550823493789425)
(306,2238,0.14360816546750688)
(1839,780,0.303598410851329)
(2297,1644,0.5937268825760691)
(818,1045,0.5843960655137926)
(1428,1676,0.3781892932853461)
(997,1705,0.753412991195996)
(418,1,0.9375656422587958)
(1193,1594,0.05167230061523942)
(627,1363,0.5998785524009319)
(2132,1413,0.7719375440898586)
(1533,1048,0.198831170448589)
(230,947,0.12567429796474083)
(830,1491,0.7762578326750447)
(917,1127,0.5704908667167489)
(44,776,0.13326722748228093)
(1094,1144,0.7187455972808682)
(1,1,0.7973577354217403)
(2500,827,0.19903314173007902)
(374,1268,0.14974533668392032)
(2385,800,0.5181550830912643)
(1175,1642,0.10895079729628321)
(734,471,0.21220884982128296)
(1274,965,0.3255811814977221)
(1860,899,0.3272011643113064)
(1314,1,0.7035147186094934)
(1679,1527,0.8875314376945872)
(952,2119,0.3399157788433179)
(2030,967,0.94906916686821)
(988,2500,0.9291726942802208)
(2214,1213,0.7543445147828758)
(926,1161,0.15291164049399453)
(354,1,0.47138881470922755)
(1,949,0.27046137212014953)
(857,738,0.6487792567381264)
(1576,1411,0.7103619459729983)
(639,790,0.7801740552238037)
(924,1736,0.12339236807937137)
(538,670,0.955533028966451)
(1994,1301,0.5162642369388444)
(903,2219,0.9981266953934151)
(1389,1778,0.43402680607026867)
(1513,1247,0.2846580238419659)
(1068,1333,0.07487171179084895)
(2129,664,0.8079511072356954)
(2440,1486,0.8131703387592335)
(397,891,0.3647287218276172)
(1839,1080,0.21082208455723228)
(1527,1472,0.8048821222594231)
(586,715,0.9465727489893737)
(853,1041,0.01479084049281798)
(663,805,0.19760407914531242)
(1946,1319,0.11690110565736811)
(1818,1589,0.3644266414112385)
(576,1234,0.2543125087865872)
(1849,1411,0.09740689996203955)
(1349,980,0.8065403864231175)
(1350,1427,0.7575118880759943)
(1515,1174,0.1493046590281385)
(329,1122,0.1133543986559844)
(1014,480,0.2358545439941906)
(1729,1280,0.8974791524627792)
(1684,1570,0.774228105526793)
(1645,2348,0.6056300936461748)
(396,1,0.327268508920865)
(1240,1034,0.606799510160106)
(996,824,0.8931216592042124)
(472,621,0.06455877071320948)
(2045,207,0.04633860242965049)
(1140,1762,0.4737634320477435)
(1056,2224,0.7126761055655414)
(537,2045,0.4979618615358071)
(1045,1058,0.35817336078547046)
(265,2136,0.24501134803144475)
(878,2046,0.04536918074508767)
(1631,1895,0.5094320654617454)
(950,1329,0.47481082843745825)
(1485,1131,0.3994003218418668)
(1608,1704,0.7213312557314994)
(1366,981,0.9687324407441623)
(510,1803,0.24336253398309182)
(1446,1131,0.8399340797138186)
(958,2500,0.5478185966249035)
(69,1731,0.9660322976800046)
(1390,1219,0.8755732635986925)
(1158,1532,0.9795445281431707)
(446,944,0.10803961833425668)
(1112,833,0.9308115797458378)
(496,429,0.9927545378412787)
(1422,1991,0.2730677111742351)
(1325,1222,0.10406160011084853)
(2386,684,0.19993617560299826)
(1842,1208,0.11343810824024636)
(1971,798,0.13690422715809192)
(1407,1043,0.3965708267596362)
(1119,519,0.8865375489172659)
(1370,446,0.8454064639798166)
(866,786,0.2754849269927001)
(1007,2009,0.34673169462652853)
(436,1632,0.14012786922078968)
(799,1457,0.21270137848190973)
(1203,1148,0.3333114275225353)
(260,1001,0.17210050639984054)
(1854,1768,0.7952261964461347)
(869,1,0.8034962154722066)
(1200,1833,0.32762162056657007)
(1945,1820,0.9595050055224943)
(1651,1135,0.25191471367505647)
(2500,1621,0.43209105025286587)
(601,1875,0.3724052059817584)
(1950,64,0.6387891653652867)
(970,1762,0.33452380492378964)
(1323,1087,0.41465071520996444)
(885,1593,0.815522772361066)
(439,2311,0.9968805735600684)
(324,1193,0.3614640325279833)
(1606,1521,0.002018672228962126)
(1317,893,0.34307231715297704)
(1180,1659,0.31854375485935393)
(1370,1192,0.6295223695000984)
(955,1273,0.06730282915232644)
(1632,1143,0.4648096153273912)
(942,722,0.7464471153423197)
(744,662,0.6243200946942253)
(1441,139,0.5707377998953501)
(902,1681,0.09698638636531887)
(1634,1567,0.4354933812082056)
(1097,847,0.7656817184528805)
(2022,1404,0.3010756769925378)
(849,2059,0.05346871349640925)
(1309,699,0.13106981619005986)
(2039,1120,0.8559560186279114)
(1795,84,0.8150228379573798)
(975,1337,0.7141859611448221)
(442,537,0.16109478584070647)
(1017,901,0.6103445626913434)
(1630,2500,0.362127039496177)
(2335,2109,0.44743172208867843)
(1148,1316,0.45747038523216776)
(2213,875,0.22877008214434447)
(1088,1230,0.863736571068121)
(1548,452,0.16255325736908965)
(532,962,0.1285676130456056)
(1371,2246,0.6165775239892034)
(1280,417,0.09143258239573582)
(2500,843,0.5138258439945307)
(1414,902,0.6390646442137353)
(2084,2199,0.5247406807716256)
(615,428,0.942538548840185)
(1355,2337,0.15145264226165012)
(737,1553,0.9775540685982564)
(2500,2112,0.3329782977571417)
(1409,2020,0.6082954401384347)
(752,1150,0.5352191421709428)
(1291,791,0.2853190823558952)
(1132,863,0.638472405393453)
(1264,1588,0.7739920724729478)
(1539,1850,0.9773401564098424)
(1870,1508,0.7525896670415264)
(858,1848,0.9050546117544015)
(196,688,0.8218137509237249)
(1790,822,0.8687430044717015)
(2430,816,0.7470476928326018)
(2500,903,0.15317398774539925)
(149,1730,0.1475227552740872)
(1223,245,0.043427788815289636)
(867,2040,0.6766479298625723)
(1230,981,0.4247195390730798)
(2049,559,0.9876661727874355)
(852,937,0.3619386338506646)
(1606,1091,0.14408823846758834)
(1772,1117,0.7608373821071927)
(1000,2025,0.8216037709374587)
(1079,1361,0.6330368253100529)
(1016,1836,0.8129650114898794)
(1604,1851,0.3890112653267288)
(2338,1100,0.7935929076744782)
(1196,268,0.9848860363342576)
(180,1789,0.9445459027165365)
(1230,1474,0.9056604542339307)
(704,455,0.6552217931594021)
(2313,974,0.3231367407858583)
(767,1942,0.47117678364377)
(1283,1344,0.7417686874140389)
(1608,1473,0.153762024261912)
(1233,1626,0.5606730336562569)
(1147,1860,0.6725281957475411)
(404,1868,0.1878380397195255)
(1812,1662,0.18904427575108196)
(1810,1235,0.9980869104584871)
(2181,1145,0.8656349908177805)
(1169,1345,0.7850073072478095)
(114,1096,0.3736821560645879)
(1007,1534,0.3707589390215711)
(1346,1953,0.7037827489618322)
(1245,1087,0.34180545069116564)
(1705,1199,0.7440025868853885)
(2500,1573,0.22092194626963568)
(1350,1225,0.30580530667045336)
(1837,1966,0.7527800366996334)
(1515,2117,0.6364690249226215)
(788,541,0.6537905616453756)
(1011,1491,0.8075857876018607)
(1483,1045,0.7036403413490019)
(2500,653,0.3317262347065978)
(1004,2300,0.36432317284482907)
(415,90,0.592993529094203)
(414,1575,0.7918902648232029)
(1077,1822,0.3489691375713182)
(1971,753,0.5907068143720914)
(1474,1169,0.3853429388904668)
(1187,1465,0.3731225573815079)
(1039,2106,0.3471642989934992)
(1385,1294,0.9577534428751969)
(1652,65,0.946070412075804)
(889,1238,0.9701293572803461)
(2055,2107,0.7292857697570299)
(1,646,0.18447136292724253)
(1657,1381,0.586096638865461)
(956,1192,0.4827287850664509)
(1245,2413,0.45143092485322533)
(358,1131,0.4277317344047127)
(401,1045,0.8521224627913094)
(1374,2500,0.5177498408800533)
(879,853,0.3029847856766308)
(986,659,0.8999631134631889)
(1504,1233,0.15313212005810284)
(881,2500,0.61419362142242)
(1887,189,0.758434190314329)
(765,1176,0.7060300715250297)
(2378,896,0.18543462468349003)
(482,995,0.7405804593795754)
(1491,1170,0.9852676520683018)
(2500,1295,0.9583941394036386)
(1949,1053,0.18423468871831206)
(1393,782,0.2976046184679304)
(1471,1617,0.5242063632329337)
(2021,827,0.7632612768483624)
(611,1025,0.5508720335322954)
(1576,2090,0.85578612199511)
(2231,503,0.18211320271920595)
(1,1618,0.1469526955791588)
(1228,1238,0.7095478917351901)
(1,1502,0.17603680773989927)
(1344,1042,0.35718559216651835)
(2246,1840,0.29953893416739663)
(767,1365,0.7442838843503584)
(1528,1959,0.4692516381500279)
(2115,1016,0.2340901086414211)
(2006,1294,0.800952419212327)
(685,1600,0.4695519884842557)
(1103,984,0.5232312826861613)
(1200,757,0.4903026670578071)
(2500,763,0.020368688090790732)
(368,1169,0.6368012379581054)
(970,1427,0.030854138676570164)
(2093,679,0.773256894430184)
(2079,460,0.6746220406267587)
(2011,1720,0.8521713055281945)
(1352,1011,0.9673864228997532)
(1166,1406,0.9749580174823289)
(2247,1666,0.47717387000730116)
(1810,1871,0.05962280845954049)
(1,1477,0.15396683556909063)
(1667,1726,0.3606543012184914)
(890,548,0.10090517428961254)
(153,1079,0.14134268679416773)
(2168,1640,0.6955877747537478)
(2314,2232,0.24957871142547672)
(492,726,0.3275047062903541)
(649,1702,0.40042646995053277)
(1381,783,0.2758933793315469)
(2084,1310,0.6649809584481577)
(862,1292,0.8360257551721001)
(1764,1,0.8097480425082888)
(1031,1326,0.2941691424330216)
(751,2133,0.35432005318940485)
(1730,1908,0.1543834052894465)
(1289,2041,0.7041992288698751)
(1753,1060,0.5641707788958497)
(1135,706,0.8676117933584652)
(699,1750,0.9279283441109013)
(1142,1017,0.011309395204832873)
(1630,1218,0.7666347387837669)
(507,480,0.7910773643333759)
(1,1535,0.4886453574104249)
(1669,2411,0.9887694672642625)
(752,1878,0.07721037166530853)
(1411,613,0.596425107068588)
(1046,752,0.3587485749297912)
(710,364,0.9424108679220685)
(1176,1070,0.20509615031298722)
(637,1991,0.1274011701223724)
(1496,1511,0.13599570269469408)
(1227,1418,0.019983246883942374)
(281,562,0.21256980594061947)
(1484,915,0.664001883663473)
(1567,1021,0.26516346502046306)
(1382,1763,0.2739415682557489)
(1882,860,0.4326354489895572)
(1584,1757,0.6008650645168111)
(994,1759,0.7319576848827968)
(1768,792,0.6919728460375606)
(1855,2071,0.5591744683066107)
(2432,1704,0.3028070317966254)
(877,2395,0.4075254655199204)
(1988,608,0.02467681054346016)
(528,2500,0.3028534850289778)
(1719,1263,0.9825340282654267)
(1336,1841,0.08956941772504601)
(1627,2390,0.1936621892565652)
(964,1093,0.32631783877512177)
(618,1661,0.22707842488157248)
(1161,1274,0.11735326986322481)
(1230,1952,0.7720563807954893)
(1712,1184,0.9824970944921768)
(706,1381,0.24797990578177875)
(1853,1800,0.27175067723732926)
(1772,1786,0.5516681915655754)
(1461,1066,0.4123579741951393)
(491,1377,0.33245012406554686)
(2388,1426,0.9595178738280414)
(1299,1595,0.531168728578614)
(1501,1224,0.30911420744924456)
(1112,1201,0.2831735091240456)
(1263,2500,0.17845572204005922)
(854,1481,0.8474563038695327)
(1603,973,0.6736032399879217)
(1479,1647,0.41837732440856645)
(1612,1329,0.3886601464563194)
(375,169,0.5250164582380152)
(2500,936,0.543596334538044)
(368,1010,0.680022164339964)
(1843,1402,0.14081678959260957)
(926,1738,0.436009213449958)
(1672,651,0.41473904928797356)
(1099,732,0.14571654327511208)
(37,2500,0.008168467575843219)
(740,701,0.9960248332623416)
(1018,704,0.2795055209580728)
(1815,924,0.38688928295524716)
(1907,2035,0.9210261023100077)
(1540,2120,0.9135653333854086)
(858,647,0.9937001023667189)
(2500,1035,0.7741446344911773)
(1299,2140,0.7686761564978569)
(1436,1611,0.9280719777732761)
(2075,1172,0.6614986080819677)
(2153,1913,0.05004504095125517)
(1742,705,0.14924780394690607)
(701,1349,0.32691991743480553)
(1554,1982,0.4919129251519577)
(1090,1726,0.675045913763264)
(1102,921,0.2679230268106898)
(1271,914,0.8810716473424103)
(1269,717,0.7305290880616689)
(1679,1799,0.7859314240167681)
(1232,1217,0.6999327781800686)
(2209,1774,0.7767682486548485)
(1160,1496,0.6823980383978524)
(2067,1154,0.08994947241848805)
(2040,2500,0.5452256843665312)
(1211,852,0.7411812288372316)
(1149,1027,0.07849443718298621)
(1750,626,0.982322432217242)
(1324,2500,0.6371972593987475)
(1057,1771,0.9384570048146246)
(271,1206,0.5242862175030186)
(1330,1557,0.8427279284561371)
(1742,547,0.28103816926941305)
(409,277,0.17396201224943886)
(1956,1598,0.17422328158521438)
(1596,1713,0.24462496169766268)
(1701,2027,0.22788063065309283)
(885,1022,0.7137837924628911)
(1683,401,0.2689746478118571)
(1866,1906,0.4009055842846728)
(1159,1160,0.17615272564292916)
(953,1895,0.8054262583694702)
(2261,1818,0.7541397434635467)
(880,400,0.40696793282544175)
(429,330,0.49318790261609247)
(1760,1443,0.806830955801509)
(1140,1411,0.91300123675705)
(539,591,0.7031907408444619)
(869,1613,0.7990929841973459)
(1889,857,0.8113527108083781)
(1518,1778,0.03685135622213542)
(995,328,0.44157275494004233)
(1811,2229,0.6213416277930469)
(1285,1255,0.573809913200904)
(626,536,0.65164762905532)
(979,1109,0.6995111492751509)
(1,885,0.835193637412485)
(1,1218,0.8373926858857532)
(488,2187,0.2860533072952306)
(1887,1759,0.37576197072159345)
(1327,414,0.035047520968559565)
(1988,1838,0.66964313179931)
(1805,662,0.48129329664794196)
(717,504,0.45694741070311395)
(915,1871,0.8391942783600718)
(1565,1365,0.7410932015570637)
(1668,1689,0.2786921866320532)
(1533,1267,0.6237011749210951)
(805,177,0.5430809314728421)
(1067,1464,0.37292073746227516)
(1120,2034,0.9982335236132972)
(2022,2135,0.23996686607656392)
(1561,2430,0.18300944080245563)
(561,600,0.301014935430719)
(2353,98,0.4938012298989801)
(433,1356,0.7110044588568611)
(1456,1482,0.7212714141961035)
(1536,1604,0.9649173607493446)
(2069,1317,0.8423679573639644)
(2040,1945,0.2676968574466084)
(1732,2156,0.5848886452167836)
(1020,1120,0.6471681055859305)
(41,1066,0.9996860562880824)
(1,1028,0.7208831027875293)
(314,1357,0.6793012380786176)
(1728,1977,0.8565888331755172)
(961,1,0.4378778876651577)
(662,489,0.36783900388810675)
(1239,1428,0.9383626667044676)
(1356,1938,0.6630166032467768)
(1446,1113,0.13912383087292046)
(2500,1810,0.182206358910176)
(1988,1672,0.12836754126278183)
(1494,861,0.3671507975691085)
(1772,1,0.9052598677183886)
(946,1432,0.16875281099974548)
(984,1495,0.2782983566641457)
(1616,984,0.5489340123401055)
(376,2026,0.6901339949337933)
(1708,1275,0.7934998790538882)
(1640,784,0.04928782854435798)
(766,1197,0.4229222752062882)
(650,887,0.4413214242307294)
(1651,1584,0.44124234882620306)
(1913,726,0.563740680749301)
(1636,1227,0.18335732970158103)
(840,1682,0.7393146921504189)
(976,1434,0.9401611273673313)
(1720,2202,0.5920635141898017)
(356,543,0.4495325152105837)
(971,1191,0.03195788764070839)
(798,2132,0.8839314359496248)
(1902,1234,0.23425313495164357)
(884,1353,0.09641347870617845)
(1795,1529,0.737007246858993)
(2500,840,0.36142504958321175)
(297,1322,0.6328805827173701)
(792,1418,0.2009036938979556)
(778,1249,0.6856659180144526)
(2500,657,0.7986857244132446)
(2500,838,0.006403067327381495)
(773,1243,0.6400283928212961)
(1181,1490,0.7362556734563894)
(678,1473,0.23906437963351546)
(1386,916,0.4570728634567648)
(1007,1200,0.36817731833856826)
(200,1740,0.17436505338474562)
(1179,1502,0.531994305089193)
(762,593,0.20139582780762322)
(1213,1069,0.6136280726654784)
(1577,494,0.47417129295212135)
(1524,1858,0.8451549849242536)
(2312,766,0.8728348906610913)
(1143,2057,0.254024091545098)
(1365,1052,0.9100592296161452)
(724,376,0.4397512392016054)
(1491,1006,0.6631793270593705)
(1764,897,0.6341948629380173)
(1901,2500,0.5205578380752067)
(7,248,0.48449687212012127)
(2184,1595,0.5616848524153272)
(1281,1361,0.334364456455823)
(1027,1295,0.4940868084587632)
(1388,1325,0.8091261454236531)
(2189,1787,0.9941007027776005)
(533,1251,0.7684123455362104)
(914,255,0.33687795042385316)
(1376,1991,0.7916888409848094)
(1603,1076,0.5446886412690121)
(1283,1,0.8243807324872492)
(1402,1671,0.1793547549635659)
(2070,2195,0.46305730380341825)
(523,630,0.41277437207903067)
(326,297,0.7500055308846585)
(2196,1939,0.9274619502378729)
(1281,1071,0.5173080662943317)
(1508,29,0.48469606030136714)
(1,1090,0.44927861338607256)
(854,847,0.9593823719859856)
(1037,1872,0.5039847270035989)
(81,88,0.7417218880711514)
(2085,1110,0.6717782719554999)
(867,1353,0.8864342698238938)
(1544,1420,0.165287771533148)
(851,2128,0.31877109099217704)
(2114,1053,0.3977637289957774)
(1186,1415,0.9871566633876382)
(1059,1245,0.3490523567392103)
(1789,465,0.42075579997772494)
(1851,1737,0.36015914716377084)
(2253,1134,0.8987556797193736)
(1542,831,0.008283142040949487)
(2031,2031,0.10043959349099463)
(1558,851,0.4618487971265155)
(1375,1090,0.9229450068425479)
(532,2312,0.4253804010508826)
(1023,2500,0.4855302558370921)
(793,2500,0.7564618573541523)
(1805,1292,0.772492439374034)
(2248,1423,0.12624619957194905)
(1552,1096,0.8826385695632334)
(1791,1386,0.7657599508485013)
(270,1114,0.24715659608093732)
(2234,792,0.7701785930179126)
(1066,465,0.6243332495643095)
(839,1479,0.11705095228303164)
(1826,731,0.2788980763887372)
(914,735,0.3616314529725668)
(1630,331,0.5908955664797098)
(616,666,0.6976521901039815)
(1465,1009,0.7395722080008942)
(1439,495,0.08604204350238831)
(1479,1826,0.11873411927689015)
(521,2426,0.32249587296175675)
(1154,2069,0.89688749329947)
(381,1307,0.19405790256048028)
(1259,440,0.6796177421386099)
(2158,1100,0.7482682924014413)
(828,1696,0.0724052546577143)
(1446,2500,0.8842682778973798)
(918,1741,0.6449506072153752)
(680,1002,0.2810841876699983)
(1436,717,0.483697668226996)
(1555,1766,0.9589416273073859)
(1463,1269,0.28733180354331833)
(670,1308,0.1185880921299145)
(1736,604,0.7243949672048694)
(2263,1432,0.7549413655439788)
(1708,1918,0.08227740119541804)
(2332,753,0.6614059475654367)
(544,1921,0.6539190630568571)
(1500,1393,0.4233936808758062)
(658,431,0.11902679360652291)
(1887,2224,0.8899498643542794)
(805,849,0.9867776532965186)
(1209,1771,0.039516911856975256)
(850,940,0.6770754470377618)
(2251,1109,0.36442281049786196)
(1286,1094,0.5058577361229327)
(402,154,0.23022117588548408)
(2500,1440,0.0349272076666749)
(2368,1451,0.8891044810232374)
(1,34,0.23482342671161038)
(435,1697,0.6372846871652419)
(1227,1381,0.9341034174034032)
(1595,1100,0.554497783458067)
(1287,170,0.7431566710639905)
(1225,677,0.18906135335012875)
(1138,1053,0.49024901185662306)
(594,580,0.6682292663339239)
(1497,1041,0.7872647762749657)
(167,2369,0.35708559896551506)
(2079,1479,0.06147516030281708)
(442,1678,0.04625241459415974)
(938,1545,0.17844698134857306)
(1396,500,0.33533020487297227)
(606,1897,0.8050027898061682)
(964,2500,0.6826129649880508)
(1423,229,0.21778289150619623)
(1541,1372,0.8109019696964404)
(790,1175,0.6409756383984283)
(1383,2029,0.6376289594051908)
(1448,1129,0.806810428869508)
(549,1340,0.21358602166660012)
(1300,410,0.09839727529660147)
(1331,1870,0.023275273122816964)
(1600,892,0.6431724664343521)
(1137,869,0.43205892495290277)
(784,2500,0.3835847685810283)
(1555,912,0.6548388286456187)
(2090,1429,0.955584483832758)
(1204,1616,0.4170636809001529)
(190,1090,0.4453473652260507)
(1136,1717,0.28949840496210344)
(1323,848,0.4099260747805983)
(1176,219,0.027771886361259157)
(1058,1509,0.6550834816453941)
(412,2164,0.430852602240108)
(725,1548,0.2799471882016914)
(1020,2409,0.6035089468787277)
(1506,1959,0.34695821664580806)
(2068,1284,0.2767612995627886)
(2268,1103,0.1672375773405249)
(1213,1261,0.16443045336890927)
(1548,1247,0.7209363260701779)
(1290,323,0.2113221019044903)
(2026,1,0.6252501080945362)
(1864,811,0.15595791300992834)
(426,1575,0.14022498072688383)
(323,910,0.38109244696389644)
(615,1351,0.0033711225076322737)
(861,1747,0.2957947464173667)
(1106,2500,0.19297275659083157)
(981,1161,0.936514266991482)
(1506,776,0.4824356193917362)
(1323,1997,0.3063936891835418)
(529,1769,0.7294654898580819)
(1270,827,0.12525666617291908)
(1251,679,0.8396247202976408)
(1629,41,0.07527027481469883)
(1394,1859,0.8635545362752839)
(782,1153,0.8696056335190275)
(303,1422,0.3050770328483988)
(1688,1509,0.9785431033005894)
(1821,1911,0.3280293780810868)
(1145,1835,0.20396002670920244)
(1678,622,0.9867302644360278)
(433,1219,0.47795999410967316)
(2482,2254,0.7943964447299837)
(1341,1976,0.5861255625303593)
(1216,260,0.9293145713635014)
(2337,1520,0.9084970609729192)
(478,1327,0.5913926256557449)
(1076,1199,0.8866948847898941)
(584,1924,0.6728366428673453)
(1814,2004,0.7724678227028802)
(1,623,0.7386873856610844)
(1101,1236,0.4793306863480281)
(1355,548,0.24021993572687728)
(859,2173,0.7680071674631387)
(561,1990,0.3271290587414041)
(2049,794,0.5757949943963415)
(757,1019,0.9610451061603048)
(1396,1569,0.5391321797502925)
(835,1243,0.7433940314609246)
(2093,1557,0.7809532572818133)
(1243,1048,0.015095428582459602)
(911,655,0.3255103876656731)
(2370,1288,0.14076754133430214)
(714,1534,0.018006118643223323)
(890,238,0.7883273022498699)
(256,1965,0.5305316968427278)
(1547,565,0.5568537233912982)
(374,297,0.6032254581073953)
(1888,1897,0.022001091567949937)
(1272,1230,0.3823767414403144)
(1441,2148,0.9724366846947818)
(1652,1687,0.28863333614486275)
(571,843,0.6185408492083836)
(2053,1697,0.4567116977327057)
(574,1311,0.6199499240182913)
(1998,483,0.7978658307433978)
(860,1210,0.9317973568678058)
(1763,1148,0.16417693144105783)
(1896,2500,0.41777609150572437)
(2029,1085,0.29027807090180757)
(1169,1200,0.4350477876599771)
(2461,1305,0.34813728785796927)
(1926,1174,0.06339309703373397)
(1644,1995,0.6789329180331722)
(1436,1284,0.05129478321447045)
(525,589,0.6977840612508178)
(398,2043,0.1883329351038311)
(2043,1086,0.4311914742405154)
(884,883,0.2651279175991407)
(1446,1268,0.26141428759806795)
(1113,1612,0.4317587950909829)
(2060,1140,0.9876316531026474)
(368,679,0.9340524584444949)
(1358,1416,0.4432041135047945)
(1088,1929,0.7761677351810387)
(2330,1771,0.13976907117100557)
(780,683,0.11261057662456742)
(408,2127,0.0710011184720758)
(1695,312,0.9885299228716466)
(1568,1958,0.3429267379894617)
(839,987,0.8590906197636274)
(1079,1110,0.6017838778972722)
(1282,925,0.7723754241421331)
(1296,2331,0.5904549862085833)
(1180,1832,0.4942487769339775)
(1206,1908,0.5236753216903911)
(997,1404,0.233765619367568)
(1673,1846,0.08357526141263494)
(2093,732,0.9965355901528944)
(1459,1230,0.7579095740682952)
(1351,1278,0.5990021885793012)
(849,560,0.5291496846570326)
(878,731,0.0018305162316114565)
(1786,891,0.9504419118246707)
(1309,1873,0.824612656267362)
(1334,1388,0.6988046784969668)
(1617,1588,0.05941332292760626)
(1337,720,0.30132183774663146)
(874,739,0.8380804586232123)
(1655,328,0.020505573546262257)
(507,777,0.5015725232302181)
(1461,1833,0.4449634646208711)
(1444,194,0.5054902884660357)
(2070,484,0.2661072262644609)
(536,1053,0.04101883565853193)
(2500,1276,0.8644410535286762)
(1554,106,0.24225403233938136)
(1,1104,0.3463226822790918)
(2500,1511,0.2932989833993579)
(663,2357,0.3991493438237954)
(2085,549,0.32895013812712603)
(1711,1495,0.969154907518467)
(1339,1237,0.7545120880499881)
(1858,1696,0.6697089140945779)
(985,1643,0.38269413585675993)
(1204,423,0.7986658393013562)
(2015,1846,0.26157703780551234)
(958,1460,0.643199249390664)
(371,1491,0.7457953546701565)
(1156,1253,0.7194895823326269)
(2079,885,0.08183969072260266)
(1777,1483,0.8962935068336709)
(1339,391,0.35610640736381105)
(957,1697,0.03664776652052004)
(1704,1622,0.37393828409155727)
(910,1089,0.9719615161147661)
(1479,1748,0.15278551878502244)
(732,1906,0.7642979994798177)
(2219,1611,0.6010559871731875)
(1,1314,0.06324519982839616)
(488,1981,0.8566956134987717)
(1069,608,0.5278578298065143)
(1026,1567,0.026478058377855995)
