(1685,1796,0.9828540052409439)
(1560,1118,0.6394048163087048)
(664,1580,0.7151324329920333)
(382,2168,0.898664645603478)
(1277,2043,0.6504545747190617)
(752,2127,0.6485371534837472)
(1258,1552,0.6224395514671015)
(1239,1712,0.8719745771479567)
(1,1023,0.5392196653590217)
(1655,713,0.8437150950328739)
(1108,2260,0.8093644475870616)
(1729,940,0.5190683076669382)
(2023,1131,0.5764064047621925)
(1243,334,0.42698184921741134)
(985,1810,0.25728502742224424)
(882,1703,0.6408138728700309)
(2467,525,0.7631066348054688)
(895,1070,0.2873209310184629)
(1842,1732,0.9072183660361394)
(2500,1436,0.673365419564779)
(1493,302,0.14915070490609117)
(1680,769,0.16484332846293326)
(1445,1098,0.17938868744418945)
(829,1311,0.9926342381434301)
(1244,2500,0.9316555916411476)
(434,1576,0.9434786727562557)
(998,2500,0.15021422388589467)
(1858,2500,0.0936072959894948)
(791,2279,0.5297531890928366)
(362,2102,0.9954426463137114)
(1249,869,0.16614778562577526)
(1580,1660,0.1638285988591156)
(1423,979,0.6880887619102137)
(1258,713,0.10518594059435515)
(1356,638,0.19746685563262412)
(2418,311,0.11768546094797805)
(1205,1271,0.5592992409194408)
(479,1773,0.15436963859680575)
(1718,87,0.9050219074390154)
(1125,1258,0.762575584423152)
(885,896,0.898732766914145)
(1324,2185,0.57362581021253)
(1193,792,0.020415135176376387)
(969,1413,0.45471906156586017)
(740,1,0.5644267494011967)
(497,929,0.8832602114323621)
(314,1390,0.8228012344694516)
(2435,1342,0.15289406506809144)
(986,1509,0.30619443751037156)
(1270,1039,0.02777853896387994)
(702,996,0.037941265699709126)
(890,798,0.4713079648762716)
(1576,2216,0.5109357265567723)
(2500,1592,0.3879741377348688)
(918,1030,0.20153070333875844)
(1797,244,0.5058202832944872)
(1490,681,0.869070639340297)
(1963,952,0.6513468040583313)
(1031,1471,0.156820222689124)
(571,2500,0.35382782336708474)
(912,1228,0.0771532614432251)
(1341,1716,0.23244416715767968)
(768,1318,0.2937511184400122)
(787,771,0.9415308761470055)
(1124,672,0.9851492396151152)
(1315,2092,0.3156888545624035)
(815,1241,0.057622077490809054)
(1078,1220,0.5190386437546706)
(1382,995,0.0978138661881034)
(1142,1020,0.10841050362990756)
(1116,864,0.5532680106473117)
(1266,301,0.29519053631851466)
(1644,1769,0.8551114147213226)
(1845,972,0.5173748222519903)
(731,1159,0.789772359851567)
(2008,1266,0.9476757816573476)
(1157,1499,0.4690169686824649)
(1168,1841,0.012125693379678948)
(438,2098,0.7120674863712635)
(1303,1165,0.2825555676324152)
(2069,1060,0.7428507039344552)
(487,1758,0.9594377332118635)
(318,44,0.17463421646132826)
(1466,819,0.43835775648094333)
(1622,1219,0.2659011116944586)
(624,846,0.49404800065665155)
(479,608,0.4328729289260047)
(252,788,0.746670202138328)
(1516,1191,0.3004955087441519)
(732,2500,0.0014498704046340682)
(1428,2243,0.7052344050826019)
(63,1577,0.2275481192745118)
(1576,577,0.20968607256726013)
(873,1020,0.7556559136445912)
(1394,791,0.7494508600349807)
(906,569,0.5967636386700762)
(1069,1465,0.9949854681145707)
(1572,1536,0.5141076587739112)
(649,641,0.5536784263279905)
(246,741,0.4267889927679257)
(1645,279,0.5952497522742588)
(1,1541,0.3264542131866829)
(723,1358,0.05402906685478126)
(1240,1712,0.6266050732612983)
(774,2157,0.9013524756542509)
(349,2245,0.06196471975820561)
(654,1223,0.12936701189069655)
(1336,1637,0.5080379699138654)
(793,1351,0.5312065158697707)
(1617,895,0.7149243895515256)
(1530,1731,0.5983125090576321)
(2117,591,0.18300303230016635)
(1724,526,0.0264814142197638)
(539,1152,0.9653178660385286)
(1057,1614,0.17180736213053427)
(1580,1063,0.14026435258089465)
(821,1453,0.8822636411102465)
(249,1808,0.4904478223093468)
(2197,1088,0.6880458071828984)
(2500,1124,0.6624878402433189)
(242,1597,0.7865774844004918)
(1779,704,0.00681694018806045)
(875,311,0.1415148421420701)
(766,658,0.5262073033406655)
(2247,1487,0.5665595162198073)
(506,205,0.014986906494691588)
(1653,1012,0.13759770940937288)
(1604,2431,0.21210598107783285)
(1832,708,0.9760286944643943)
(896,378,0.11136979080690212)
(1220,1383,0.3282526125365728)
(216,1052,0.8407930937279342)
(344,2102,0.8742167295950745)
(1053,367,0.2288589938561829)
(2312,2140,0.607710340987358)
(2018,2500,0.20353126877061845)
(2014,1519,0.2158614493848121)
(1739,1751,0.6911753616763809)
(1055,1129,0.6535374920009396)
(2500,2063,0.18955846282080413)
(906,1,0.6551914749510463)
(840,1193,0.851477074863241)
(680,1451,0.03796594824172583)
(1,1257,0.9892077699535313)
(1266,2099,0.13920413451497815)
(1,987,0.6184568084342033)
(1499,802,0.943442418414)
(1120,1435,0.12120138713057482)
(931,1381,0.18602442701459965)
(1926,679,0.7202945075360155)
(2414,326,0.9833735327142642)
(1389,2156,0.5683309693267984)
(1,891,0.5368517564542837)
(1319,755,0.8213903689134114)
(1523,815,0.7888330038901239)
(387,484,0.31577799571112375)
(496,1692,0.773782972883292)
(1173,1436,0.8855348112119139)
(1680,1567,0.017304657750236263)
(1702,2060,0.8484623440379753)
(1045,1265,0.14997818437063193)
(2500,1643,0.6045964781172648)
(366,1019,0.8081855952560768)
(2264,550,0.24692553018559327)
(644,1856,0.411312321895977)
(339,1565,0.3850864961363578)
(1608,1068,0.5127833926698233)
(2241,872,0.8011311961097498)
(975,2017,0.8586164987696842)
(69,1064,0.9595521422812308)
(1196,1075,0.5263489568043754)
(1149,810,0.19570357259146487)
(516,667,0.7459710271332061)
(2081,1327,0.5192560389610152)
(554,1342,0.43753244897528254)
(2189,1124,0.7212310135373093)
(990,964,0.7472066100533193)
(1820,1107,0.16704555896966033)
(1280,1423,0.4412555486418769)
(1377,1540,0.07708251881754014)
(380,1211,0.8952385909775756)
(736,790,0.5352019565249617)
(1146,2008,0.678707448673572)
(280,1914,0.8929084873511057)
(1699,1397,0.4668810830662714)
(1364,247,0.5381947586016467)
(1265,1703,0.5475750755558275)
(1587,1088,0.58218666157623)
(760,1853,0.388462338774498)
(1121,1458,0.2104598529314725)
(1474,981,0.4783283595735458)
(814,602,0.02362175698521607)
(1109,2015,0.10371451378096286)
(1667,1770,0.6668731695944743)
(1061,1343,0.3544973070452908)
(1260,1442,0.04579675905000302)
(939,1901,0.5655802621865347)
(912,601,0.0947255362047763)
(1298,1647,0.07851552013729812)
(733,1156,0.7313830036360649)
(625,542,0.8526562748222413)
(960,1306,0.3197014203331813)
(1226,1740,0.4296993797680625)
(589,1349,0.04177207540372163)
(1411,1,0.6245992528629588)
(1618,910,0.14277914999576358)
(1082,417,0.39064488627706995)
(1468,1333,0.4957769480914155)
(367,1297,0.17885422408501261)
(1134,1955,0.812486829622317)
(1879,1391,0.5868305083902876)
(1342,610,0.21954789379559037)
(850,1341,0.7286487091798277)
(968,833,0.4005595956590041)
(1720,1882,0.15553227151059934)
(1467,918,0.09171244730058825)
(1545,124,0.27318050856464104)
(1311,1855,0.7175963809138888)
(868,2500,0.25651896771037075)
(1489,455,0.2693326910521635)
(1528,1733,0.20441789878297)
(1713,1783,0.9889818434112794)
(652,2242,0.15658517477109024)
(1443,1544,0.17718865456565636)
(541,473,0.6624690098786767)
(1124,1975,0.386812306995992)
(711,450,0.39336145627843777)
(1100,1389,0.8535678901475543)
(1018,1201,0.11121863580155189)
(1118,1621,0.46933405947921225)
(780,1098,0.4424914829969737)
(1,666,0.26540198184553865)
(385,435,0.19331245767185334)
(849,1003,0.5389785368425005)
(221,1578,0.27458799774022646)
(1681,1633,0.4085362472180054)
(1346,1499,0.011705622552931949)
(1252,2069,0.8857847630922459)
(2200,599,0.28708814648828673)
(1186,118,0.8728342804683724)
(821,684,0.6854463024895456)
(1023,1214,0.2753216040058687)
(2500,2448,0.6658201687753273)
(269,431,0.5559930912012621)
(815,738,0.49601448101247547)
(1,1450,0.525995763972209)
(834,918,0.5834730297009992)
(1075,1591,0.861967874795827)
(2348,600,0.3636423743309153)
(2121,1080,0.20197237448258187)
(972,1424,0.8399468078954797)
(877,2305,0.7983402732963973)
(777,1331,0.7778776330416342)
(1782,1691,0.1202699653619761)
(2139,1090,0.6616483038014804)
(969,1183,0.014827553039079455)
(1120,2300,0.7663015343332616)
(2305,1883,0.9796847970633553)
(1341,2500,0.7322764934994925)
(1933,842,0.14523433361498161)
(1835,1041,0.9660535481711577)
(2435,1000,0.4572956159426649)
(1872,1846,0.8437379230994938)
(1018,1461,0.29731593861077954)
(973,1246,0.08298470277226522)
(508,1756,0.3731580384331816)
(1396,1,0.5985285281186173)
(1964,520,0.2046660285766806)
(1239,716,0.3936506165243375)
(591,692,0.27241183625388443)
(1067,1,0.1346070349608215)
(2313,254,0.667710628574261)
(961,1355,0.6120835615927447)
(2072,1140,0.9118225521968527)
(1928,1590,0.21207877637370376)
(141,890,0.45901750624536564)
(2034,1144,0.5040060187315727)
(791,1405,0.7980762663507316)
(426,1454,0.3199840952290094)
(613,1603,0.37455917774354264)
(1795,2383,0.9048541580488313)
(2163,1818,0.9023218265156683)
(1923,1276,0.3718985188282746)
(993,1534,0.054410590208784915)
(1285,1364,0.9898708145898484)
(584,2178,0.724424423158823)
(530,2066,0.40887325251661544)
(722,1722,0.3426857398816632)
(449,1411,0.8894990830730134)
(1201,668,0.5477766562400008)
(918,1221,0.6763808147678867)
(102,2245,0.30929312511160445)
(996,1544,0.9229181723501629)
(2087,1665,0.44326121664654294)
(1333,794,0.5240633647061204)
(1979,1510,0.3866658795131498)
(1856,1386,0.22029388218513235)
(2195,991,0.9079794862423545)
(1023,1073,0.3418762486021406)
(1087,1094,0.6269511337965489)
(1407,1633,0.2870034264950312)
(1673,1,0.4509285494337679)
(1955,657,0.7329013058315235)
(1782,1097,0.2873237907791887)
(1357,2001,0.39662346927125636)
(767,828,0.42058435144940387)
(1179,1035,0.6763460906515634)
(1640,536,0.23684405970323374)
(2500,957,0.45372964967540574)
(517,1900,0.0067250642107807845)
(1,1670,0.43795894250955403)
(1686,1873,0.3396685464833772)
(1327,842,0.1684842841792975)
(2078,869,0.42195421872983796)
(1598,1102,0.25521599236335557)
(1733,756,0.8691015201571097)
(166,413,0.5842516271929382)
(1027,542,0.60171125222944)
(1469,2291,0.715860871219033)
(1423,811,0.4071929869512727)
(1042,1139,0.40693428199262427)
(1968,1783,0.910325368078337)
(1,637,0.14281360276523347)
(407,1274,0.672593529806449)
(1588,948,0.9534054284350142)
(1255,333,0.26505986757154565)
(1376,1266,0.7280227515705329)
(779,1423,0.511321197040359)
(902,751,0.9719759680753293)
(1529,1408,0.28429088732382224)
(548,2500,0.7768219580740022)
(1108,1550,0.9882210664994364)
(1800,777,0.26217698036150905)
(1530,1307,0.6477800739064877)
(1277,1388,0.08456416946872913)
(543,1370,0.861606026584222)
(2454,1552,0.07062655593404354)
(2462,1576,0.2860412149267264)
(2202,1,0.8362592427673827)
(27,1200,0.4435354577041982)
(1483,2500,0.480042047825605)
(2191,1055,0.29251986679704844)
(995,2245,0.3751842727472592)
(1280,923,0.08054359097159836)
(1621,1320,0.6843942040968725)
(2116,1,0.43547618275244393)
(1366,1,0.3360899602301507)
(472,593,0.2782472203952302)
(522,1788,0.3966607346473614)
(956,1127,0.31205830446471305)
(1395,1594,0.3795653189461481)
(2140,2388,0.054278761542157494)
(674,1571,0.31890680463902477)
(994,1054,0.703757674039591)
(1385,949,0.8890710138003944)
(2500,665,0.7798213549614631)
(1545,762,0.147146661871158)
(1443,1711,0.38993870338010694)
(976,2220,0.47349247538196526)
(559,1796,0.19439258948722704)
(1725,1771,0.24671173628125231)
(602,1109,0.4709645983001456)
(1037,792,0.5782939103877252)
(909,792,0.7679521101860615)
(492,1790,0.4010219040799087)
(713,1114,0.9499173115744283)
(1865,1674,0.22318122851740274)
(2280,945,0.8825146000483104)
(1654,845,0.5664599145623053)
(1305,1250,0.5589929823808562)
(669,1337,0.16678452750158412)
(2478,1117,0.1929094691076637)
(1336,1929,0.4571491358253513)
(1730,415,0.9844884042758455)
(1637,2056,0.7242935621775579)
(550,1720,0.0538234858290334)
(1367,1512,0.404531776999428)
(1661,2500,0.3664968494565517)
(1374,836,0.28401583413604226)
(1103,737,0.3764740535822584)
(2500,1881,0.5718127162751911)
(1017,419,0.21905984212244767)
(696,1175,0.4839855725801212)
(632,1606,0.12749081631325998)
(1140,1806,0.3178259966952176)
(2076,1541,0.8086449113435255)
(1027,1038,0.7460471511198478)
(1442,382,0.24366642820739548)
(1277,352,0.8730944108753674)
(1453,940,0.8603173376759445)
(632,1,0.8785573575468648)
(1915,678,0.28017164324431)
(1423,1103,0.6146815203249415)
(1804,1,0.7535621040626861)
(1410,1109,0.46488734699519796)
(1190,2197,0.8999198146607474)
(491,2500,0.3625506090801809)
(319,1983,0.3135997409714466)
(999,1391,0.7344156401438131)
(2068,2094,0.43843347272263755)
(501,847,0.2519503846889286)
(955,1771,0.03832394251485938)
(1206,1904,0.6430399087568482)
(875,927,0.6924343393411633)
(1549,1948,0.21861924150162737)
(1202,1281,0.6943463629705391)
(1072,1490,0.7331807756826441)
(293,2042,0.02178123943730248)
(1438,1948,0.37421698158135164)
(1001,1412,0.8796190001878537)
(1281,2500,0.29730260393060093)
(678,1404,0.5748898332792679)
(1577,1294,0.3766413280155173)
(1487,2491,0.3676326109891477)
(645,1317,0.5479127449474185)
(1247,623,0.8731044708234614)
(1325,1240,0.7683600178125009)
(1,1654,0.6617122374314027)
(1474,801,0.90540340314472)
(569,1508,0.8763073376856001)
(1844,3,0.41836534667489067)
(2219,938,0.40745794986075856)
(1892,1401,0.10644848357417025)
(598,1460,0.026843876138572975)
(903,2500,0.17739902312041012)
(1052,1274,0.6076163689194449)
(971,626,0.6913453244997084)
(1085,1443,0.02870003625726736)
(1093,1,0.9676368495544051)
(1278,1441,0.24396282993153706)
(1910,972,0.6722127455517197)
(1385,1407,0.05518271903229499)
(1,2206,0.7378597576689185)
(1346,652,0.12495124315100004)
(1946,1290,0.03881585131951093)
(1190,1085,0.44363758446542423)
(1720,1717,0.6938702953205897)
(1228,1030,0.9885111534056609)
(906,1268,0.6828215762926675)
(1411,1829,0.9499843758582909)
(1476,1802,0.46607286164024486)
(395,1019,0.24764701059803207)
(1339,565,0.9744988668061642)
(1989,2159,0.9048281456577475)
(911,1697,0.2817626267719212)
(1055,2051,0.30220864480133913)
(1774,1646,0.7304446170498132)
(1153,1040,0.4108419825342071)
(1659,1595,0.5623320843538281)
(1583,1065,0.7473314907147507)
(687,968,0.6140566428043575)
(1171,1025,0.9130575670706569)
(2500,1793,0.23688299476425256)
(1772,1748,0.6853706878228569)
(2253,2242,0.028553636038690877)
(1051,373,0.03975524600915992)
(1396,1130,0.24795241812340918)
(2098,1829,0.5172330236568924)
(1336,1397,0.9572527717321767)
(2283,965,0.23625855578273602)
(1812,1071,0.8008316729776137)
(2075,894,0.49717618290346577)
(493,634,0.46259835956632145)
(1923,554,0.8432085865146344)
(527,1998,0.5309901374543375)
(1393,1540,0.5445838922649812)
(1000,427,0.17400131179846667)
(1193,422,0.4742805545895453)
(1239,854,0.6075472847925354)
(520,1226,0.1922902505265387)
(744,1353,0.45104697345245093)
(1870,652,0.6471575925880603)
(2048,1765,0.06907049660239117)
(2500,1401,0.44139453955757857)
(1544,420,0.9075872396033743)
(1442,648,0.5704754329373122)
(638,1141,0.6588219249865271)
(1952,1668,0.3694771552767855)
(1698,178,0.8889526111376347)
(1512,633,0.7265674002904589)
(2046,1019,0.9696402378323526)
(1201,1457,0.6635193871017111)
(1338,1112,0.19517958567193905)
(343,1253,0.1185736647725173)
(692,1271,0.4035843563389505)
(1471,408,0.31557010086084647)
(1578,1192,0.26722274415096603)
(1562,2183,0.4542198325623067)
(1613,1193,0.34907165467326884)
(1607,1551,0.901568274870945)
(1641,1576,0.023501871823884635)
(1406,1493,0.04276772897324255)
(949,1089,0.5315447524207351)
(1376,842,0.4338493111757009)
(603,2439,0.15272722453308984)
(648,803,0.9269116408919886)
(877,1576,0.42199230935831944)
(1548,999,0.1945877885723044)
(1639,1205,0.09122482595268822)
(1734,828,0.9044669787705785)
(1816,694,0.9529755345113027)
(2500,1623,0.058962085669596376)
(666,957,0.7025883998262882)
(815,1553,0.3657976054890345)
(1994,1306,0.5982302675943308)
(950,1943,0.5364148402115496)
(1162,1951,0.26749450533176844)
(1401,1374,0.19163997340249506)
(1130,868,0.13920808485967862)
(1181,1809,0.37574863718346563)
(1902,1717,0.6627135463711484)
(711,749,0.10349862877260874)
(923,1749,0.9272839636943203)
(795,355,0.3357532531701175)
(999,60,0.05188911184441514)
(2171,1781,0.49764167874582654)
(1746,1180,0.7587544707079975)
(2085,1619,0.0715544421840214)
(2438,1,0.08687561737832505)
(1630,584,0.7130388690336397)
(1364,973,0.8312460964838658)
(771,1345,0.41840987411336494)
(677,1459,0.008040051902841405)
(1343,1631,0.07868892430307617)
(2500,1362,0.6488989841539459)
(1380,1044,0.169672533082737)
(1053,657,0.44545941494752905)
(1805,620,0.6647132425577978)
(2500,683,0.5040691078772571)
(1988,1210,0.9009150620792686)
(736,601,0.2737390603105403)
(1365,1481,0.07531307100889317)
(879,554,0.5175994243008984)
(1138,37,0.764846140204402)
(1330,1222,0.0560399810895732)
(324,1815,0.6426424320189489)
(351,536,0.6613943345644484)
(1618,1715,0.7025578273682695)
(363,1339,0.16548918931659906)
(2500,2456,0.4765941188776781)
(1099,1284,0.422743681469968)
(2285,888,0.9911656349577944)
(72,1181,0.01658978905331887)
(1782,975,0.42426909897588494)
(1190,1335,0.5738044808772752)
(925,1267,0.526749400197253)
(1416,1619,0.7431590302489175)
(1671,1384,0.22974710824389155)
(1922,2040,0.6601662652565341)
(1291,1355,0.3057775749065995)
(1570,806,0.1329058685348291)
(316,2398,0.8891055699229522)
(2456,489,0.7967972944366921)
(540,1614,0.12193035538487307)
(1153,878,0.6862576341892429)
(1655,1,0.41511948069280713)
(602,2113,0.6271171679237283)
(1514,839,0.5072325186443974)
(1247,352,0.9542126596679666)
(1381,1722,0.24661831133107803)
(1837,2104,0.6920566346226772)
(1948,1884,0.6974898500342559)
(967,1732,0.23967413455076514)
(1257,1853,0.500470045425236)
(949,1735,0.2914921026179138)
(1872,1104,0.1614649660996369)
(1164,454,0.7175527422675169)
(476,1581,0.3121951945686301)
(1050,2500,0.6072759509749578)
(307,1494,0.29341529557982193)
(2049,1665,0.9264416725717948)
(1841,1740,0.6843062105645114)
(265,1437,0.7289954307931851)
(2500,1282,0.6948331248243858)
(1586,1,0.6957555478480991)
(1538,198,0.8935034853372398)
(1763,1743,0.6783125863308507)
(1396,2113,0.6200105872926455)
(2500,2345,0.9445887902202076)
(1207,2188,0.6406327390460662)
(1038,844,0.27107935354767365)
(600,1211,0.844554920991862)
(1030,2500,0.06074339416302976)
(1448,1512,0.018062967325076174)
(1430,880,0.39122450577758394)
(1266,663,0.4702065562586587)
(1210,1505,0.8948436453134999)
(1239,620,0.658974224936508)
(1146,900,0.7658922173607995)
(761,1882,0.476674659987677)
(2500,586,0.6823724856379254)
(212,1416,0.9742005796716126)
(2103,2211,0.4944853563765472)
(841,1412,0.3419642969132024)
(1350,1566,0.42492957556834066)
(1246,715,0.23600905599589972)
(856,982,0.6556036609439675)
(1013,389,0.6598336248721556)
(2361,1062,0.1008425352702037)
(2162,895,0.8849320988158037)
(679,1351,0.8621398779547764)
(244,1612,0.5873685481258717)
(1179,1561,0.6197379268836737)
(1662,523,0.8463082389486103)
(1569,1322,0.5631845890685755)
(514,1786,0.6088610472195171)
(1523,1495,0.07442822239088254)
(1914,1757,0.9361653498263719)
(1492,770,0.49464636693615005)
(1218,458,0.10887492559169765)
(1679,863,0.11685199853093331)
(746,2187,0.49720050497136636)
(917,63,0.609558320073587)
(2193,1533,0.5920883981906855)
(722,1760,0.7338495789858209)
(1,1572,0.6674265932733908)
(1691,633,0.5204447937401144)
(823,963,0.30171794372232463)
(425,122,0.45304464861820404)
(872,683,0.7188982702408215)
(483,1077,0.37307329075900075)
(1420,1475,0.11039565062865009)
(1253,1695,0.3823930413399744)
(1958,547,0.3357279250738331)
(1816,989,0.11719260650982544)
(1223,2017,0.9409618955777849)
(1164,324,0.6789146490184726)
(1450,2463,0.5299079281865295)
(907,1467,0.05868177790333673)
(1868,1350,0.3705251357009971)
(363,1706,0.6735718678348169)
(1260,1603,0.9986019655737154)
(610,768,0.463333541227699)
(2081,1428,0.9548547470386416)
(1379,294,0.020322261526090957)
(228,1201,0.763046098950527)
(1020,1038,0.30184963598687553)
(1373,1022,0.15636288454096514)
(2092,1986,0.03347347619729735)
(1118,721,0.3026256069592035)
(1945,1551,0.24740919257377603)
(2405,1382,0.2052222085102695)
(674,902,0.6441679850964719)
(2207,1541,0.3319477304976417)
(1627,1025,0.34330801148264345)
(1560,1844,0.7653825117774496)
(983,571,0.45419869557241266)
(1008,2500,0.39688557296042015)
(1,1568,0.27267836609565665)
(1013,1305,0.9491351497796952)
(1060,1438,0.033456950706318156)
(1375,1286,0.5278928470669033)
(1055,1175,0.9259482777984501)
(67,599,0.548251101415408)
(695,1138,0.18606013639222196)
(2198,732,0.383982692106164)
(1672,1416,0.45555684461400614)
(1533,1525,0.3804216945410085)
(820,1327,0.1933083686725352)
(925,1234,0.34822867569627425)
(1055,1532,0.521614144016433)
(977,555,0.7743773773480056)
(1026,812,0.0666411450930231)
(1329,855,0.9133438874796088)
(1101,1,0.7306848160904111)
(481,843,0.3147177938467909)
(1446,608,0.544226712848465)
(1161,1636,0.8273528595992135)
(1736,802,0.08711949833658539)
(1761,784,0.3855234386476428)
(2148,299,0.5666137719386168)
(1057,2500,0.9843428424571777)
(932,1845,0.7098268926817287)
(1658,865,0.3362458568984372)
(2039,1700,0.8927542156272772)
(1292,1066,0.21846928081859118)
(1498,1705,0.2940494368228539)
(758,616,0.344367694138107)
(516,561,0.7138747362474555)
(1445,1442,0.3177799596217451)
(1646,1950,0.6062523663048355)
(1738,1605,0.6880657337805273)
(1481,1866,0.948415242749433)
(1885,2144,0.7431374644760158)
(302,1361,0.8340215938169523)
(1763,539,0.9233227508047834)
(655,1622,0.751534250248119)
(2500,1217,0.46306580169473677)
(221,1095,0.7306520576731488)
(1795,1272,0.9009912768837273)
(732,1816,0.35816800498727763)
(1254,1711,0.33497181217594785)
(1420,1035,0.8297505511714556)
(1304,1435,0.7046953811955756)
(1551,1874,0.2990754886517838)
(2500,959,0.034731760881258844)
(532,513,0.20190882874617022)
(1240,1,0.13882034838187562)
(2500,584,0.5472089499651008)
(1789,792,0.45340461702015844)
(36,1800,0.8342106629824317)
(1064,358,0.8003193075467823)
(1108,1600,0.05533465112615443)
(1234,709,0.4112851916134611)
(773,1389,0.9381093794434512)
(1277,1382,0.18429723804974008)
(704,629,0.42555712791041855)
(2074,1500,0.5597989605441495)
(1242,445,0.4522879660793747)
(1221,1179,0.6453577324720778)
(1440,2085,0.5519392611759838)
(817,1024,0.4618102972607204)
(1305,1146,0.2435175215626152)
(790,954,0.8241609133413607)
(1373,145,0.7441306454857334)
(2424,2476,0.924347847061999)
(2500,2171,0.8205333955753026)
(608,1106,0.48609601914371336)
(1552,1660,0.8113643393608466)
(1242,1009,0.2580558380438881)
(686,1461,0.29158884361179105)
(1495,1027,0.6272793388863594)
(1303,752,0.8310814203816455)
(738,1177,0.7266844126712227)
(1851,1011,0.09469704825071046)
(1254,1083,0.7352735863676066)
(1906,1663,0.4426921977697592)
(2156,1019,0.8127559906602404)
(1604,188,0.19884705378244505)
(1067,1152,0.5538765366426495)
(1012,1167,0.02799374580593128)
(1003,1184,0.4593409353859592)
(1794,757,0.6084143274758599)
(1148,1403,0.3631498764929738)
(1120,50,0.5454461198626619)
(2197,1538,0.8007156940331919)
(1111,726,0.7976978498210291)
(1686,1504,0.8314352649912454)
(1235,1657,0.49173704804140883)
(1529,530,0.07067374088162359)
(1228,1192,0.6784253977934508)
(1217,2500,0.640195311953098)
(366,1061,0.7828463616394873)
(1702,1551,0.14327971966522113)
(339,1050,0.6850893512973977)
(1402,1415,0.7616176525786579)
(847,639,0.26856868212892193)
(855,1804,0.8751967941660107)
(932,2265,0.4963229342717459)
(1908,541,0.29336240030850225)
(296,990,0.3102698891222474)
(2314,2500,0.6952544952590635)
(1604,1166,0.7129810192266602)
(1426,853,0.5898330088043273)
(1843,984,0.5519153031748486)
(412,1505,0.18860916000563033)
(2388,1753,0.5519092119889711)
(1225,1191,0.5878080270291504)
(885,139,0.9138018228104712)
(2486,1252,0.23594599919320924)
(1591,2198,0.9291425918584195)
(445,1173,0.46075202145367045)
(987,852,0.4833791944505489)
(784,1206,0.2534707264763859)
(2500,2380,0.060030916793163636)
(773,515,0.5713719419169054)
(662,1684,0.837607667062084)
(1305,2166,0.41418718300542434)
(1984,721,0.15325821636143344)
(1115,1294,0.15505738089411547)
(833,2066,0.5415571297963578)
(510,741,0.7322336982384832)
(1341,532,0.9986276149099638)
(1001,1251,0.6244651981235531)
(635,920,0.7435880512724129)
(747,849,0.316986392793703)
(1857,1109,0.3814902440162271)
(1221,788,0.617461592878679)
(831,229,0.09123418762185742)
(697,638,0.5813560332453518)
(674,887,0.3036636995748089)
(630,1854,0.48387475356545595)
(2244,402,0.9082865226201796)
(987,2285,0.02322177944164816)
(746,1624,0.8073046124916495)
(1179,1194,0.040726724902380496)
(1686,1331,0.4722511899790284)
(566,1640,0.9734630674862006)
(1487,1112,0.2385832372363932)
(397,1,0.5461372116090889)
(1390,2500,0.8729614040393928)
(1896,2046,0.3369794492822049)
(1467,637,0.9712124626707798)
(2296,1407,0.6578497046559814)
(2269,2293,0.10771879555881914)
(1837,1065,0.8501851004790765)
(2050,1463,0.6487611402982074)
(1787,1609,0.9856945606310578)
(1377,1558,0.7642222221068433)
(1556,2122,0.7344633962491175)
(866,2146,0.030791910027170744)
(663,1445,0.2543647996226718)
(1325,886,0.32142161057009977)
(1327,1270,0.010241526973001291)
(1597,1008,0.5085228493012894)
(1284,1686,0.06412748300313742)
(1920,708,0.31616143796181106)
(2341,1806,0.17000965011298708)
(1057,832,0.8017784155077798)
(1633,1284,0.923521773829547)
(1048,702,0.16600595944193453)
(1973,685,0.5950056557618626)
(1785,972,0.6548202285069293)
(2232,706,0.27293219476006536)
(902,815,0.47583550727439683)
(1578,1972,0.6667673489537177)
(1713,1242,0.5016485938260179)
(982,158,0.7735216194952274)
(1806,1832,0.33046281650615184)
(976,1762,0.04444177445517883)
(926,1763,0.6294813670082403)
(1016,1502,0.07231308111244283)
(1279,1698,0.2071538148158938)
(1775,2070,0.6642773458644918)
(1841,2500,0.03906284557325945)
(299,776,0.7054951267902054)
(1350,955,0.6716682439324866)
(127,1374,0.22793770102213917)
(878,1972,0.08141594199554514)
(759,1696,0.6657332272942981)
(820,631,0.34660492432301104)
(1788,1482,0.9690876351392607)
(1,1244,0.38920584621092813)
(2084,1276,0.25839632730055273)
(663,938,0.5603884752831665)
(2296,221,0.4670584791669099)
(1415,744,0.5933064000399008)
(1090,1527,0.9539914680005076)
(2018,1983,0.07631782870133719)
(1631,1209,0.727006956471888)
(1610,654,0.002274570484641081)
(1592,886,0.6229216604144565)
(2401,1,0.6098568579871454)
(920,1379,0.8347732843963014)
(1,1163,0.11795626576312268)
(1554,596,0.9744945108773442)
(1806,762,0.2976992220662834)
(2048,596,0.15934564102882565)
(908,2500,0.9003338548696143)
(1265,2500,0.15647638906272832)
(99,1019,0.4197254907601382)
(331,1179,0.7197871151043733)
(268,1361,0.47766626819001146)
(1487,1103,0.23441669262936837)
(2128,848,0.6210175611151378)
(2389,875,0.4108069926669027)
(1324,793,0.774604480080223)
(799,798,0.9487423286925116)
(878,525,0.36582107412993137)
(1593,841,0.1976363003757673)
(1584,998,0.28225182243603)
(2349,1272,0.2650430056143619)
(1501,431,0.6894522981962642)
(1519,1311,0.13473296097992427)
(124,2108,0.3247929973295254)
(1441,694,0.579600946961355)
(1805,2342,0.6989439971597359)
(1486,1066,0.15912516923307296)
(1437,880,0.8428345141091262)
(1360,1114,0.9710926487063541)
(344,2162,0.6940479508415017)
(525,1428,0.6319006030071657)
(624,600,0.23299850674698752)
(196,1581,0.32360445120550996)
(1481,1343,0.5321711430109057)
(1800,795,0.2145440647756427)
(1131,1034,0.26303867939888026)
(1478,1329,0.611971162750474)
(1649,554,0.7765799585821795)
(472,1226,0.5329872248795168)
(718,366,0.3598392680987673)
(1560,1937,0.2934990440500017)
(1805,1660,0.7174194585553997)
(2156,867,0.3886439891332394)
(1633,643,0.9603001605921958)
(2116,1497,0.222125818998405)
(1753,1576,0.9792489280156864)
(1031,223,0.24531531905532367)
(1622,1694,0.7284989833220864)
(1344,1537,0.3525484761865494)
(728,536,0.8575898770476995)
(1430,675,0.4095229268569722)
(1582,1050,0.40008084214259143)
(2013,969,0.4043457239651149)
(1274,250,0.5305895791139452)
(1481,1973,0.10041882197520413)
(1243,1239,0.7283964426243719)
(1141,1277,0.3821892754276719)
(1570,1618,0.49225420264961983)
(401,624,0.5831797971100432)
(1436,2013,0.2970473644263044)
(1347,1614,0.08015368121103938)
(1278,1779,0.6808851383397714)
(1846,883,0.38535212542790787)
(1,564,0.5471348886947598)
(784,1566,0.9677340308897836)
(1282,436,0.1947373884214587)
(429,984,0.48655858857730117)
(1310,1884,0.5554305984586513)
(1756,921,0.7731101061626401)
(1961,612,4.384503645737947E-5)
(1878,613,0.9332741707091343)
(617,521,0.12515321172123695)
(808,958,0.6461666855113007)
(235,323,0.38685476820742226)
(1135,1797,0.6577199214520358)
(1308,931,0.9037262839806921)
(1985,487,0.19501887826683295)
(1735,931,0.6555440993324824)
(1834,923,0.768917785853742)
(837,1690,0.947127726950987)
(920,627,0.3706078239445474)
(1103,1148,0.42823146390257305)
(294,234,0.9259939219779517)
(1950,894,0.6567194736222548)
(1228,1704,0.49396230172819156)
(612,327,0.05427726183492543)
(1174,980,0.5210089023183602)
(794,857,0.00915777132022011)
(2069,1870,0.38261017465556957)
(1689,175,0.4184131416460849)
(1604,771,0.5908231797569532)
(1327,1094,0.70978364162824)
(1,1322,0.183000499461483)
(1988,1933,0.5020400391744612)
(1051,782,0.27186241914360754)
(1497,1,0.2570453054446389)
(499,1722,0.3747900843930215)
(930,732,0.4744006757716722)
(1,925,0.07066469853974977)
(2500,1704,0.31166058499071614)
(1754,1820,0.15403430444736066)
(147,1752,0.7367626373032471)
(1531,1787,0.9052100456015436)
(1055,1418,0.6594722498877383)
(2244,1665,0.32738375940918885)
(787,938,0.2589749791006706)
(892,1670,0.35854087481140684)
(1531,1148,0.6010756754832812)
(1237,567,0.009052655221651218)
(1938,1167,0.2982046391417479)
(1026,481,0.07942773367568579)
(1715,597,0.23469126532147522)
(1022,2035,0.7240980239597092)
(116,876,0.6722216114611135)
(1330,1505,0.9814672289462316)
(103,1338,0.3907421692206985)
(921,2500,0.22167352484223168)
(1510,1652,0.5711152050767615)
(2163,1827,0.2320891600022157)
(1202,1,0.5611570734223342)
(1217,694,0.6347949309141091)
(2500,1189,0.33564004156112404)
(940,1105,0.8957660281999732)
(1538,950,0.4337156079708212)
(1873,393,0.23674179398393758)
(1047,328,0.4505954554999009)
(538,1025,0.9567229267107922)
(803,465,0.9920146723194847)
(236,894,0.8201516884173458)
(675,656,0.0031461522867803904)
(420,1099,0.428466960346642)
(2251,1,0.3350030864348408)
(1084,1623,0.49129776507781464)
(1796,765,0.8316593414089309)
(175,543,0.6153284067952742)
(1553,1077,0.011731807453549625)
(2249,1352,0.3478278154852783)
(1036,1409,0.8444982477246321)
(1761,724,0.005042952132217393)
(1204,1438,0.4974301758966926)
