(654,2103,0.5970074097002147)
(1915,1461,0.5864734159905587)
(1388,1038,0.5290612166156575)
(1408,769,0.7165643618336217)
(1414,2112,0.42353588627643046)
(907,1463,0.8485344478700606)
(842,1750,0.4324785330951061)
(1591,843,0.40316263496817295)
(1233,387,0.1393690545105971)
(1781,1400,0.24519898285314123)
(1411,1729,0.5821455248585955)
(418,875,0.5749035612109649)
(445,910,0.5171942131433985)
(1309,1794,0.13238317006433975)
(1462,1492,0.7213462949198941)
(1500,1470,0.5489767677624975)
(897,1263,0.36873017083857496)
(1285,376,0.9781841293804527)
(713,1173,0.9842761173102216)
(375,2139,0.33376715997557427)
(668,465,0.362239467329489)
(260,1650,0.43702603332832046)
(1021,1826,0.08855213758575686)
(803,553,0.3965661106758418)
(1359,1225,0.22896727417913965)
(923,1281,0.24773643028064618)
(2458,1013,0.8690403993030902)
(1258,950,0.8673394441554418)
(1857,1448,0.8676929143596731)
(1423,1110,0.6473105816640241)
(1696,2017,0.8474086727891025)
(1801,1375,0.9005103385161255)
(1499,2125,0.9906216609606653)
(816,329,0.8499439751947442)
(1499,1558,0.3349329479210603)
(1895,983,0.7692002738702812)
(1303,1359,0.6718754903921292)
(1045,1102,0.2702457095444518)
(2161,1130,1.242942227789312E-4)
(1607,704,0.2213191313731514)
(317,204,0.06650247000792697)
(576,1537,0.9978241783138261)
(796,2015,0.42334805723242497)
(1,1282,0.6579435731752659)
(397,1160,0.3482779942758122)
(923,2076,0.5101849752184738)
(1680,1324,0.5094614437194279)
(971,1530,0.9897212149283519)
(1457,818,0.35717570862635084)
(2500,1548,0.8016982942801002)
(2198,977,0.24499137480009536)
(1155,2320,0.18280217636106888)
(1127,1652,0.37774186581649083)
(962,970,0.1538711255532338)
(1624,1778,0.5118422372671084)
(2054,1250,0.2861104598051577)
(1578,1931,0.10226469963700013)
(1318,1368,0.6361107237645707)
(2289,851,0.39228343948701183)
(985,723,0.6593235345519757)
(1348,1149,0.46305477821732355)
(1435,574,0.6501070250527275)
(1326,1,0.9535502512802347)
(596,402,0.1620856649075607)
(268,756,0.6065318290353032)
(1040,1292,0.4063489373053303)
(456,1403,0.224068423387753)
(1928,1321,0.4331367936543917)
(14,1125,0.3711181100282779)
(1790,1246,0.8624391163929676)
(1444,1377,0.6677089134001627)
(2229,846,0.3906529348186709)
(335,303,0.35041469068332776)
(1749,1648,0.5729144625122103)
(866,1362,0.1140853416945038)
(1464,2034,0.4076808257537209)
(982,824,0.9685819322082788)
(576,1883,0.5767233523339415)
(1863,1,0.6336551890500874)
(1740,1344,0.7810523210827813)
(979,2071,0.8023912751550097)
(1967,943,0.048120879313303555)
(546,119,0.08733913889518419)
(1053,1785,0.3231268044953426)
(2392,1112,0.35080241774747023)
(1639,1,0.06382290727485929)
(1978,1832,0.962923998441989)
(1029,471,0.46241481704330667)
(1325,1407,0.8521044944749532)
(963,886,0.5570532830436686)
(1608,2500,0.8876392151625481)
(61,1410,0.9299796711737128)
(1480,948,0.2294323870085595)
(1073,1432,0.38236872879149786)
(1527,796,0.8854380097094157)
(749,437,0.8220371339980698)
(1448,966,0.02595947985004432)
(721,1881,0.6681606318400407)
(925,1859,0.0793825071942138)
(919,1194,0.8685471152183705)
(2500,1145,0.07566038020062227)
(1929,1201,0.8951261475248096)
(2192,1313,0.40484413655058626)
(1874,1949,0.0530552758549695)
(987,884,0.33384245344341923)
(2500,1390,0.19069462341908905)
(1508,560,0.30518740856016124)
(943,2082,0.6742696036980702)
(1912,925,0.5989443601515219)
(551,1610,0.8597138440108469)
(1415,936,0.4482302158788647)
(1385,488,0.6504650709079453)
(1992,1298,0.1884181129452177)
(1223,1259,0.5475110970563091)
(1951,1218,0.4574143319822428)
(2335,1323,0.02733656707562304)
(1,536,0.02071875315311711)
(1319,435,0.47775756862320684)
(951,1132,0.21653570814544398)
(1489,2370,0.26763113985933984)
(2184,2288,0.33625489853645896)
(1763,2259,0.7360945498233259)
(286,712,0.7096196585879907)
(617,2500,0.7260421430789101)
(1743,1909,0.7303748881539587)
(1921,1402,0.5479953725766911)
(852,1404,0.5275797866025962)
(1343,1,0.11131756481787625)
(1025,931,0.5216942416615208)
(1332,2500,0.40584980710190766)
(524,157,0.4927826443239448)
(935,1746,0.12212447914731828)
(1210,428,0.7379736543707408)
(1213,1235,0.9041768468042216)
(2405,1886,0.7611786710258399)
(1172,1722,0.27586123175625454)
(1192,827,0.08638503588745428)
(1031,1083,0.8758416382972685)
(1832,1307,0.8635893556229549)
(1921,946,0.9528874523874056)
(1168,1808,0.41688306514228823)
(1440,1018,0.6944064693970833)
(88,1385,0.4512731460303826)
(304,674,0.43311028164660537)
(2451,2359,0.6341847967110273)
(1661,1498,0.8965612213910261)
(2186,1011,0.9145544806376905)
(1431,2120,0.879302096866152)
(1339,750,0.4507339649972105)
(101,1737,0.41418907287271467)
(1550,533,0.9278759492037162)
(2500,1851,0.6500182335815867)
(1677,1,0.3198572162251032)
(1189,1290,0.25227888587328584)
(610,1,0.45349386745554343)
(2136,1289,0.17776459143154044)
(1328,1926,0.10896598391669665)
(1478,1717,0.9799327380582853)
(1412,1155,0.23436419435543643)
(1817,1796,0.7796197911676246)
(1354,705,0.4819633575040836)
(1700,1111,0.2503561602194455)
(1127,693,0.8854540061392125)
(649,2033,0.7639414661035592)
(1341,1380,0.4455950899507871)
(1110,1060,0.28393040296302097)
(1668,1478,0.630481265320749)
(1278,2049,0.03026750118708832)
(2015,1316,0.15655722243618264)
(1403,1084,0.7708155561805046)
(1992,1273,0.7046404863208885)
(702,2013,0.7390525622434765)
(611,2034,0.36800844674543587)
(2500,1602,0.07010496694744262)
(1,764,0.9820180227412572)
(297,1541,0.7723616477448233)
(1625,1122,0.37954696503556773)
(894,1973,0.6501303998921091)
(2350,1007,0.7231757213105078)
(2500,1498,0.008087864037239711)
(1336,808,0.07379228326885712)
(746,1,0.8482039970604295)
(2231,497,0.6244122465724867)
(1450,1978,0.3395517105263227)
(1492,1270,0.7308201903063948)
(1182,1871,0.4819592775669441)
(941,2191,0.7254160997329001)
(1264,1219,0.7327109605684535)
(1738,575,0.42733336748652273)
(1239,1742,0.030642330824066533)
(1,2041,0.7260177502306612)
(1918,599,0.44660255098595214)
(551,282,0.7169431284817492)
(949,464,0.17828597954399694)
(1991,1918,0.9512408842451736)
(1322,1440,0.774155626187262)
(895,46,0.14210716326943063)
(1082,1727,0.21899985268702293)
(1189,1412,0.7976804398920315)
(363,1578,0.6213258801909183)
(813,2500,0.015255742408209816)
(1259,957,0.5695555436115392)
(1710,762,0.9337731312775065)
(354,676,0.11413904823655419)
(1123,1479,0.9275888446990059)
(2411,1235,0.24759004536218354)
(1897,2102,0.28148376644415285)
(1083,787,0.5875297101353069)
(1,1424,0.2261957431812217)
(680,2207,0.5721247493356272)
(1450,2174,0.9362442002257485)
(800,1163,0.7418888716967738)
(1668,1842,0.056326630859391824)
(1940,1723,0.9554584431407629)
(1287,1926,0.35599907273810605)
(1475,2121,0.4438094010830754)
(1230,682,0.29469290880404353)
(1260,1352,0.7088361742952627)
(1077,1,0.690671794470081)
(1357,2105,0.8538994544258738)
(2334,1274,0.7147855174025733)
(116,1849,0.9674937031372542)
(1496,1630,0.15011055212359836)
(1882,659,0.5440510994175379)
(2088,617,0.440373180785948)
(1551,1205,0.2202444278887613)
(323,705,0.8864035648216037)
(207,647,0.5613999312466964)
(851,1795,0.18972462892822295)
(920,1121,0.6001669689486991)
(1419,1611,0.11408873116767082)
(1599,1075,0.9879289898139999)
(2360,1037,0.3309865634862872)
(919,1331,0.44925985886576014)
(1127,922,0.18361288777252338)
(891,709,0.5643579729971532)
(1237,399,0.8666154912941835)
(516,812,0.4995656455458688)
(638,591,0.43535879643394193)
(68,1509,0.39236258075108255)
(1316,421,0.635581568837002)
(1221,718,0.25814746666868404)
(1649,467,0.9672220221159455)
(2067,971,0.18830157129773595)
(866,1070,0.06678243942177475)
(1266,427,0.8197733263608057)
(1889,1507,0.9028873653021537)
(1951,2002,0.8253484257465723)
(1697,1584,0.3945833571959507)
(1892,2500,0.6546666913479079)
(1174,1533,0.305422679233049)
(2088,1202,0.6741065660902337)
(845,685,0.9983378200461803)
(1874,1219,0.23140341429772748)
(1269,173,0.9959307276869295)
(1876,1295,0.011293362029959897)
(438,997,0.3247114543873407)
(1030,1825,0.8024297833195865)
(216,685,0.44586374425757525)
(1093,2073,0.29723947471502743)
(1565,735,0.5357420461599822)
(540,831,0.9675276879052358)
(1540,1392,0.590611626693061)
(1181,398,0.9607222440001068)
(1712,1185,0.3126876987720477)
(1411,2178,0.07383608120595131)
(1381,1557,0.05562906156635394)
(826,663,0.9662004955467502)
(517,1446,0.9794197672175031)
(1677,1865,0.29913810336715385)
(197,1651,0.22039007476759176)
(1326,769,0.9367749098016326)
(1386,1777,0.1639713996256299)
(664,1478,0.5823211592496499)
(2017,709,0.16041688394782605)
(1822,1430,0.8937186567876816)
(1785,683,0.7342145444376273)
(2029,991,0.21507425430090565)
(515,1296,0.3430621991628301)
(1329,1431,0.46290752512690325)
(1075,470,0.6684465833128327)
(887,1850,0.7613513301602336)
(1055,683,0.8862251052671756)
(1820,1474,0.7484627943493654)
(2110,1276,0.5934524870023149)
(2500,855,0.6863522686974832)
(830,600,0.2800341042311685)
(1699,1186,0.339019996938301)
(1157,1156,0.9116890438843311)
(1391,1313,0.038691946638597874)
(1205,281,0.29522189480875205)
(1712,1342,0.6640621873736611)
(1610,2015,0.2762278243253863)
(786,908,0.3662709070355614)
(1970,1386,0.26992761979176383)
(1379,1334,0.5403297266796947)
(1672,1257,0.7358173294609179)
(2199,525,0.3563476821360303)
(347,581,0.9585016218875341)
(722,1514,0.3854943609352136)
(910,1310,0.8723383691787974)
(2142,1000,0.4966486418198722)
(1291,2116,0.135047081259286)
(1011,628,0.3652697823126333)
(1451,1987,0.6692392230771804)
(2409,1637,0.10317022821440469)
(38,1054,0.025880408665999166)
(1015,936,0.9928480313821743)
(870,2363,0.14688427100903434)
(1065,1598,0.8968216937266246)
(1688,1034,0.8380453032300729)
(1190,1368,0.6115238217060441)
(359,941,0.3029072661074935)
(604,2456,0.4314613191820673)
(1436,2084,0.08420888213290822)
(755,1885,0.93141127781414)
(2325,1709,0.2233488764871332)
(1045,1258,0.4505458221514086)
(892,1261,0.8440991578003509)
(1670,1363,0.6150305360837687)
(439,1198,0.6455203120768362)
(1779,1231,0.7665130562170667)
(931,1863,0.22492948089410625)
(1269,2032,0.6023114938979575)
(1004,1146,0.8526736597998741)
(196,1372,0.5852999381758752)
(2444,1214,0.3785451240547958)
(1840,2291,0.9218998934594292)
(696,1129,0.25367367500814153)
(941,1514,0.5684807857610039)
(712,1871,0.9381090842076183)
(2034,401,0.05192734216506778)
(1046,2500,0.5586826129411075)
(809,1359,0.2942694643312457)
(580,397,0.6665274424438858)
(1973,453,0.6440701513281327)
(640,2500,0.5630049240455832)
(611,799,0.8860805633507775)
(1621,1239,0.3415566502454004)
(1998,1701,0.12389149592422166)
(2500,1482,0.7944767523499939)
(1518,1782,0.6012212915123404)
(1975,41,0.23122850207832035)
(1652,1181,0.3926410382357989)
(1359,2062,0.5040927313924054)
(1952,1301,0.34735304979802173)
(66,2089,0.10944837865719137)
(1595,1846,0.7028785475481567)
(1390,1365,0.4936948976069585)
(804,801,0.10765290400737171)
(1645,1679,0.9872739511742948)
(807,1271,0.7081411929538298)
(547,1182,0.9262096575055494)
(961,2010,0.14628453493156457)
(692,1166,0.1735789055831738)
(2074,1290,0.6716115293496414)
(650,258,0.795691586645578)
(1271,309,0.4342789482329861)
(1930,1920,0.07891528146556503)
(1184,1974,0.60017021677351)
(1508,1149,0.6573140111569655)
(1856,492,0.1834493039637901)
(1214,1250,0.5451103145676145)
(311,1451,0.7249445375480869)
(546,1303,0.7595107107401596)
(448,1929,0.7945816090506098)
(1305,1390,0.35652554974232953)
(1070,1211,0.8150076674307876)
(1332,1686,0.8196685940945064)
(1151,2242,0.10368315489764612)
(1193,401,0.5151885981814314)
(756,1324,0.5747819574241588)
(1575,2183,0.20221781780330383)
(1533,1614,0.4007352003595607)
(1314,1020,0.22065576282668198)
(994,1410,0.6289535087637019)
(1102,1925,0.3180480718897869)
(2142,2497,0.9096162062724344)
(1269,1205,0.6536726684261406)
(1043,1586,0.16985371759177248)
(579,843,0.9165278111265666)
(1789,1545,0.4351736676271327)
(1119,561,0.886873630075083)
(1635,5,0.7924730880311276)
(167,2180,0.8831971174010631)
(1160,1563,0.17357515331839302)
(1474,1118,0.5821210329350816)
(2291,1473,0.5432840505314234)
(1680,605,0.726588392151031)
(1484,1549,0.7145629693439741)
(2457,761,0.4586376447489634)
(1369,1,0.6603496510625406)
(1316,1805,0.30486918838855404)
(1282,1327,0.3787422252377911)
(1420,1809,0.984397006416442)
(962,2268,0.3604391230152324)
(1397,1469,0.0434248231522818)
(1068,573,0.043066386618964114)
(745,2469,0.5532587035299236)
(896,2023,0.8465601241885921)
(1262,1169,0.38450576465783504)
(928,1842,0.6668995772046916)
(742,846,0.643146754616932)
(1080,1472,0.7454320669576682)
(1433,1922,0.8576975178854372)
(864,714,0.6802957699311594)
(1145,2096,0.8676569149666014)
(945,1,0.22719116694373653)
(1136,1499,0.24232211303276885)
(1166,832,0.2923982315692608)
(412,1563,0.9802912036518268)
(1197,1478,0.43650193975153884)
(1465,784,0.4575262441498201)
(1373,700,0.7058387300661608)
(1454,457,0.08269321687948872)
(605,1788,0.9677377841556777)
(1381,818,0.1133094949271023)
(564,1774,0.20006962577385645)
(1871,1612,0.3791416519351175)
(883,1004,0.5396727352075058)
(824,717,0.29468316997877275)
(1347,1104,0.2258343028689621)
(1116,627,0.4164637434549002)
(74,942,0.27524288592642643)
(1114,824,0.46712484180262903)
(2240,455,0.38489336118537976)
(739,2415,0.7059762596506582)
(1075,1852,0.9065963535532061)
(723,2105,0.8062777019651758)
(861,1259,0.09607512196605783)
(1778,1123,0.74063287759099)
(665,698,0.7076765963929369)
(1450,1567,0.7475039122490942)
(171,540,0.9666719556674347)
(1105,2152,0.39453187223460595)
(1749,832,0.8883529064622856)
(782,1984,0.9027734800397791)
(1902,1042,0.756693619459119)
(1849,798,0.19277359576083086)
(138,1534,0.9566124781857098)
(629,1368,0.8576987435602508)
(2201,368,0.46592052137949336)
(1405,1185,0.2874829480799638)
(795,1166,0.5456026063447835)
(1186,1050,0.9822656933178718)
(1171,2500,0.8200828503426598)
(1241,1180,0.36391452243904754)
(1048,1558,0.49760322446124794)
(1181,1417,0.0062159997068843564)
(818,2500,0.5018928164846983)
(1963,1521,4.973202173912394E-4)
(1508,1675,0.9905581709310582)
(1784,800,0.14184821164364125)
(1108,1743,0.03494828932515015)
(694,635,0.8457637885643924)
(1227,1072,0.24939721308529117)
(1213,1193,0.6820736687256209)
(893,871,0.7201482154285536)
(1603,574,0.48863635661107274)
(1242,72,0.41712170072758326)
(1960,1596,0.3509049447098683)
(1023,1141,0.121407131924548)
(372,1861,0.07376911671645159)
(2055,1,0.7476590553809047)
(908,999,0.4324881302964606)
(1252,1599,0.007480050843613695)
(567,1374,0.5216660790457199)
(1498,928,0.01033769293682929)
(582,468,0.251179956194475)
(526,684,0.04121034534122081)
(1805,1530,0.029561825736304392)
(1067,1907,0.8374483411727283)
(1290,1455,0.6760354876709342)
(1475,1645,0.2134529160768215)
(560,1298,0.41135589069104483)
(630,1470,0.058471023824305246)
(1297,1485,0.21465619494897104)
(2154,1214,0.2576899310365467)
(595,2469,0.01954013405068078)
(1000,1046,0.9577608331758791)
(1457,44,0.06600423909613973)
(1455,1,0.8116999103792323)
(1632,1660,0.03615465212115032)
(91,1080,0.7133762743564313)
(909,1478,0.7204016721690778)
(718,2115,0.3336964735926682)
(1008,903,0.5236184467156276)
(1121,1161,0.286605656949519)
(596,1084,0.10982421903551254)
(1407,1555,0.5416216554066615)
(1388,1180,0.3410860638263412)
(1448,917,0.7041657357443442)
(1460,1621,0.8010665617092811)
(1,538,0.5139033414300939)
(1447,1609,0.654770533275527)
(1156,585,0.951219642505583)
(1224,1485,0.49938331117900336)
(2318,1689,0.2956836413909597)
(1001,953,0.9399699427481719)
(1277,1156,0.7383854028248018)
(1804,1068,0.610442719697063)
(971,1189,0.43936467739356433)
(1921,289,0.22727570431575062)
(1489,1626,0.09929550205861237)
(1,526,0.7383671323261828)
(1524,1,0.21953656187652903)
(1292,1209,0.1642048088893422)
(1726,1527,0.7652404859598814)
(1157,708,0.996611109272692)
(1451,2108,0.8133127245552283)
(732,643,0.5210520215007987)
(1550,1210,0.8595116127293679)
(1157,1666,0.9459755442741251)
(2012,353,0.9135957499699815)
(693,492,0.8111693678059526)
(766,1632,0.5699968899138063)
(1009,425,0.260239062780508)
(725,653,0.4109821389583579)
(1081,1473,0.4713430379072291)
(797,2180,0.13932354602284835)
(2363,1166,0.4984721897584967)
(1443,450,0.2906539060326693)
(188,1214,0.055999847216218646)
(650,26,0.787752335024625)
(767,1622,0.13572588771683158)
(1053,835,0.31036211590835916)
(1782,1384,0.5781601218031089)
(1455,1792,0.3082577674949908)
(1200,933,0.7641081830632332)
(1657,2202,0.9709325291649675)
(1358,1255,0.9870202708843755)
(1988,859,0.24966396366965216)
(959,555,0.1628442705840223)
(679,1171,0.37402306509169203)
(571,1265,0.017145476660585968)
(1517,1612,0.6509647444434233)
(2394,996,0.8288928268343282)
(1528,1519,0.5196796285822719)
(1813,1,0.8540593198919558)
(1900,342,0.600784437440825)
(655,625,0.9317392297119896)
(725,1530,0.011325171524740663)
(1421,1032,0.4965943868900633)
(1761,1590,0.30302076791484145)
(1224,448,0.8226726272316071)
(844,466,0.3766713810440292)
(557,1925,0.36741059005498267)
(908,294,0.1672391756650301)
(538,1600,0.3755226455821923)
(1018,440,0.9309980838102921)
(1571,618,0.8733509156720406)
(1876,2500,0.7598076413988443)
(996,2103,0.8254122569302637)
(1334,1582,0.3928346221719565)
(238,1155,0.2670699983218032)
(437,143,0.9144339775303331)
(1507,708,0.7085559507034466)
(1579,1867,0.9745403714658929)
(1442,1787,0.6933159927284123)
(628,1259,0.8862089668735372)
(1170,1132,0.5830539682571877)
(1454,1607,0.49486592044910127)
(777,429,0.2552343774705915)
(314,926,0.4885251103731222)
(1026,1196,0.8809651399771361)
(519,488,0.6586296631389345)
(1300,1851,0.4408676550281325)
(1853,908,0.7532477587320696)
(2093,1892,0.6147120552275738)
(1471,416,0.8902819971871477)
(867,1672,0.541782336861705)
(596,1668,0.36475604473070855)
(1021,1334,0.28716179680228915)
(2129,778,0.02365381034297953)
(1180,1927,0.5850340287063932)
(1404,1,0.46255182276577633)
(1719,1,0.42125336284826054)
(817,1159,0.4624795395257071)
(1337,1328,0.15623621015267053)
(2321,1604,0.5941455324788558)
(178,180,0.7399916942320913)
(1638,2268,0.42415694572459317)
(1284,1773,0.9925120796704763)
(955,1985,0.7279871138566778)
(2066,1044,0.41486135326523843)
(1509,1401,0.819159975129314)
(2201,484,0.7194370291278916)
(987,1008,0.11657594463930565)
(1644,1245,0.6219113027684093)
(623,1194,0.7826082675599536)
(1988,1421,0.22672177999403031)
(969,735,0.2992538505824861)
(1426,1233,0.9426003735988183)
(1669,567,0.5901414168799133)
(534,741,0.6939095482773058)
(2284,1,0.7410073690532644)
(1219,2074,0.912416105162338)
(1783,702,0.5342719619802045)
(1456,1361,0.9423415018549632)
(2218,2124,0.27992056588202185)
(2325,1729,0.9371922191736166)
(1670,1183,0.5623889398400793)
(1461,1707,0.4223749319535385)
(2299,850,0.8649555547489298)
(832,1042,0.7380940487397369)
(1,1417,0.6037942263238214)
(2123,2404,0.9731606437902021)
(1329,757,0.6277253229436155)
(1543,1213,0.7813899602948928)
(308,500,0.602378320164673)
(2052,2216,0.2269360701754175)
(1204,912,0.46778406477607803)
(798,971,0.37309782338658926)
(685,309,0.5405584259001428)
(1961,2358,0.10347589804428847)
(1348,2500,0.20718972565857696)
(1338,2500,0.4493649515669209)
(1,1081,0.3579835047393338)
(1610,1108,0.48968405410688576)
(2061,655,0.2765274768233177)
(2500,1100,0.8974816874480294)
(2458,233,0.004630334044440909)
(978,1840,0.6829514340199778)
(1223,1298,0.08587497668068411)
(1522,1806,0.042724278178699726)
(927,1292,0.4239940172572241)
(1251,1780,0.8508661239783752)
(2083,1325,0.46582893397783476)
(97,525,0.6670189548758387)
(1064,731,0.1333067390601338)
(1709,1,0.4510335510252528)
(1477,1510,0.5794204421328961)
(1815,1068,0.042980331680470996)
(1507,1085,0.09696393042128437)
(503,1030,0.957151883182918)
(1713,2012,0.003679615693165439)
(1701,1751,0.8973455359833327)
(655,1012,0.39209524285375863)
(1066,446,0.7660083336453235)
(85,1557,0.6307862170939084)
(1571,619,0.9547780992195385)
(1167,1387,0.19838690446742246)
(224,2085,0.8200407379435918)
(1224,665,0.6761550689825409)
(566,1574,0.40878258414087365)
(376,1993,0.3159621153513956)
(1002,986,0.4048576246932769)
(1904,1441,0.2288040314530123)
(1220,794,0.13492950487566924)
(817,368,0.7062860891228535)
(1928,1707,0.6272670711695256)
(1933,1819,0.754330109331998)
(1714,1886,0.661290678167746)
(2396,1279,0.1796914438579369)
(1882,1528,0.8527412956284585)
(1066,1716,0.6014808374819437)
(773,180,0.3577420082345677)
(973,1271,0.34776875180540323)
(1435,848,0.1637094386755692)
(1428,1726,0.4127068355871021)
(1900,899,0.34082634335696893)
(1337,840,0.4051132121899521)
(1800,2171,0.8484514586250499)
(1712,413,0.4514358434754725)
(1676,1288,0.7986887164294431)
(1,1512,0.3417775385070434)
(1026,954,0.9197902317133719)
(479,1985,0.8818979424779366)
(806,350,0.9086992369917622)
(373,1010,0.33609085503375047)
(1383,1594,0.4275269597302783)
(2500,1144,0.6317653797378117)
(1939,980,0.22505226675752998)
(1069,1291,0.43033901332821733)
(1504,1126,0.5715617570821528)
(1849,1719,0.7128938145332427)
(1102,841,0.42298726191580704)
(1161,1004,0.39936679474483205)
(1311,1124,0.4944037100327606)
(765,1576,0.8067349338271127)
(1806,1940,0.9701383376201936)
(661,2459,0.11017788541570728)
(1554,2274,0.20293638061962305)
(850,1516,0.5722664627292179)
(1287,966,0.34923559291355544)
(2500,1313,0.11089151574525113)
(772,1818,0.018724858336472305)
(99,1575,0.44914754954295255)
(2333,1248,0.5259212116293273)
(482,1443,0.49361288304740614)
(690,1996,0.6031152746421553)
(1022,529,0.4526879064343038)
(982,2333,0.9489935364505062)
(1130,1132,0.32880136031447216)
(1084,1489,0.4644998891599692)
(1867,893,0.03907068053943241)
(691,1121,0.4006159163078118)
(1718,1997,0.5170168693542825)
(1464,1506,0.6556040891802021)
(2350,1336,0.16887083732948183)
(500,1683,0.43457528322083516)
(2225,2365,0.04629404008461191)
(1021,1130,0.9890407330912653)
(511,1197,0.9343408087376796)
(2094,2377,0.08126270008040937)
(1599,2032,0.9724280585558961)
(26,1127,0.6375441339358761)
(1618,2285,0.04146641264795292)
(1356,448,0.8941769375031228)
(1139,2500,0.8018191138573328)
(816,1910,0.8914399085061558)
(1503,318,0.7145408185622437)
(258,513,0.47909970232342847)
(1397,2500,0.8358022052641783)
(1529,218,0.2608671809450017)
(1206,1504,0.15203563929758346)
(407,852,0.36344471747491336)
(722,1438,0.6652355523694709)
(1922,1027,0.7007765373042921)
(884,969,0.24063362816861789)
(1103,1141,0.5706162447150048)
(1936,2176,0.260320580014174)
(700,1265,0.9792765956093875)
(1830,1968,0.8112367920077032)
(788,1149,0.37554861970603504)
(2183,1577,0.3843477760250602)
(1963,159,0.7144497464511805)
(1425,1179,0.8798234699424928)
(1205,653,0.4534064103804294)
(1162,546,0.01831136283093071)
(1092,1794,0.8382779714507561)
(1363,2087,0.529791976734459)
(871,2032,0.4355170736601587)
(1963,843,0.7655959464701299)
(1159,995,0.609011687680002)
(1323,2222,0.855316853145094)
(1948,565,0.8624624029165057)
(998,2101,0.9841383184356172)
(1623,1135,0.954234324210223)
(1714,1539,0.7881508369394945)
(1015,1064,0.5765992904844843)
(893,1199,0.7401554589914728)
(1305,795,0.6677505460513198)
(985,2103,0.4472369191729274)
(666,1647,0.6131646476531016)
(1321,169,0.32039114530628543)
(619,1461,0.4848326000072588)
(1450,2109,0.21053851649794442)
(1083,1176,0.7594532339906932)
(1162,2497,0.14872386154602246)
(1287,101,0.848710518920701)
(863,915,0.43352018514269186)
(1836,806,0.5871396010862644)
(1520,596,0.4461537312081555)
(1830,986,0.6103139037144133)
(1606,2238,0.1376941725091767)
(2500,1640,0.7836531746501906)
(1074,2132,0.508965209469403)
(882,598,0.9641695382312878)
(1390,1306,0.16770765849772418)
(2370,1776,0.1452812679273101)
(1777,1,0.5855312817558914)
(1049,1874,0.6884115834663711)
(2066,1769,0.834856404674729)
(508,1911,0.9591093511878057)
(300,558,0.5575322089749649)
(1979,1227,0.9526463445947991)
(1863,2500,0.827891227231537)
(1340,1,0.1927756773031859)
(953,880,0.3154982637569832)
(2500,262,0.3836672708413661)
(1790,1443,0.9943356313844793)
(1760,719,0.7858281194827675)
(1163,2272,0.26767844370463034)
(1789,1544,0.9651936326648081)
(429,55,0.33680118853865815)
(1239,2042,0.573614693922562)
(1147,891,0.6506450144932487)
(1458,868,0.7217596062706992)
(1565,1218,0.5134521099138056)
(1398,1222,0.06413692453251307)
(1654,351,0.21011270610954424)
(1189,1373,0.08070811226435481)
(902,1734,0.3225903587511656)
(688,1064,0.907815524667837)
(388,979,0.041397697885768525)
(497,1802,0.35889718114838676)
(2109,614,0.2908797404333153)
(482,2245,0.4024887766515529)
(1301,1070,0.3119985510407761)
(1213,1611,0.488725559120072)
(1264,1411,0.1560614443781223)
(2384,1357,0.005071086529980673)
(1018,1318,0.8271872409488619)
(847,1173,0.26354091298997395)
(1055,2173,0.7719226706878776)
(486,1444,0.18160117320442648)
(1039,509,0.9557777851858932)
(1992,1159,0.8417089628605045)
(713,678,0.5405891442133495)
(421,1154,0.1859278407717011)
(701,1203,0.8459368110693062)
(2286,1873,0.3344249652918917)
(1078,287,0.16372889723364603)
(1647,625,0.12056044922184195)
(1001,1190,0.7186611164447642)
(979,1761,0.3211108188378282)
(932,2347,0.42872943523766704)
(1281,324,0.2677512349625599)
(1520,1720,0.2918608861286207)
(1933,798,0.042019323795846386)
(1669,934,0.39809853644580717)
(1600,1,0.7445894721058428)
(1157,1786,0.6768030337824481)
(1713,1250,0.8964855256783086)
(549,841,0.49322539716436953)
(703,2110,0.9858365625279027)
(1084,1660,0.7839679446481591)
(1810,1733,0.3650071115835386)
(1480,1991,0.5483179155904541)
(1112,783,0.6318815591694588)
(627,371,0.3889387974504289)
(1002,1654,0.49649368653754344)
(2151,1516,0.91734469371545)
(1379,1280,0.11362772971706703)
(568,549,0.5196632271729066)
(1424,990,0.64527182791628)
(1499,912,0.6502841617828226)
(793,432,0.3938600332719854)
(220,1783,0.6565376021352394)
(921,1774,0.9161661093831164)
(298,1954,0.4334778115898267)
(813,895,0.9913359770878887)
(1276,179,0.23913961783540716)
(984,2500,0.32459801010668465)
(1458,1233,0.35424533431894323)
(1579,897,0.34283418340160066)
(423,1206,0.8563515352034808)
(1918,1304,0.033659235758491834)
(1651,1256,0.7161306221280143)
(2177,754,0.27719829711742683)
(1088,1032,0.2677023862830231)
(1689,34,0.22643670502615143)
(1483,2231,0.7591469554022326)
(1055,237,0.12357625502575398)
(375,440,0.6525639916133613)
(1728,1320,0.46252838743357005)
(994,1653,0.20262279246660753)
(2380,1164,0.25954755265962104)
(245,1393,0.2613682733200461)
(1341,326,0.25575253544334586)
(1234,451,0.4829145494331606)
(768,1484,0.2891234859124777)
(1598,817,0.7799804678670834)
(1119,668,0.029978547507201414)
(1454,34,0.7582926721816592)
(2011,1275,0.10400232167678292)
(1175,2070,0.8621893814254372)
(927,2441,0.9326104245572013)
(2325,500,0.8142464247150945)
(967,2253,0.7067958004391924)
(1443,1647,0.4207580566860081)
(1048,1024,0.868963064398101)
(2027,1630,0.8716677622486435)
(791,998,0.050318544118771125)
(872,1762,0.10901260947933089)
(1224,2112,0.9752150822263842)
(1358,646,0.02413907456772235)
(2016,844,0.8297622526234111)
(716,127,0.8653306971451313)
(1207,1360,0.3848847265859563)
(352,513,0.7954986261997635)
(1416,802,0.0773817571441493)
(1679,2500,0.34304619769147626)
(1129,915,0.9566518632945081)
(1471,2500,0.7608460010272392)
(1119,1004,0.5837719860600946)
(1725,815,0.27336176190691386)
(1689,1462,0.5163524372850008)
(2151,1849,0.4369509649513834)
(2208,2292,0.9603536235202585)
(1910,1495,0.05653978803330861)
(925,449,0.5596749019840469)
(2019,1486,0.35856259248181077)
(1101,1063,0.5076928154572935)
(1770,393,0.13716777341921538)
(1031,469,0.39933717644591094)
(1650,1077,0.8103230415505429)
(1309,1474,0.015435517873830018)
(450,2500,0.6051307400758525)
(931,1153,0.24582572259384117)
(516,1964,0.20473467856175243)
(393,748,0.8451927056274968)
(2044,2019,0.5857822509418443)
(447,1934,0.6714084014853936)
(2500,1037,0.4470413648626306)
(2500,1091,0.35520975392869747)
(1846,1386,0.8348885408716109)
(981,399,0.3312860645960656)
(2140,865,0.8055890044543814)
(1056,2395,0.5342573187645315)
(2445,2500,0.31446104043237644)
(1621,1784,0.4908379080857983)
(2149,2076,0.18209012070073893)
(1042,1017,0.37069112641361857)
(1786,666,0.35262143146488967)
(499,1114,0.11902866959648284)
(1430,1291,0.5699151664546208)
(579,1,0.7364118879466226)
(597,535,0.3938639608339133)
(807,524,0.7165498507915077)
(1375,811,0.26265831705061093)
(1259,1356,0.19472956319565793)
(1327,810,0.5920928349580148)
(851,1458,0.20557044405080183)
(761,905,0.02554952159981161)
(1295,1845,0.5585835318762294)
(1558,1385,0.327535810909485)
(1182,1292,0.7611742906416393)
(1495,1124,0.07111366836559607)
(1432,1439,0.8879952179480408)
(1650,1899,0.018146602822734503)
(1964,986,0.4253615440756999)
(1420,1004,0.3047216568953912)
(1641,1175,0.40619283926301564)
(1,916,0.13084521931809412)
(723,1992,0.5523321623088099)
(1446,940,0.6786953641023785)
(895,1772,0.035052888186204445)
(1400,1657,0.6589822483861295)
(741,1467,0.012940152950176032)
(1889,1721,0.461081633295927)
(854,1021,0.7849564174147903)
(1418,1096,0.4087577187027417)
(866,255,0.01168850723879622)
(1365,1659,0.5176834618463098)
(1681,1542,0.7530842304456561)
(1833,2500,0.6493350456869306)
(860,1548,0.6640530292895648)
(1536,1389,0.2670240482161307)
(1530,957,0.9268018499192849)
(1023,803,0.9542695677445111)
(1683,1267,0.2061606510685806)
(1450,465,0.6767132700430369)
(1273,618,0.9342741467104583)
(1301,1250,0.29605084141118887)
(1244,1043,0.9946191585917169)
(1051,819,0.4509017053437957)
(299,1044,0.1656887541818466)
(1077,1711,0.27835694308155057)
(1901,1406,0.8526851655450643)
(1180,1289,0.7047389085220807)
(1939,568,0.2758528597483342)
(582,795,0.6081076024760138)
(1947,1020,0.9004554205145924)
(1707,1112,0.7154468874193476)
(1442,1236,0.6774347448434297)
(1758,730,0.64120179687578)
(1562,1409,0.7550294812790627)
(1516,1485,0.8471001093898237)
(531,1229,0.776237669750257)
(963,1496,0.9751964035435277)
(668,2249,0.03194285565645394)
(2464,1070,0.557631052954261)
(1241,917,0.4825039417134732)
(1820,544,0.48924675531324324)
(192,905,0.5130459959115645)
(1,773,0.281658304267844)
(1869,640,0.4806155015106248)
(404,1035,0.6055193815392742)
(1667,1751,0.025079972747271473)
(1838,1799,0.6791711674020796)
(951,854,0.8038570626745565)
(1187,1876,0.16769845985425336)
(1119,1768,0.10155779794825825)
(1590,1111,0.052361416556058527)
(1635,1370,0.2810137633198482)
(469,512,0.5897746288086292)
(1288,1939,0.9074406578943365)
(888,933,0.3676242163359257)
(1464,1638,0.8638191515974651)
(2480,943,0.1517595999004897)
(1434,336,0.39452803168500106)
(1897,604,0.09066080361009765)
(823,1875,0.06451717558732828)
(1578,1163,0.8188791735178849)
(2056,1823,0.598296014679436)
(1877,2065,0.5267779904065859)
(513,2307,0.17201916941597062)
(2080,827,0.1502895426891282)
(1932,570,0.17204269290996554)
(1174,364,0.2849009410499801)
