(1089,439,0.20824739028664085)
(189,1,0.9383555277926892)
(1488,1482,0.5759105865860359)
(1082,1886,0.8588504635676624)
(2195,1522,0.7001431713866495)
(1863,2391,0.7930958197233529)
(573,2070,0.8602507900434184)
(943,1252,0.22298630757397564)
(1075,366,0.9867435298867281)
(1622,930,0.11525591138568836)
(1371,1307,0.09455171914779714)
(578,1889,0.6475424445562107)
(1028,673,0.6953647336715728)
(838,686,0.927617884779689)
(617,1414,0.5370543902937117)
(615,1554,0.8139359168473983)
(1157,1,0.2815452871547288)
(2090,2096,0.43999964016880855)
(1141,1237,0.03032712952904082)
(407,866,0.20048629196321732)
(568,1971,0.45808875153248074)
(1209,621,0.8013533285489399)
(1712,2500,0.6473048538727573)
(765,558,0.15811270970082403)
(424,1456,0.8436186168171189)
(1542,1903,0.048248615559243424)
(1356,2169,0.7124597710733698)
(1088,1046,0.009531058845595464)
(1221,712,0.7535230742441322)
(1230,1,0.33259833772657765)
(743,286,0.3759172833016874)
(982,1412,0.6964424514092212)
(631,478,0.8319732549884988)
(437,716,0.7142115719581853)
(860,1742,0.9029240154927287)
(1168,843,0.36346872452442647)
(1907,1477,0.6186015057232445)
(1850,948,0.7241961564222666)
(1257,1436,0.38221150505973944)
(904,937,0.958229071399537)
(1979,2500,0.17029529433794777)
(1161,1666,0.10386455731122146)
(1697,1,0.20723582911393024)
(1644,828,0.8951038790618343)
(430,913,0.021739546056291692)
(1253,954,0.5097533258368335)
(1873,1133,0.9081368075533786)
(1070,2052,0.6592904618494457)
(2020,1586,0.26136330321517853)
(1461,1986,0.31064952677015223)
(1715,405,0.9756693660217814)
(1055,1686,0.8863575829187055)
(1005,1166,0.8169846638771495)
(1782,843,0.6944834055987473)
(1513,1062,0.14853142564442245)
(1436,1534,0.809682827489711)
(1974,864,0.5007706491111007)
(810,2156,0.006606332929540604)
(1943,1678,0.33900336087587646)
(990,750,0.07568902649858067)
(1430,1775,0.4965162474544995)
(775,389,0.1006977310659033)
(1495,826,0.30839031800215655)
(1425,905,0.622756061456663)
(1243,1590,0.15027521568870683)
(801,548,0.3990636169257574)
(980,974,0.3275859144941633)
(443,1963,0.16186402323039806)
(801,623,0.35568256148042743)
(759,1556,0.3106115336515566)
(1193,1201,0.8166585087420463)
(1112,670,0.4627764924136273)
(1300,1639,0.8725609555160287)
(760,1093,0.5092345821691503)
(794,1064,0.6533705875396634)
(1515,412,0.12210452638468083)
(1441,446,0.5587777541943463)
(1671,1646,0.48444376182459825)
(848,1879,0.3836371191959287)
(2307,942,0.6479580614559824)
(877,1480,0.6381219372662664)
(1736,1,0.11190706530442762)
(1166,1663,0.829719848671105)
(1522,880,0.33863460746492746)
(479,1596,0.7799057232000383)
(965,795,0.9193834958743962)
(647,1532,0.589791014009517)
(532,1175,0.552356344158807)
(1270,1005,0.7214729650700096)
(1690,2115,0.8547779554652227)
(1997,1026,0.9795299750132107)
(1557,858,0.30535938076257896)
(867,1207,0.11963147927223361)
(1522,909,0.2390344544227705)
(537,1056,0.374092357695345)
(1048,552,0.9223655303092302)
(1034,1076,0.3392832606195576)
(1564,1549,0.46324286887711774)
(959,1085,0.08285103492080215)
(1137,891,0.4450656849385489)
(594,1636,0.9768878141629619)
(1325,1303,0.6269042829597562)
(1832,2058,0.2438169782535341)
(190,1048,0.0816732293007455)
(1341,1435,0.14777774114509756)
(233,950,0.08548022007354583)
(1372,1637,0.7655694073474877)
(1760,1266,0.8102716601647195)
(969,1661,0.2544698767383957)
(946,945,0.07117503429639493)
(1416,1078,0.9945990998352584)
(1387,693,0.8050488024623434)
(1502,1796,0.6634214037873682)
(2050,2144,0.10421029956984318)
(1893,2356,0.8429787572625911)
(354,1885,0.37009189778229945)
(1418,2348,0.9617512323977981)
(1923,1,0.5770174628922018)
(1615,880,0.9498572833006832)
(931,1062,0.38291698046570855)
(1218,1866,0.4006069858014957)
(2052,1345,0.49122378936706)
(825,1619,0.7998318024075635)
(163,2379,0.006688705146216112)
(1098,1267,0.7294970480329372)
(1551,1458,0.7024013769355965)
(1233,1928,0.9414215629275229)
(1091,1,0.30623564825633676)
(1707,259,0.13913542713833216)
(1742,986,0.35507363309714635)
(1315,2069,0.49814069532337624)
(1242,1463,0.4668142870192552)
(1115,1329,0.19239890765394496)
(341,335,0.21358777746112)
(1368,1350,0.3237481609264026)
(718,891,0.5163736663060859)
(1,468,0.07095651843070994)
(660,862,0.2034704216653116)
(1650,2098,0.6559282704907886)
(603,78,0.40023378537088716)
(1959,1170,0.7215712276992818)
(1713,56,0.753763232500344)
(1469,675,0.7729427302366455)
(1459,710,0.6310463789345806)
(704,1,0.00409338156968686)
(2078,2327,0.22630866923677218)
(1239,990,0.1606352130840366)
(1619,874,0.7257115228897022)
(1698,1038,0.968103001932176)
(491,1166,0.9079810175144392)
(1954,2169,0.029737124756157973)
(1107,2005,0.09724628691147452)
(1796,743,0.5778725274665731)
(993,574,0.6510471430221759)
(2298,404,0.8279257218200119)
(1113,1063,0.21571641562111266)
(1309,30,0.9167467019606588)
(1941,975,0.9791064144403351)
(313,842,0.9137760936098294)
(788,440,0.6527194296488588)
(1653,436,0.8142757372012184)
(2121,486,0.2461673797288303)
(1083,1552,0.4426134702546579)
(2113,1976,0.017772284896890755)
(389,306,0.950948720896547)
(371,1736,0.026745487045729543)
(409,1299,0.20922422209035185)
(601,1288,0.6607417565414314)
(2468,1413,0.06596954872051763)
(791,1412,0.8777143568944049)
(1121,911,0.8713232600291357)
(862,1571,0.2915365542142113)
(1695,2218,0.4456074596552767)
(793,1355,0.7314331603339794)
(2500,677,0.9033574779686615)
(1891,2141,0.3855062075387884)
(1101,1206,0.3813389027530386)
(1890,915,0.6067977104720337)
(427,31,0.17866106665028425)
(2110,1883,0.3357097870929987)
(2314,1883,0.6969779342037412)
(993,1486,0.9006019898764261)
(1301,1607,0.8388907830864252)
(1242,1929,0.46412147024767547)
(1149,647,0.10592930063236983)
(1,1184,0.658426520313741)
(2193,2500,0.8795590534509675)
(1608,710,0.004620868364711539)
(1778,595,0.30305033039293283)
(1826,2179,0.11953703434154184)
(1144,1372,0.2519649162853762)
(294,1643,0.05895048349698706)
(1039,968,0.5340068965270403)
(1462,2425,0.30121976475222434)
(389,1262,0.16682331030568465)
(1350,1131,0.42479521985767854)
(563,2470,0.7194833372117065)
(1703,1428,0.5027018912305655)
(623,1694,0.004040193904078504)
(686,1021,0.5618712626865977)
(114,937,0.23431375572067914)
(2013,1312,0.10999603255667167)
(1934,1219,0.9535073687730521)
(1007,741,0.29012193649278384)
(233,2040,0.5895406670444062)
(1112,1083,0.12095752892377665)
(897,798,0.6492565058235021)
(1555,983,0.2289090194270592)
(1579,2099,0.30816045172351525)
(1479,1009,0.25374358442469946)
(280,1477,0.8447765855354123)
(850,1517,0.39493465076644363)
(1135,1746,0.28846507583069925)
(1552,1540,0.0015088610261166924)
(989,193,0.9484176467295757)
(1360,1301,0.029954372088705994)
(1492,1068,0.19610079909324718)
(938,783,0.721206727244256)
(1820,1313,0.06230719995574563)
(1879,484,0.7795664926921015)
(1491,1330,0.20850652086573163)
(958,1278,0.536375242081293)
(1428,1131,0.4221201500428402)
(1856,1,0.9279433093014162)
(1100,988,0.8632894666864186)
(1852,1458,0.6119892424508729)
(1458,1780,0.5372972790791513)
(956,419,0.4233506307167243)
(1357,1818,0.0535743875240543)
(1742,1519,0.23416760275975057)
(1314,1110,0.6424741592823239)
(585,1132,0.2892462700784876)
(778,873,0.3200928182412499)
(1574,1240,0.08656758965162215)
(486,1,0.5931069853682741)
(1442,1657,0.4603435936849233)
(1160,1814,0.35493617018261125)
(2500,428,0.8290470082533594)
(839,1790,0.043483829096732096)
(1539,2087,0.5410892283431497)
(1024,1312,0.8923584501452005)
(1595,1422,0.35037382789150473)
(1895,1153,0.31842087430695865)
(1258,1625,0.12674956689784067)
(1088,979,0.721227249112262)
(809,1818,0.2832598939198603)
(577,1304,0.017387499799121686)
(1065,743,0.573933573028884)
(1488,1411,0.5072609478040035)
(607,2068,0.7179703355089772)
(439,1357,0.9494679142831929)
(586,2197,0.29634009992535804)
(777,1030,0.9992969909569369)
(1396,947,0.6121300872359868)
(2025,880,0.19783182969327107)
(1593,1146,0.4093788852711898)
(1869,501,0.8131738679494717)
(1346,2041,0.04097805685686495)
(927,1018,0.03905521759098629)
(175,1644,0.32352244773312955)
(1312,1443,0.4620572592121588)
(649,1841,0.04847416720076081)
(859,1373,0.7394610213843081)
(1577,1506,0.5462074869437825)
(634,2082,0.6054489071233813)
(836,92,0.06849003036869561)
(1389,792,0.4229806689311013)
(2467,1710,0.5567598313758787)
(1227,737,0.8657841213369406)
(1593,1366,0.4848151718142023)
(154,1970,0.7691508153788502)
(1318,130,0.1023197175830527)
(1578,1594,0.5446159491748989)
(366,1329,0.8400648920649788)
(1193,1870,0.5236284499381485)
(1135,2500,0.3779347159060865)
(1162,1449,0.40674969678920914)
(738,1857,0.6340499426414313)
(2342,1784,0.6676351590967108)
(1594,1159,0.8312562689540584)
(1277,1484,0.2622534077544434)
(714,1943,0.5089979549242889)
(1017,1050,0.9801871495594757)
(1632,2171,0.38372658074156685)
(2273,500,0.5923591088416961)
(327,1645,0.8429715369561163)
(1479,2311,0.8138625562317112)
(1441,1213,0.6433966161655871)
(886,311,0.0342389272770115)
(1404,1750,5.389881183390788E-4)
(1896,663,0.16420724384201202)
(1145,2285,0.20886552191041186)
(1590,838,0.19331619504962838)
(1182,1763,0.9205389040001544)
(620,1669,0.8404504287127554)
(1587,439,0.013995104751958864)
(839,1607,0.0647452679024283)
(1799,1276,0.4905508163093225)
(1563,2398,0.143407574532469)
(1082,1066,0.38951124078810184)
(936,1243,0.3940397700488052)
(1557,1350,0.8129440662638163)
(1561,1726,0.8829254133373899)
(1168,1695,0.6485408922830198)
(2248,1368,0.6316804593538667)
(872,1863,0.8716698953491232)
(1410,1393,0.9043023687673825)
(2203,529,0.34291711260015767)
(721,861,0.2181993808509991)
(710,776,0.4302159051488663)
(553,1556,0.7622671047624573)
(1499,1252,0.030309810995112207)
(1418,521,0.9354246065678619)
(1710,1689,0.2487795272465656)
(488,333,0.20848416320141083)
(818,1222,0.09412282652345283)
(2014,1004,0.6747062405194905)
(1379,2500,0.5186152112373756)
(1174,2116,0.09998862636393946)
(810,1182,0.04650036194645413)
(1064,945,0.016263935325980694)
(1227,1721,0.696366656242192)
(991,625,0.8979622848963762)
(809,337,0.5727965607304213)
(700,1293,0.16239280859392335)
(1012,1936,0.10871180330680164)
(424,1881,0.8330125518378991)
(1793,560,0.7294979555710276)
(1201,2109,0.09159172580493724)
(973,1124,0.14095051827824723)
(1359,1472,0.05163788444997153)
(2500,1544,0.23089648678988106)
(2500,463,0.012110295368433888)
(1711,1698,0.32682211855430143)
(2500,495,0.6343631081968967)
(1419,1642,0.08172612237692845)
(1350,1029,0.21084075266670133)
(1268,1500,0.390390371160544)
(417,978,0.44383441810322943)
(915,430,0.9843162233831858)
(2179,1,0.0066948632821108855)
(2004,1,0.18485166805652642)
(2500,236,0.5511459701131106)
(1237,476,0.05262820829146264)
(596,1552,0.3504162455031212)
(1975,1088,0.6818157355790654)
(1915,1635,0.45172898324543564)
(335,152,0.5774393567783116)
(2500,1438,0.997557622680481)
(1642,1050,0.1251977823773468)
(2500,2400,0.33075365466511697)
(231,1,0.7439954686775303)
(2092,1779,0.41268498375899054)
(1324,2182,0.6891896684512804)
(1852,706,0.2220561419238699)
(1794,179,0.4779209071043359)
(449,910,0.5097128800572348)
(1110,1997,0.633447327677279)
(149,1646,0.8242699761877618)
(2184,2500,0.6996146330496634)
(1063,496,0.2742886175935533)
(1121,1944,0.30873757796998924)
(1086,1465,0.8141419266886082)
(1600,1164,0.9449168750132014)
(1466,1677,0.3248764670705432)
(2500,750,0.24132060376065012)
(2121,1352,0.8248559577247714)
(862,1144,0.6654175073794071)
(707,1318,0.6645587752691635)
(1461,1183,0.6440453889320714)
(1870,766,0.2377656542311024)
(1,1690,0.9197360628228334)
(2356,1049,0.9051190046862286)
(2361,1231,0.13383419465159907)
(1369,2013,0.7935463810724531)
(1573,1384,0.47533594278180424)
(1152,1106,0.32476548483047063)
(1633,1490,0.18673087363768637)
(1874,1029,0.9247903026279918)
(1111,969,0.4912086007271804)
(1093,1159,0.6204362998733791)
(1280,1544,0.4791366725473404)
(1289,2106,0.4398748943558114)
(729,870,0.5101623484964569)
(658,324,0.6239331929186547)
(780,1377,0.44614753382978545)
(12,1766,0.16744074597275527)
(977,1084,0.8118783830636419)
(1579,1457,0.7988803499545137)
(1,425,0.6521505598859034)
(1964,2130,0.761934364064307)
(993,1398,0.589444136979514)
(1170,2181,0.10978416467206376)
(2500,2154,0.5882765074748214)
(1338,1587,0.1907186577404747)
(2074,2354,0.7095803975546445)
(1573,1416,0.8805215893466996)
(503,1425,0.7246390622439951)
(1202,1851,0.47011994553393566)
(719,1560,0.027321947950920245)
(1157,1702,0.5433142077048234)
(48,1283,0.9320845276215115)
(697,980,0.04358770677619406)
(981,2418,0.6223602211758251)
(671,1387,0.2475985452263867)
(1671,2370,0.6170436096891384)
(732,473,0.20934326635499123)
(760,609,0.06580021981382522)
(1450,2491,0.5881250686675367)
(638,1735,0.1704383488176786)
(1729,1149,0.20359661501690351)
(1359,1965,0.4810825583444127)
(252,861,0.4040944943883973)
(664,2395,0.7347407778676509)
(1974,1390,0.008166944013428878)
(432,1499,0.08165454691092855)
(967,2227,0.7499384418549034)
(2500,1323,0.5584933887779087)
(1349,1497,0.5928555222730857)
(1791,1160,0.5773934807859382)
(2079,777,0.28698942908371616)
(1,933,0.8130538653629275)
(684,757,0.7273038400197557)
(1010,1651,0.7632530111349389)
(293,1879,0.7013320284722778)
(1014,309,0.47402578959997255)
(585,1345,0.7468117903489557)
(254,1160,0.8077090958626092)
(699,1064,0.3446901284380619)
(576,1825,0.8314112498119509)
(1789,731,0.1749837210613906)
(1168,1573,0.17019031382330063)
(2500,332,0.31897380072815973)
(2500,1160,0.4113898113500173)
(1363,1467,0.6738353886506273)
(1023,311,0.08277765281276006)
(1700,1254,0.08714321253988244)
(1371,1599,0.5673542579209803)
(381,1475,0.30383045555332544)
(1238,1552,0.9144671884363348)
(1814,1216,0.6423722413027242)
(2500,1978,0.016832067493102065)
(766,397,0.7750808246035366)
(2087,632,0.6510176839719068)
(467,518,0.3511956987806756)
(1058,1871,0.08366360817108043)
(1694,1411,0.16443954057950372)
(1593,806,0.6043499403028151)
(1990,1487,0.1910399603557673)
(1962,1644,0.24291284945576075)
(1047,639,0.4298734936287437)
(1495,1812,0.9178525651226858)
(2116,2037,0.8847497810632735)
(2366,468,0.316402683591403)
(1429,1042,0.4132744800140149)
(1246,2334,0.4640875973564941)
(1444,1348,0.42139469102067784)
(971,1922,0.4968104433819591)
(2068,1152,0.815574902284507)
(451,992,0.6180902095631164)
(1365,635,0.2495764779798113)
(1067,600,0.07521326328348077)
(1708,639,0.3599302232511181)
(1051,428,0.23419800443457173)
(1923,1119,0.41192429470848524)
(1188,1370,0.850798682654586)
(311,771,0.038897764007935876)
(669,1764,0.2784787866953564)
(1597,599,0.4295837203494284)
(2500,734,0.9384110219342684)
(1109,420,0.20756602112165734)
(471,629,0.11080397439276879)
(802,2021,0.5165889911168817)
(1121,1966,0.9010147144311709)
(478,1003,0.11978556529295736)
(1,1395,0.9398497692152166)
(1846,1412,0.3408023261360853)
(1466,1964,0.8842310566502869)
(869,2354,0.17805523173341997)
(1307,1572,0.8672549419323876)
(254,1374,0.819796831195257)
(880,2482,0.9759358239547961)
(1280,1167,0.3688940614059848)
(1345,1813,0.360532138292482)
(384,977,0.4708511699230278)
(1960,2500,0.1437535944697077)
(1445,309,0.1049177270487821)
(1505,2500,0.7846613018751124)
(210,1643,0.9873846316738639)
(2131,1266,0.9155746694820147)
(2098,966,0.047804774600237354)
(1595,1199,0.15023286363452537)
(1412,661,0.07644657986182213)
(1818,1,0.9728968878485655)
(956,1178,0.8586972268267994)
(2500,1594,0.20021728122711113)
(1452,566,0.9121702528117704)
(1537,1296,0.1458737361459057)
(2286,98,0.8795736766167553)
(1528,1388,0.5604089014911112)
(1560,1587,0.2633548827079908)
(965,1763,0.10328893524696836)
(275,1398,0.9821922235180904)
(2184,1739,0.9875076334660102)
(1010,2274,0.021475283859550665)
(1074,2104,0.8495553785305502)
(1225,1469,0.11828884329987188)
(1546,2182,0.6790767235352606)
(1534,2499,0.16123132137944673)
(689,1076,0.1565397202097938)
(1743,512,0.9324852162428503)
(1005,1053,0.626481845469924)
(760,1536,0.4824260857187884)
(2266,267,0.24653196376005193)
(1434,1085,0.44711840746216325)
(1743,634,0.7105869275495335)
(1837,826,0.2912952085981517)
(1439,820,0.8880100807560604)
(518,1684,0.44891420648815994)
(1553,2231,0.3500596126024067)
(1286,1795,0.7992029851460468)
(1206,1229,0.9533919423336221)
(1844,1464,0.194808713734825)
(2278,252,0.45394750655305127)
(2500,1862,0.49745632331300627)
(1643,79,0.1974789202810615)
(1,1451,0.5537911725133083)
(1538,2182,0.9196707877013067)
(1719,1266,0.6159587019969246)
(409,1167,0.3619695394636093)
(557,523,0.9506387847735972)
(1725,299,0.039817601023000804)
(2039,1140,0.686653726872106)
(934,649,0.3244504690575243)
(1783,886,0.31553130545788266)
(1587,6,0.351134274489295)
(2429,1900,0.0974691479526566)
(1177,1552,0.7406694580725943)
(1700,784,0.4553888960965158)
(1693,631,0.3140387058279476)
(1038,1288,0.7724454081594443)
(628,1866,0.41057005043007877)
(1,1222,0.31545657872724464)
(1136,1302,0.6750176125975642)
(517,2500,0.03945610272217992)
(1750,883,0.6088018152050346)
(2177,496,0.42625388216292726)
(1166,1441,0.302431187332988)
(729,2003,0.5228432979485285)
(1398,1555,0.6615833403135928)
(1715,1873,0.1710730642692232)
(1674,1152,0.4528345905196729)
(1203,933,0.9375688358675756)
(1725,2426,0.15408152195123592)
(1574,678,0.9986579057891924)
(1097,792,0.6462941539722835)
(132,1174,0.14627764590890446)
(1419,482,0.1515444915576375)
(1148,932,0.4189213900934312)
(1700,1037,0.025285225328498417)
(1253,1474,0.13376518975550944)
(1023,636,0.6597689691308251)
(2402,2199,0.7919711515163526)
(1167,728,0.4297306595473469)
(284,441,0.9591936146604039)
(1226,1744,0.7444148347127373)
(368,590,0.734247292051835)
(1291,2436,0.40480425900747463)
(2140,1410,0.9325743525655424)
(358,1,0.08114793753591731)
(1736,1361,0.14121828584346174)
(1961,1344,0.3268719606545154)
(864,2500,0.5274105255302329)
(77,559,0.6910209757680881)
(837,1653,0.8680684628077471)
(969,1143,0.6323185165624917)
(2500,1386,0.2989510053610377)
(1594,2014,0.2712786390106887)
(1467,1639,0.882845720911497)
(2025,325,0.44582001034311103)
(1034,1514,0.01231813841306828)
(1048,1021,0.6035138938387311)
(316,1754,0.05944651557650438)
(446,2362,0.7156847473474504)
(476,1667,0.24912151094343704)
(2116,768,0.8769266098694657)
(1527,2500,0.3752962059874704)
(2326,2133,0.23467724527294775)
(1316,474,0.7003908833463441)
(2238,799,0.05022949227468687)
(659,2110,0.4727623582397861)
(570,1614,0.19563139203425106)
(671,1247,0.6049527293690072)
(680,243,0.9547907082083487)
(1064,263,0.17132059158378832)
(1087,429,0.16247430438583943)
(1649,228,0.7958471668018358)
(1860,1,0.2931416044135775)
(1015,1336,0.4198637934036794)
(434,677,0.24042540614543828)
(2067,1268,0.38287793320758345)
(1476,392,0.28523713666422656)
(1205,776,0.3057466641593132)
(1897,893,0.7442989249922476)
(1492,1944,0.9393538603253645)
(1350,1354,0.1304910375803061)
(502,2500,0.9844996920810766)
(984,1220,0.09366100936808275)
(1889,1749,0.8654291274942444)
(1353,1102,0.8304757070359794)
(409,522,0.897828926958592)
(1064,1110,0.5704793237573922)
(1397,452,0.4676628252529158)
(1192,903,0.4114118155628118)
(219,1166,0.6790510940524573)
(270,2080,0.010002328741352762)
(1107,772,0.7980546615862409)
(1213,1712,0.31247452012089805)
(2482,2270,0.8986874423005583)
(1801,1424,0.9673802824793899)
(386,1789,0.42927492929891375)
(1176,1,0.3584445468622214)
(1596,2148,0.4396724491820705)
(246,1,0.03491631563605968)
(393,1130,0.3222135683698145)
(2500,1340,0.5640617671297958)
(1351,1289,0.8164182713034989)
(1504,628,0.9051238419537567)
(1845,617,0.7133875675585254)
(2236,2246,0.2079296897198779)
(1629,665,0.6141825226300651)
(1294,1427,0.3269600150974994)
(993,881,0.9979037736168898)
(1928,1715,0.999615811945922)
(1244,496,0.5128528769964087)
(2227,2500,0.053725180007715645)
(2350,477,0.6060263645950041)
(1215,221,0.5742334256033994)
(772,1158,0.559363561736899)
(2047,653,0.15647322548298637)
(1579,1088,0.6292743317633002)
(751,1341,0.11664417220633183)
(1969,1646,0.5941738032791568)
(1653,1524,0.8359788535074985)
(793,1036,0.7195566294593648)
(1210,1484,0.8873428283872374)
(651,944,0.6179128178526867)
(1377,608,0.6432359372371944)
(251,1486,0.6642415254757613)
(1475,1371,0.6726065161781442)
(1269,90,0.805952513715727)
(1422,1006,0.25050406532908664)
(1397,1128,0.8360932176453817)
(1238,1036,0.39860024491909085)
(2062,1556,0.9454946017444553)
(1705,445,0.7239302996244347)
(738,2173,0.6248922635166779)
(429,859,0.8354259241733389)
(740,1523,0.9992969821662259)
(1428,1092,0.212837354624561)
(1878,1160,0.15540280013206698)
(1566,1780,0.3973078635963787)
(607,354,0.6162103705809991)
(1055,1214,0.02548854870983497)
(1031,185,0.1733051380368863)
(671,1703,0.07796832340247661)
(2463,1385,0.562502756765621)
(1515,1425,0.026817354003793148)
(1933,29,0.7176694031813923)
(1810,903,0.6129839505823981)
(1271,1516,0.688868634914713)
(1550,954,0.7597789617137205)
(1,222,0.37427991250835113)
(1662,1459,0.015861755965528634)
(701,1493,0.606039712043409)
(2150,41,0.24752900877843886)
(1531,1420,0.7813207977576146)
(1793,804,0.5613384755544237)
(427,343,0.5519338426779379)
(1847,1527,0.24706736431562115)
(2500,796,0.0896209653060902)
(1088,1091,0.2343888924817905)
(1680,988,0.08242757254235367)
(1051,1543,0.9698826575345829)
(829,645,0.606194191267478)
(1560,1515,0.8578175892921213)
(1506,1332,0.06232623280408067)
(1381,1943,0.6879973404295334)
(1187,1234,0.7763464771540287)
(1058,775,0.9636489332793047)
(1,569,0.07601028562958523)
(1282,511,0.6984913396036544)
(679,138,0.05087864412215748)
(1843,982,0.3344853769883399)
(1419,2500,0.6169593023658125)
(2119,2165,0.5366667472298168)
(773,760,0.9001273673033262)
(1577,1699,0.8132884492577683)
(1776,1645,0.6663219073879808)
(1976,1585,0.5859960012653501)
(1340,437,0.4394517880066333)
(129,1007,0.8883408154179381)
(2297,990,0.1362711346171982)
(277,283,0.9204235609492774)
(2500,1430,0.21730541888413213)
(498,1437,0.8364122258085601)
(1,1183,0.17565199318600677)
(1464,1736,0.31847477553559256)
(1,1555,0.7662665163159884)
(1386,861,0.6658973691775449)
(1156,772,0.39760965887688593)
(577,1302,0.6825180546968513)
(1397,706,0.37097275428985865)
(224,1612,0.49873095396240386)
(2095,2330,0.9941264887282917)
(1858,824,0.44604007704164084)
(1410,1123,0.9394530935581358)
(1479,1475,0.7107002240977214)
(2278,1338,0.402682249707651)
(1453,686,0.2981123512029852)
(2500,1556,0.6447799437171834)
(2244,1561,0.4995886050743418)
(1762,1374,0.8146402835734763)
(615,2293,0.35573230682256696)
(1408,828,0.2895266419595154)
(792,728,0.11745001019642487)
(1355,1825,0.30079379172405907)
(1534,1866,0.6636663646738578)
(1435,50,0.33863114107151937)
(582,1,0.49813813006971785)
(1,1630,0.42894909101562306)
(1868,1211,0.7939798912049938)
(1718,1865,0.6296972099546734)
(517,420,0.23345920257611608)
(1723,1653,0.6438977037908082)
(1909,84,0.3736577621953555)
(1046,244,0.5349123108534157)
(1571,733,0.25663875765456223)
(1379,942,0.32817853650853535)
(501,888,0.5550980189974601)
(200,1915,0.010281069837318024)
(2184,1917,0.055876065492597826)
(646,1632,0.3395067624855831)
(1072,1064,0.3252649898506791)
(672,111,0.054558912078336186)
(1501,1749,0.08723015768429265)
(1055,1314,0.6320480090085894)
(1856,1393,0.50511103649712)
(1540,1623,0.8216025513231888)
(1423,1210,0.8746455749295855)
(1589,558,0.7390491094618461)
(1110,2500,0.9257610562724022)
(2500,700,0.9218135774691261)
(477,1191,0.8457753592391218)
(745,893,0.886734312891934)
(468,1230,0.7010451019508771)
(1781,1187,0.041841808978074324)
(1789,942,0.9775104226413559)
(230,1804,0.7222440814750458)
(1127,1319,0.4246632238474297)
(1065,1289,0.9114612194022529)
(1613,1427,0.7466551805210333)
(1742,651,0.2773947292886966)
(1615,2500,0.2940123275436125)
(1389,1447,0.48848855054013307)
(1256,708,0.0789498838597592)
(1005,839,0.20001546772466194)
(1,953,0.8244860947170173)
(1621,1217,0.31196663582058015)
(438,1469,0.49406113037319577)
(1950,2062,0.9101331383943324)
(1125,1750,0.02008458805979063)
(1707,872,0.15679409364150454)
(1537,1141,0.8297372841988775)
(912,2349,0.660602229309274)
(1810,1211,0.39373748310024537)
(558,400,0.32946503882676137)
(1987,1076,0.5746673140055822)
(490,1517,0.23599775846764182)
(503,1484,0.974098915929074)
(1311,1199,0.323451022637141)
(498,113,0.5977249987961419)
(1635,1291,0.6034576746122853)
(937,2421,0.19011053585079174)
(2500,277,0.043402148737558655)
(1887,957,0.8237313908519556)
(858,1794,0.3781587354883793)
(1148,2000,0.7049777930608458)
(1183,690,0.4844883663350532)
(1333,666,0.8475529775372318)
(1667,1001,0.20335436289350628)
(1223,150,0.8419096104084666)
(1522,1197,0.1531597121718965)
(1265,1000,0.9383421019670228)
(2219,1590,0.2596321203366022)
(177,1620,0.951179603392079)
(779,332,0.11309694045828977)
(384,649,0.5364212945056223)
(2035,1087,0.8353878027995372)
(1027,1128,0.19696824198990237)
(1472,2089,0.0420930732299486)
(1378,2490,0.9289897245980032)
(1488,1785,0.06977505359263625)
(159,1219,0.10177871657805149)
(1845,1856,0.10477470435160097)
(630,1067,0.4407326930319807)
(309,1920,0.9242608167456771)
(1785,1285,0.6543300119405963)
(224,1941,0.6319736046967735)
(1118,1927,0.5697335596577853)
(1450,1359,0.6792458052937228)
(833,2500,0.8084104597002282)
(1,1411,0.8877742406998002)
(2289,1257,0.49721593831882915)
(2006,1240,0.87853357117566)
(1315,380,0.1772067494622389)
(598,1539,0.9518451759488941)
(1517,1437,0.7651063149079712)
(1692,788,0.32875865740067145)
(699,458,0.16875037653775748)
(703,200,0.3741233418150419)
(786,902,0.04502344459562302)
(1545,1714,0.8219940823609249)
(1810,1410,0.7312416548257049)
(876,1551,0.191991418915042)
(538,1318,0.5226049376909846)
(751,1557,0.2300422958411218)
(1978,1750,0.6184188144110166)
(2160,1728,0.013947483739286115)
(1858,1368,0.17174774949408467)
(1397,664,0.007607244870348695)
(1729,1648,0.9897433854098613)
(479,1628,0.263020831732118)
(380,1254,0.2898022737974625)
(227,820,0.42011244514330714)
(1899,1340,0.09627601597659063)
(1581,748,0.19376281771649795)
(574,1353,0.20484069341132138)
(1238,1832,0.19214760669279474)
(1106,1168,0.23847092618012822)
(1350,1146,0.04856451554416785)
(937,1073,0.7140619613343483)
(1630,1539,0.6376382294390872)
(2094,1,0.7089998536963147)
(621,1170,0.776743157195692)
(1094,1094,0.057391290366951786)
(1819,200,0.8711726705867671)
(1544,2399,0.8902235681005974)
(744,1033,0.36763974408953515)
(2271,1720,0.7025046170007971)
(1654,811,0.7500227411821635)
(1253,2480,0.3522676543235371)
(1179,751,0.04780385991621183)
(748,841,0.679067575893863)
(767,1549,0.06847564226142211)
(1433,2020,0.6443129885899203)
(1794,1240,0.37365236980814054)
(205,1616,0.9804175453270774)
(1259,1009,0.8634656350420895)
(2290,1220,0.5629148548537694)
(1435,1583,0.880602929388305)
(2148,1517,0.07412570438876243)
(1,944,0.905123215724394)
(679,1028,0.6416144145050691)
(954,1198,0.46535251817533974)
(1378,1479,0.6344739298791796)
(1501,1935,0.781337088253845)
(879,2141,0.5918966563021564)
(1126,1362,0.5873936614705498)
(686,1301,0.8291855429547413)
(1546,2029,0.5987523974489939)
(925,1530,0.4677120677408474)
(1512,757,0.7506426568779653)
(617,1110,0.1746495872566094)
(1644,894,0.4047989423522975)
(12,2500,0.815172079790114)
(817,2173,0.9923825210140134)
(1399,2054,0.9312808575271663)
(1151,1608,0.08879769518253033)
(934,713,0.7450543742606901)
(1188,1761,0.4759408435524216)
(2086,1,0.21267130655372546)
(1496,1845,0.6838108312514646)
(1375,1004,0.5829812836890598)
(1768,1,0.36236354599452336)
(1692,883,0.17018412247954418)
(1741,1453,0.30385393215216316)
(436,2306,0.3398371753156626)
(1277,544,0.41818377007943286)
(1538,1794,0.622675837197544)
(1849,2220,0.8190820193001939)
(1506,2021,0.8206321544169443)
(1254,2205,0.35926513244254354)
(1143,645,0.33471587824881865)
(1270,1871,0.5330526662466928)
(829,1583,0.698713981624276)
(1,838,0.675944187897436)
(859,2250,0.7338138159431997)
(819,1183,0.24167855296127505)
(1137,1567,0.023352670738432058)
(594,1788,0.4678804064187775)
(1456,1836,0.40780461385433986)
(856,1600,0.6989821881185652)
(875,2058,0.008338940013380869)
(571,1995,0.612484256078915)
(1056,1204,0.256470988946662)
(1234,2141,0.03308203845977131)
(311,1243,0.34864319659473986)
(1203,1627,0.663779008899444)
(1021,1381,0.05633910877976522)
(1785,1558,0.35940151989559466)
(123,1581,0.6602594956753415)
(1883,1174,0.9563968604441343)
(1324,974,0.8902522544083418)
(1193,724,0.7987735684775158)
(1628,1209,0.5626257786138521)
(508,769,0.1201226931272632)
(1612,2137,0.8902731791987338)
(85,1014,0.16175114963875004)
(527,2500,0.872157811661947)
(2441,746,0.4825747066505077)
(727,2500,0.5576161063410104)
(488,306,0.9612906752193309)
(1,1083,0.8682123978095562)
(962,1362,0.18092503509795765)
(1857,1017,0.5921054386892725)
(990,2385,0.2096039014008364)
(974,1579,0.23033858390919915)
(844,1,0.4131487805211027)
(797,1233,0.19823079036272906)
(600,1448,0.2857526015650077)
(1667,1341,0.5041431491104064)
(1094,1588,0.41833367968911894)
(427,1183,0.9519396186992848)
(167,2028,0.17956194240076506)
(920,2253,0.2491883425232414)
(1208,600,0.9761711035491247)
(1212,1351,0.5712406018089301)
(2041,235,0.07818704677837074)
(1755,1177,0.30229056662103504)
(913,1193,0.5946838952938628)
(1103,1956,0.8582657932417717)
(1946,1923,0.964073517441734)
(1913,1078,0.5697754931282139)
(1016,1558,0.4524582938579458)
(1666,710,0.4432730390244469)
(497,1032,0.10571935245637976)
(42,687,0.3059488163471995)
(1292,2500,0.44428293082400616)
(24,849,0.9059069463746957)
(524,1449,0.010181187486714927)
(330,2143,0.19738477959456513)
(1129,2022,0.8176257733301507)
(813,933,0.15337027494511168)
(2004,400,0.329703519736003)
(720,1692,0.7249669311707903)
(1903,993,0.23374197946153474)
(1468,388,0.33635568373857216)
(1604,337,0.7991663918531361)
(686,2085,0.4095805439442567)
(669,913,0.5163485692953225)
(102,1270,0.7924393618399174)
(1725,1991,0.4817157312195217)
(878,441,0.07489469228392642)
(591,2500,0.9632656895580007)
(80,1377,0.48822424290305655)
(2471,2025,0.727789319648013)
(1399,2315,0.5501161262436854)
(2155,1332,0.6435791138154382)
(1829,1905,0.8822118602476161)
(1581,2137,0.11251096901504076)
(2500,831,0.20209489917860723)
(1859,2001,0.8597245169448883)
(2016,64,0.07422780851547428)
(1449,543,0.7209550685379138)
(669,852,0.12781365458216276)
(1369,1314,0.6084315497649609)
(989,1431,0.11736724102815654)
(1387,288,0.13401963258161076)
(1679,289,0.28789209821289596)
(2030,1412,0.22368559241633645)
(1311,1232,0.45625071831639563)
(437,661,0.6610147477822945)
(691,839,0.3326881151929013)
(414,1,0.7924491115179046)
(1717,676,0.2777799148930409)
(567,1471,0.407888498155331)
(1049,765,0.1038282285782055)
(1476,1324,0.7504943910183663)
(911,1271,0.10052978032689985)
(1496,1153,0.5019396367178253)
(90,1991,0.6361272047690205)
(779,1304,0.05097466448183674)
(2007,2077,0.08640985680849378)
(680,1115,0.8803730534340712)
(1265,1847,0.1652321749803255)
(1800,737,0.6894854973707636)
(727,2074,0.9471290298728771)
(1166,2335,0.9164688981247875)
(961,1852,0.7195919564771771)
(746,353,0.7833244981536286)
(1368,1776,0.9992374286955944)
(544,1654,0.4684737168383618)
(1305,272,0.047783874696242346)
(1410,138,0.018575682900583868)
(1056,368,0.3619732589965231)
(1646,92,0.12129708709544962)
(870,1172,0.15537310948456395)
(983,2331,0.2281769854454262)
(1904,1572,0.3678025085191403)
(1487,550,0.4170962324225972)
(798,1039,0.8622159629899263)
(324,1420,0.6426557566691903)
(2500,1968,0.8414154120463198)
(1850,1540,0.34842956432198446)
(2109,1035,0.028219022305304597)
(1293,1676,0.5267168445736402)
(1005,1651,0.3081053056656552)
(1131,266,0.29345688757677557)
(1389,1378,0.740935341316807)
(1976,2499,0.6369482411029841)
(2406,1219,0.7699388425074627)
(1666,1117,0.27126549040692327)
(1229,1102,0.4483009468505723)
(202,538,0.8322354029843172)
(1409,1841,0.8168817493054497)
(1730,1013,0.18855426107964413)
(1647,1625,0.47068535960189173)
(2432,1357,0.0967470841617144)
(1179,1806,0.27266674906833677)
(797,1045,0.7612014877996871)
(1482,841,0.7711212452240019)
(1,1119,0.5645831738720054)
(1009,1085,0.223038755155619)
(1051,2427,0.4063695238885944)
(1677,1862,0.8684899292057526)
(1531,1597,0.8478138572870517)
(804,218,0.18433883678708696)
(1201,860,0.7977684645429312)
(2108,493,0.23849206966037217)
(1792,2144,0.25802354488045975)
(1215,523,0.7612874763008385)
(931,1955,0.04121777983435726)
(1786,1110,0.39155014153312206)
(758,875,0.9455726858357025)
(2019,1090,0.07550437669018828)
(1042,703,0.759477004056397)
(464,2141,0.23572633775949514)
(997,1512,0.39361999572911244)
(282,1058,0.5759989365640448)
