(2029,2204,0.018799002647730007)
(1046,1851,0.4698841345442717)
(1404,1516,0.2806723481063388)
(1343,1422,0.0388329115047189)
(1348,1278,0.14108945533304934)
(985,1455,0.043148312628319196)
(1404,881,0.3364309523327916)
(803,1267,0.14257295910608647)
(640,1735,0.5081379758182598)
(923,1041,0.22286678105472613)
(1833,625,0.36221580726905306)
(1332,1735,0.3662982163372651)
(1083,1177,0.3898121001573974)
(1332,622,0.1356282532272419)
(1661,1766,0.45646282894065604)
(450,1851,0.5089496746458617)
(1338,1330,0.17740765618811188)
(1332,1851,0.3413429753274638)
(1668,1614,0.4893151284852986)
(920,1084,0.17251658042445528)
(1340,1516,0.1169745731039379)
(1046,885,0.1494678981217489)
(813,1851,0.012830954735775281)
(1876,1735,0.6857615278696847)
(1326,1516,0.5786058445601155)
(1348,1229,0.020013819221661084)
(1338,1278,0.30600289691398797)
(1524,723,0.1844120528578825)
(1719,1642,0.2512123049162177)
(1595,576,0.4162728633044413)
(517,784,0.31955339563340773)
(1484,866,0.6904477823555212)
(1608,1367,0.44609462611396106)
(1863,723,0.5322742290302273)
(813,855,0.012300893181149582)
(1543,1329,0.1300126580221641)
(1939,1854,0.054484753679560904)
(1397,1930,0.009886398367509765)
(1421,1005,0.42144036239207544)
(1719,881,0.30639306356856755)
(1649,296,0.47916398830376805)
(818,622,0.16772422905212303)
(450,1454,0.02718085315812288)
(1046,1735,0.5042368901941717)
(2055,1516,0.4536728909681254)
(1046,1701,0.10006390059476464)
(2284,1941,0.25102406105164243)
(1524,297,0.04575252274839814)
(1876,1851,0.6390418239782504)
(1385,1734,0.15748893036537573)
(1709,1245,0.10988102691061663)
(568,2164,0.09086177094570064)
(1455,1422,0.2831599023902035)
(1817,840,0.6189375921503274)
(1863,1781,0.07059025070961356)
(1709,1512,0.3136932188238123)
(984,1735,0.2929647126796559)
(1709,1941,0.15279237208336552)
(1241,1537,0.09500415261888251)
(610,1282,0.3498779396112722)
(1139,855,0.6465166365718973)
(579,1173,0.5615906409649445)
(664,1614,0.45193817569343914)
(851,1499,0.1843478278324803)
(1084,1792,0.08186972633925492)
(1590,874,0.03365535196444993)
(1777,881,0.4258784357694024)
(1171,1454,0.03683592661292434)
(852,130,0.04425512798177803)
(1777,1173,0.4465284892985746)
(1379,1532,0.09411315471523429)
(985,1761,0.1294061613447406)
(2333,1701,0.12653162801681347)
(2055,916,0.23933267701578553)
(1171,1367,0.41214329680002615)
(1863,1367,0.41606749810760657)
(1677,723,0.26868201524743435)
(1127,1272,0.0429755277008142)
(1,849,0.04686244403515615)
(1777,1282,0.45174696537386305)
(1420,910,0.010776912583718328)
(1608,1701,0.1589822917925727)
(1139,1091,0.33113966381371834)
(2284,1516,0.44963670663469774)
(945,297,0.04734778091165744)
(1404,916,0.14806717741774014)
(2154,1592,0.1286634577505251)
(1123,962,0.0543133090537782)
(1273,725,0.5579822113896588)
(871,997,0.2807780855886599)
(1892,1026,0.11435422835129692)
(1404,723,0.3885463562892382)
(1332,1125,0.10036522859599996)
(1,649,0.04797617316662255)
(640,728,0.3796049255029533)
(1269,997,0.3883105357120356)
(1719,1435,0.05520745574999263)
(1833,1781,0.05536563519685614)
(984,1026,0.05669931808152779)
(1833,1299,0.6049531486099449)
(1863,864,0.088943132048641)
(1404,1282,0.35686630035541383)
(2289,1802,0.021474029205117123)
(1863,1317,0.2786875417978931)
(1719,1282,0.32500386273055304)
(945,1516,0.13785758731602116)
(2445,1330,0.12414808042116494)
(1679,1299,0.3195990710659792)
(971,558,0.8399955205990998)
(220,1453,0.07370392867497695)
(1639,597,0.02187201353348627)
(1385,1926,0.3259839332565957)
(1777,1422,0.2042614252734689)
(1719,916,0.13484715299945418)
(1709,1435,0.0591103051181055)
(2055,1975,0.2337305792547016)
(866,1691,0.11337646191725709)
(1874,605,0.13413694490243785)
(1077,297,0.1439394728516414)
(746,1282,0.6544032635471994)
(1369,597,0.2263008239764438)
(945,1282,0.17528170300108312)
(1471,1330,0.30037924696100515)
(1639,916,0.020430311307124242)
(1800,1267,0.5192572214044439)
(617,1026,0.12682177071108752)
(1813,1245,0.20806637310902995)
(813,1330,0.006022911877334132)
(1404,1317,0.20343466394392523)
(813,1278,0.010388663724679836)
(1876,885,0.20327615090591733)
