(450,885,0.16189445977537592)
(1338,1781,0.03831515970678468)
(1264,1065,0.6928899998268739)
(1088,1,0.05536494399876332)
(2055,723,0.6280381730589476)
(2284,1317,0.32590204531451383)
(1786,1419,0.18713932854757392)
(963,737,0.1588174474342286)
(1348,893,0.19477093567686096)
(1451,691,0.05131989823123382)
(1348,1930,0.0024507714296689498)
(1343,1162,0.0221033120109535)
(1369,1512,0.4592722805656463)
(984,1229,0.03135505813976241)
(1863,1282,0.4888753473398833)
(1668,799,0.1306502131799634)
(945,1975,0.071023714177123)
(1455,1642,0.4840531218740781)
(14,2063,0.2390342721921488)
(1326,1422,0.3326441122193988)
(1326,1317,0.41938041398891823)
(818,1930,0.005936706424447457)
(1940,1327,0.5145660640579541)
(611,2340,0.3472318144377492)
(1332,1781,0.03460483538347685)
(1635,1497,0.24939331272394563)
(1326,1744,0.6231989565336683)
(2055,1642,0.4458626830271124)
(1026,1865,0.6126182383895767)
(1332,1701,0.07269049333835384)
(1455,1245,0.19774675186133078)
(1600,1245,0.18139727218927704)
(268,1638,0.09141973521947892)
(1420,1213,0.3040711129793293)
(1397,1229,0.08073563584319784)
(1369,1941,0.22370040845280542)
(1712,1986,0.5792110556996551)
(1455,1317,0.3569932932140441)
(619,1293,0.27572087958112845)
(1025,2500,0.21997418150159692)
(2405,1089,0.35049957434311146)
(1404,864,0.0649261752488293)
(2055,1512,0.519995852042669)
(482,2194,0.39965078271835486)
(1026,2086,0.748714440419378)
(101,2278,0.08542534558000568)
(617,388,0.21409933567787165)
(617,1454,0.03261186975092854)
(1719,1173,0.3212494935548086)
(1608,1278,0.6044533965256251)
(1338,1930,0.005315373536473387)
(610,1975,0.14176967906158547)
(2055,881,0.543799928228591)
(610,1422,0.15820043540878653)
(640,1781,0.048004686403096526)
(14,2047,0.01211901009906573)
(1608,1299,0.8269692843610086)
(2350,1077,0.12515664761998305)
(1876,1026,0.13271977584301675)
(984,1930,0.003839551052872993)
(786,1326,0.07874610375111253)
(1397,1781,0.07126478125700178)
(818,1330,0.19814546710802033)
(1805,558,0.025089692758606275)
(1338,1381,0.320129773938919)
(2055,1245,0.1821450856538957)
(1332,885,0.10857956953644071)
(2284,1245,0.18052459839145807)
(1048,1923,0.23447400921569794)
(984,1653,0.3061378086335747)
(1348,1640,0.10197438991859996)
(1127,975,0.3773077317956454)
(363,1521,0.12291157294254532)
(1046,1930,0.00660845214064881)
(450,1930,0.007157870035680189)
(1139,1330,0.3165552835846257)
(1077,1162,0.13714038925765104)
(1639,723,0.05361163192732592)
(1404,1435,0.060619834853682705)
(1227,250,0.2219413229703831)
(1471,855,0.613479510568056)
(793,1674,0.2359495897863603)
(579,723,0.6185904837188968)
(1600,297,0.15517618782742934)
(1404,1512,0.3217041610904329)
(1171,625,0.4574633290432168)
(1608,1851,0.7465555124554716)
(1171,1851,0.6897367332755717)
(945,1435,0.02977459031075677)
(617,622,0.24263120472650573)
(1139,1653,0.7562188885758162)
(1677,1162,0.06351112567675514)
(1338,1299,0.41865096321388295)
(1897,1029,0.08046930086509411)
(1172,1904,0.23978628540638763)
(2445,1735,0.2838156288417728)
(1139,699,0.28880519019905454)
(1077,881,0.5023509975024569)
(2284,1422,0.25849894968389575)
(1524,881,0.15967701552305336)
(1719,1422,0.14695339937875435)
(610,881,0.32984276830405274)
(1326,297,0.19872466431343871)
(1709,1317,0.19836881915547055)
(2136,776,0.13854782130752244)
(1046,625,0.3116475462056217)
(1332,1930,0.004800648819918135)
(809,1324,0.27549575520042197)
(1484,1706,0.30888473659408605)
(450,1640,0.29783251965839674)
(1471,1026,0.13290115182506307)
(1139,1781,0.06836720864916204)
(2500,2500,0.06859270187175134)
(1863,1245,0.15437140479193803)
(2066,1402,0.7504252596794788)
(1139,1454,0.036015568454513654)
(847,2157,0.05940814701087836)
(884,1534,0.0924624900268328)
(1343,297,0.023199139920441075)
(1892,1330,0.25846003986619775)
(2284,1435,0.09711289011635121)
(1709,1422,0.15734215890617534)
(1833,728,0.4378128345188099)
(985,624,0.0754712873148915)
(1083,1262,0.15345959150217503)
(945,1512,0.15801114636575803)
(1338,699,0.16185562062962372)
(713,784,0.6153006133810108)
(1303,1324,0.6290113928296556)
(1876,388,0.2240562931741316)
(1338,1091,0.1855812070576486)
(1709,1516,0.27368316285957206)
(1639,864,0.008958514611054926)
(1608,1229,0.08574291379484217)
(2445,728,0.21202471724252395)
(579,1245,0.17940504490813447)
(1397,699,0.3010454735842822)
