(610,1173,0.3458362308736793)
(2445,1640,0.15477105657305704)
(2500,1131,0.1303254598907546)
(1139,885,0.21451574623234637)
(701,1787,0.30147883311093326)
(1338,855,0.36232850035554476)
(1332,1278,0.27637050075248687)
(1499,1923,0.1578226732805256)
(725,558,0.009611891921996749)
(1343,597,0.03814836064621584)
(1709,864,0.06330941082853739)
(844,2443,0.045901297002443)
(450,699,0.21796050438627612)
(1833,1330,0.2563551254596752)
(1608,699,0.31971651452645744)
(818,1229,0.048481130354541074)
(1170,860,0.17372614654772783)
(1171,622,0.27405804449640647)
(1600,597,0.2551696828954318)
(746,1173,0.6468437489601218)
(666,1468,0.12328669667409746)
(1813,881,0.621188753774394)
(1712,1628,0.3672558291827437)
(1340,1317,0.08478456509854626)
(1517,831,0.3198542478332227)
(1119,546,0.2956050266600624)
(1892,1735,0.5908669590076796)
(579,1317,0.32388090928482466)
(1259,1436,0.258839723650798)
(945,864,0.03188973168838727)
(629,1371,0.6337415166811129)
(2500,1760,0.06981674764650897)
(640,1229,0.05438435103351313)
(1348,699,0.07462714107456672)
(1171,388,0.24183058123128262)
(1471,1851,0.6399151440065318)
(1207,796,0.17155557098063814)
(1471,728,0.5129988694659817)
(1679,728,0.23129820141360066)
(2445,1701,0.05632213632907264)
(1171,1091,0.33868232207068977)
(568,2417,0.05892343406834626)
(1471,1781,0.06487363097628171)
(617,1640,0.35734254852805636)
(1348,388,0.06109725591777475)
(1369,1317,0.29042801852155137)
(1338,388,0.13251123027019693)
(1833,1229,0.06272354566501301)
(1679,1026,0.059921764379193034)
(984,1454,0.014580073798635228)
(1668,1,0.03916417996234905)
(1291,409,0.019492407435318614)
(1833,1851,0.5461280320961613)
(1892,699,0.23580273286595607)
(1021,1687,0.06556193838862014)
(1359,1352,0.14016847157046602)
(945,1245,0.0553484295615104)
(268,1419,0.5683718504649691)
(1404,1245,0.11268711422764065)
(1157,798,0.6870788513137969)
(1390,823,0.12342559812388074)
(963,577,0.20444206960199024)
(1863,625,0.46181904271838675)
(809,1835,0.06756795904596935)
(579,1282,0.5681538220255417)
(945,1422,0.0792551875799133)
(456,182,0.08663086292269881)
(1623,1974,0.652725486656013)
(1471,1229,0.07349512275128862)
(1777,1162,0.11626359805838687)
(1805,1937,0.015563259675513925)
(2284,723,0.6224507159166756)
(1608,1381,0.6323584879026508)
(746,864,0.11905831660248198)
(1329,585,0.30496287888178986)
(519,1734,0.15946572044194837)
(1820,1009,0.4872905615090461)
(1139,625,0.4472753465852801)
(1679,625,0.19136000167054928)
(1197,1614,0.33876819896455884)
(1051,911,0.2550001742841761)
(1471,1930,0.00899976886290278)
(1915,1293,0.33352329464942104)
(1147,2465,0.5174660130697843)
(1171,699,0.2953835590583541)
(1156,1110,0.4956388848624653)
(887,1200,0.712803342263994)
(1340,1435,0.02526426044989006)
(1608,1454,0.03987037770003288)
(1863,1173,0.4832279728151199)
(1677,916,0.10238929532254556)
(1127,1785,0.059055280205573005)
(1863,699,0.29819603849862264)
(1608,1930,0.010499559384324559)
(1340,881,0.14021283996658448)
(640,1653,0.5309862917538494)
(1600,1317,0.3274774880970252)
(1130,860,0.0979693071600668)
(2056,1338,0.05597110339828844)
(984,622,0.10847525449421686)
(1600,1173,0.5678268992392733)
(1326,1642,0.5686448527268665)
(1683,2113,0.06592324314088518)
(931,1459,0.05836886334956471)
(1471,388,0.22436249042280826)
(1677,1642,0.19074522750085865)
(1679,855,0.2766023783759955)
(511,1024,0.2729530376634132)
(1904,740,0.002141344838861683)
(1833,1640,0.319588941614827)
(1326,1173,0.7271812223210145)
(1442,1752,0.6453959871574346)
(1876,625,0.4238402655555557)
(1998,249,0.06843213067291819)
(450,855,0.4879243759580842)
(1600,1435,0.09758234345063445)
(1443,1468,0.08460023112287822)
