(818,728,0.3384002112150549)
(245,1869,0.16421730844680738)
(1635,1069,0.06845348530027937)
(1863,1278,0.5637669626417208)
(1608,1781,0.075684670494141)
(1639,1941,0.021620682926172058)
(945,1173,0.17325688945797507)
(1710,1798,0.5254990038097833)
(1295,397,0.5077843712166896)
(1892,1091,0.27036784773075156)
(813,1781,0.001300782815343972)
(1046,728,0.37669061602760273)
(1777,597,0.20066068227965497)
(567,1525,0.23357369520742985)
(1679,388,0.10115936620580218)
(1709,881,0.3280532896792937)
(1679,885,0.09177732211438608)
(1874,1065,0.21882723245779934)
(1863,1941,0.21465737792192668)
(1471,1640,0.3744722694628818)
(1021,526,0.021600426805875317)
(1443,579,0.0015213724685577636)
(1348,1299,0.1930283568233865)
(1540,962,0.22567141622380651)
(1863,1381,0.5897937311209653)
(1471,1381,0.5420303863527004)
(500,1625,0.037136029024402814)
(1325,1502,0.1585181364208195)
(1813,1941,0.2893216016626037)
(2284,881,0.5389619121281546)
(1471,1653,0.7175759561358469)
(1332,1091,0.16761008357116888)
(640,1367,0.2829454431510681)
(1251,1060,0.3026943621152314)
(1679,1640,0.16884006488395864)
(854,1288,0.21933308112810582)
(640,1330,0.22227230594867212)
(2451,980,0.10046364430309834)
(860,667,0.20056935267329667)
(1326,1435,0.12496774612553171)
(1833,622,0.21699696898866838)
(1397,622,0.2793111913811831)
(1139,1229,0.07745298538431089)
(1813,916,0.2733923997695533)
(1623,1286,0.5897337605590864)
(610,916,0.1451676409551169)
(1709,297,0.09399765864594187)
(1348,1381,0.14760296682299034)
(1023,885,0.08607829420785923)
(617,625,0.40500500121392713)
(1813,1422,0.29793689830896064)
(2198,757,0.16991775293863498)
(1189,1518,0.1462721571666327)
(1046,1091,0.23072781557662564)
(1639,1282,0.04924041734592609)
(984,625,0.1810691276401678)
(1446,1574,0.615784984052363)
(746,1435,0.11116156870075394)
(1455,1975,0.2537508091001084)
(1499,1254,0.09504378755971404)
(1082,789,0.007337237058025039)
(1397,1091,0.3451741876475015)
(1455,218,0.14935117437713835)
(1677,1975,0.09999265291985533)
(1171,1278,0.5584497122868346)
(1471,1278,0.5181113471531742)
(1340,1245,0.04696411018052567)
(1471,1454,0.034175165894355534)
(2055,1435,0.09798462838833343)
(1471,1091,0.31421836252085233)
(1171,855,0.6612429124608878)
(610,1941,0.15362583022102574)
(1348,1701,0.03710910565735084)
(1813,1173,0.6513090414897991)
(1369,1435,0.08654227444990194)
(1610,944,0.08401657853316828)
(610,1245,0.11048041047148673)
(1813,597,0.29268483371698806)
(2445,1278,0.21413772703758271)
(560,1004,0.032023182018290366)
(1496,1219,0.14757943867880502)
(1719,1245,0.1026259620688969)
(1264,2150,0.04619695510470402)
(1326,597,0.3267802250223724)
(1340,1173,0.14701149988360124)
(2218,1218,0.14854490350775326)
(1520,606,0.22357400068855054)
(984,1278,0.2210406732407772)
(1397,1381,0.5954295502928753)
(1777,916,0.1874340558447823)
(1325,887,0.48046214421217215)
(1833,1653,0.6124067362281261)
(949,1376,0.17301331089239746)
(1326,1162,0.1893377631522307)
(2445,855,0.2535538136715125)
(1608,1735,0.8011354337872321)
(1710,704,0.6920953129829087)
(1343,1941,0.03770999905529162)
(1046,1299,0.520496788240975)
(1699,1276,0.21802583625436023)
(1110,1678,0.10480712382899149)
(1077,1512,0.48036128989882565)
(2445,1454,0.01412474825336351)
(1440,463,0.3404326906979227)
(1077,597,0.23669217653764685)
(1677,1317,0.14067622716026568)
(1679,1091,0.14167310383716036)
(1318,1371,0.4700132510190168)
(1867,876,0.032805118372201264)
(1046,1278,0.38044466400712484)
(1679,1701,0.061441934705117315)
(1171,1381,0.5842310055021787)
(945,1317,0.09992082275639648)
(1340,864,0.02705899488939268)
(691,1084,0.11515610075325733)
(1421,1,0.1027033072137099)
(1337,495,0.3600797806449774)
(1939,1086,0.14232086257840218)
(610,864,0.0636547536157855)
(1779,2379,0.7347772014434518)
(1712,1139,0.5259727674352661)
(1220,2500,0.02964321085720602)
(1876,1381,0.5412906539104031)
(984,1330,0.1281501193529911)
(1471,1367,0.3823730481492919)
(596,172,0.10982276178131649)
(1077,1317,0.3037639838135876)
(746,1975,0.2651625899964332)
(2284,1512,0.5153696132850848)
(617,1781,0.06190607560496814)
(1021,1224,0.1492544200269304)
(1197,799,0.09045323726311408)
(813,1701,0.002732408448865332)
(1287,1701,0.06255071430333517)
