(1332,1299,0.3781100685999512)
(1343,1516,0.06754651212072703)
(1777,723,0.49184985297273776)
(1397,1701,0.1496979265994374)
(1338,622,0.15017029052637232)
(486,914,0.1588511707686737)
(499,217,0.07550034643748667)
(1892,1851,0.5506122520254634)
(619,845,0.1272529285806325)
(640,1026,0.09834316377797636)
(1369,881,0.48029658742063586)
(1340,1282,0.14872958957624313)
(1329,1459,0.10415961534748466)
(1608,622,0.2966342576535142)
(26,1462,0.5951203380398985)
(1743,1463,0.5460021203465342)
(1639,1642,0.038060466828241594)
(1343,1975,0.03479971080247216)
(1863,855,0.6675389030104232)
(1455,597,0.2781683283164619)
(1998,1650,0.09418118984903462)
(1332,1381,0.2891293736808906)
(1338,885,0.12022145175899596)
(1455,723,0.6818328824051643)
(1075,1648,0.17725507045955838)
(818,699,0.1807754988866394)
(1369,297,0.13762018578539897)
(579,1642,0.4391554918112588)
(1477,1826,0.3837400579568473)
(1397,1735,0.7543501355469344)
(640,1454,0.0252886742555252)
(1213,1845,0.3060537338078734)
(813,1653,0.014388133643803465)
(1701,1349,0.5204534315360474)
(1348,1367,0.10412588991507274)
(1424,1228,0.28829489881233117)
(1190,1565,0.11567721303236755)
(928,1,0.46369851453851085)
(1679,1930,0.004057767911446786)
(1046,855,0.45047267842276906)
(1719,1162,0.08364443230439103)
(1471,1299,0.7088423564783697)
(927,1354,0.3452147125929149)
(1241,1150,0.12569005655078788)
(1400,950,0.4023208022955984)
(1048,850,0.4001340225026824)
(1833,1278,0.44217601830121067)
(1039,454,0.3547517453063164)
(1480,1851,0.03376624048385054)
(1397,1653,0.7882693288433545)
(1863,1930,0.009792822303921143)
(1419,1063,0.09616975720855682)
(1882,1008,0.2702074570927806)
(1518,1423,0.034934139936151666)
(1863,728,0.5582039769377425)
(1524,1975,0.06863075810517)
(1340,1162,0.03827770532464023)
(1343,1435,0.01458874890001419)
(1709,1642,0.2689715689899759)
(1639,1435,0.008364325700307526)
(813,1381,0.010868264984576293)
(1876,1330,0.2999693063385522)
(617,728,0.48953243899721166)
(1608,1026,0.15504881926293285)
(579,297,0.15347193819322905)
(818,1640,0.24702100262391205)
(1223,1004,0.006685184462637027)
(640,1640,0.2770990862033577)
(1403,172,0.7708053282525167)
(2333,576,0.06438256294190185)
(666,579,0.002217074156534794)
(1433,1141,0.5307763517544161)
(1180,776,0.5492659678740248)
(664,799,0.12067033198276761)
(1264,605,0.4247284338714624)
(628,1432,0.119969027765409)
(610,597,0.155411660638152)
(2016,1943,0.6054468936980378)
(1608,388,0.261751976933485)
(1139,1381,0.5712198309280597)
(2445,699,0.11326492350046952)
(1340,597,0.06606393226093539)
(450,1278,0.41207432584412396)
(1904,703,0.00451191216392585)
(1112,1287,0.020173304187924988)
(1876,1930,0.008987486486916697)
(1876,1299,0.7078749684854384)
(1348,1091,0.08556635145572898)
(1677,1173,0.2439243879915999)
(2284,1282,0.5716993108987114)
(617,1299,0.6764173340042766)
(1777,1975,0.1830467573041418)
(1892,388,0.19305174643668527)
(1679,1851,0.28852153615876747)
(1524,916,0.07027571281134687)
(813,1367,0.0076669716585640105)
(1863,1091,0.34190706846701185)
(1813,1512,0.5939970907139533)
(1608,625,0.4951480087504575)
(1892,1367,0.3290112558317162)
(1343,1642,0.0663836648008723)
(1077,1516,0.419093525922387)
(1667,1349,0.01454618912751847)
(1892,1653,0.61743516606516)
(1608,728,0.5984889363383222)
(1348,1653,0.19540664640446004)
(1292,749,0.08730451583129924)
(1442,519,0.2750264300961657)
(2445,1299,0.2929677025571242)
(2392,1951,0.3457943922800367)
(1348,622,0.06923935920622043)
(1291,1199,0.08477566564348668)
(1046,699,0.2012304714403083)
(450,622,0.20222462550040782)
(1397,1330,0.3299716850540602)
(813,1026,0.002664804356282552)
(617,1229,0.07013318905028035)
(971,1937,0.5210533480473957)
(2055,1173,0.5701677756796903)
(1455,1173,0.6190055869577461)
(1077,1282,0.5328645914280227)
(1492,1126,0.5355683272605605)
(445,1937,0.11983596318525619)
(818,1278,0.34177266217382435)
(579,1516,0.44684820941255493)
(2088,506,0.09717694947297063)
(1524,1173,0.16741945712372389)
(1338,1735,0.40557264624278533)
(1397,1278,0.569154081033954)
(722,1686,0.42843535928194026)
(1833,855,0.5235668525363557)
(2500,1766,0.004117743674880278)
(696,1971,0.13595133000875328)
(1874,672,0.004097038504226047)
(1863,1454,0.03718665800295957)
(1679,622,0.11464033185424011)
(450,388,0.17844431026976595)
(1093,513,0.24695562000989907)
(486,858,0.08607285290160457)
(407,1152,0.28194699994106714)
(813,1299,0.014213016016200751)
(1507,1223,0.04465285762335165)
(2500,1977,0.3021461716508546)
(1527,1220,0.8848145310026319)
