(69,63,0.6977608951697909)
(121,58,0.7178025314407049)
(55,72,0.8536657763266743)
(219,74,0.2626831438374878)
(42,73,0.4079153776968486)
(127,63,0.4226080009716383)
(127,70,0.8045402671844312)
(51,63,0.20348510657177565)
(141,58,0.5291084590053243)
(157,52,0.663880504674299)
(233,71,0.15518293047431542)
(12,54,0.4761946772015385)
(164,77,0.998981364849423)
(85,67,0.3761633524966427)
(20,73,0.2818457528565088)
(102,53,0.4492112591889261)
(81,77,0.3952601973475899)
(21,67,0.9366234232312373)
(195,75,0.3711233342208633)
(228,63,0.7269151245702193)
(231,55,0.7841125297950449)
(12,63,0.8935466262081943)
(244,65,0.2818249476218231)
(4,72,0.4361728170519559)
(198,74,0.07154469967555133)
(18,71,0.5587505352847622)
(178,66,0.44262209424291876)
(95,67,0.7890101433009772)
(222,55,0.43773294680370045)
(26,73,0.24291588454460544)
(38,74,0.5967182422741292)
(223,51,0.08712066091495718)
(121,70,0.852971136664381)
(86,68,0.9635381692246148)
(52,50,0.796321627853278)
(219,57,0.48004968556749306)
(145,68,0.7581842507586474)
(80,61,0.8278463672486489)
(176,68,0.06809274051309522)
(27,49,0.862435888254933)
(248,62,0.4629153098367894)
(157,57,0.3986452191974914)
(38,49,0.8498429594877271)
(175,74,0.970752940931225)
(248,60,0.31414687811153463)
(119,61,0.30744156682157386)
(61,62,0.49220072345215227)
(202,70,0.33329133061666294)
(50,60,0.8646245049120745)
(217,68,0.7293201292966478)
(175,65,0.7110211326648012)
(32,79,0.7539977319765446)
(61,67,0.5949725995112817)
(212,64,0.8312290666207802)
(217,62,0.10296425407465093)
(41,71,0.6151996321903106)
(103,55,0.5490100576849032)
(211,56,0.7003400814302959)
(33,70,0.20019085024318106)
(130,60,0.8859470721002097)
(177,57,0.6075053756589408)
(202,59,0.4335740022541067)
(145,62,0.7036860484461386)
(163,60,0.7131772073416326)
(19,52,0.4994457618213607)
(126,62,0.2809200038728238)
(93,54,0.015143952554946383)
(75,52,0.39366514608701897)
(132,60,0.8824748000661605)
(196,60,0.6257535316547134)
(38,73,0.6895426442957656)
(87,64,0.8080419670516115)
(107,59,0.0740145160309309)
(248,71,0.5504523738616153)
(138,61,0.974700470887759)
(118,67,0.2260661854167625)
(150,59,0.7873270805960433)
(187,56,0.7224216832485049)
(232,66,0.874683326661462)
(245,65,0.951433529159235)
(3,66,0.8587282084482826)
