(61,74,0.3323488427920216)
(29,65,0.2904234677226697)
(27,62,0.6629073343214332)
(98,64,0.3991943426195681)
(82,52,0.8843506692213982)
(133,54,0.07079855428990811)
(155,71,0.6066386904824074)
(29,58,0.7385805252585783)
(79,61,0.2043577609309044)
(141,62,0.5202192396583523)
(141,60,0.23938896526640363)
(201,89,0.7178069493249507)
(212,51,0.5225657509456032)
(230,58,0.16662865679528882)
(243,63,0.40680428643587807)
(1,51,0.11213357128336776)
(232,48,0.7518604973350809)
(77,53,0.08074875276660687)
(34,69,0.5548738048593532)
(62,75,0.6226165570113501)
(25,63,0.8701419158060538)
(16,56,0.7338428102916121)
(163,65,0.0033880883729336952)
(241,72,0.09354337767679344)
(132,55,0.7876914253456785)
(25,65,0.12936766457648818)
(78,63,0.07893247156664185)
(245,53,0.8267487655390247)
(5,58,0.5027865871402196)
(193,52,0.791201154938959)
(234,74,0.2632142389608808)
(30,70,0.8328059973942137)
(221,61,0.5492320809026536)
(185,66,0.8273239672547107)
(43,66,0.7261616044277182)
(191,59,0.09309220518522032)
(23,68,0.27329570820159566)
(233,61,0.8653876916887089)
(107,73,0.7144453683422552)
(203,53,0.20573378303343992)
(123,71,0.8622340067925472)
(82,66,0.9325337164324946)
(1,57,0.8872437259363112)
(144,69,0.01814046489430754)
(155,66,0.5787953217453619)
(163,66,0.90929864922063)
(59,58,0.3783563960450149)
(84,63,0.8466522447296174)
(3,60,0.6217138283540834)
(125,72,0.47295549332634523)
(95,59,0.870572338589493)
(16,64,0.33512643102807416)
(158,42,0.47442399972667904)
(73,63,0.1525856882399259)
(171,61,0.06727548461992028)
(169,87,0.8408172588239684)
(88,79,0.585379419484436)
(169,60,0.6956091031434551)
(52,68,0.552991850942403)
(78,75,0.9455714528291387)
(177,67,0.6468112351884424)
(113,59,0.8535604198125913)
(146,53,0.9126987438846427)
(12,43,0.76209829831122)
(138,70,0.6851534403764732)
(201,67,0.7463982862287256)
(22,57,0.45193502800191665)
(177,81,0.4292280250410513)
(156,58,0.7084403909087208)
(54,62,0.10286548986790833)
(140,77,0.16712661372344217)
(6,66,0.44829722424852103)
(216,71,0.4607261393966623)
(13,62,0.23804778800077997)
(97,66,0.8460077542645035)
