(56,67,0.11087836740333945)
(225,62,0.7983843769114595)
(109,58,0.6203146284728253)
(187,58,0.36538622995428516)
(109,57,0.7522590923535265)
(200,73,0.10662911734105074)
(115,58,0.6036887171212332)
(179,64,0.9052785003637356)
(156,67,0.5938676210197821)
(93,60,0.290101632304706)
(187,71,0.8019282450824815)
(40,59,0.07931976048535772)
(103,54,0.764563102125083)
(19,76,0.8991426228651673)
(246,62,0.08424528239600726)
(207,61,0.6720068366265455)
(79,75,0.8373215593522333)
(112,76,0.9504972211273255)
(226,55,0.15859811984159744)
(135,75,0.7804352502520108)
(134,63,0.38835590871567593)
(219,67,0.17830629652428187)
(71,60,0.2366129387569298)
(177,78,0.8676496824397101)
(58,58,0.5248017712434686)
(24,57,0.37173819792116325)
(139,70,0.3835077554895948)
(59,61,0.1379616505506699)
(25,61,0.43635719487034097)
(233,72,0.9351922295989382)
(229,57,0.7377476945962708)
(82,60,0.34905239593922044)
(5,60,0.3605907334503704)
(10,60,0.073263864944354)
(155,47,0.43610309439854367)
(10,51,0.8131157954405936)
(61,56,0.5117614345755723)
(7,59,0.8723071474988398)
(234,63,0.7203727278353779)
(217,46,0.7597201321953481)
(220,73,0.3358161324798671)
(159,60,0.14046374740785217)
(172,64,0.31668864218140436)
(149,68,0.3554833981157993)
(241,61,0.8563988005773262)
(146,60,0.49796997967882917)
(137,73,0.12648857771722855)
(200,71,0.5489055969565738)
(40,44,0.6628296252390753)
(36,76,0.8631243263564525)
(4,57,0.7691363267796355)
(57,61,0.061761811496588215)
(69,56,0.722801293445439)
(61,69,0.6062331174537738)
(163,69,0.21579214325132134)
(56,55,0.7892929569033335)
(80,80,0.11079519835657858)
(41,54,0.905229611921363)
(200,72,0.14539748286116128)
(83,61,0.7331217537338239)
(73,50,0.35128557637305047)
(38,61,0.18766113957190267)
(91,58,0.8729664260420957)
(242,70,0.7828634288448143)
(157,61,0.49497355928076925)
(44,59,0.2361365094965312)
(244,60,0.13096750884903363)
(245,57,0.9169734791291176)
(199,54,0.9960461349937911)
(98,53,0.598407706001942)
(42,64,0.9204989431571358)
(153,76,0.19169719179936062)
(196,62,0.9967284112877383)
(38,63,0.7947066808126517)
(135,60,0.7736389060391827)
(28,61,0.820927788718114)
(53,65,0.5639820491939735)
(7,78,0.9316959820620986)
(63,65,0.19135121402367372)
(98,60,0.8814842909830465)
(231,50,0.5245297756158884)
(171,63,0.9606024801972723)
(239,67,0.9914729875110667)
(211,69,0.43839282213102093)
(126,71,0.9710935561955625)
(230,54,0.6499799004264168)
(46,72,0.7960331035174885)
(95,69,0.8121032903520619)
(43,74,0.9341388053015653)
(207,63,0.21369978834014036)
(221,64,0.817386758769892)
(207,57,0.9560268781220701)
(196,57,0.48823921148707783)
(67,78,0.3314550988653323)
(218,61,0.021800495578530366)
(60,56,0.9345949827308209)
(210,61,0.29960504586016357)
(63,68,0.4266183204137183)
(172,55,0.4747327274968707)
(117,65,0.24591065442805726)
(74,60,0.047985141637451045)
(61,58,0.35504882019707595)
(202,72,0.5811838689845867)
(243,56,0.7505454279973975)
(64,61,0.08789545276643296)
(128,64,0.2099614170885452)
(3,51,0.3820023980741766)
