(28,59,0.9212127957779116)
(205,61,0.1480832245508208)
(141,61,0.19513135245366198)
(211,65,0.04306414719158935)
(105,43,0.9757541946445469)
(54,69,0.674980694510767)
(240,63,0.10092609514854722)
(222,62,0.4605977770902079)
(168,59,0.04283030688744982)
(209,75,0.4905522890909172)
(110,63,0.69049156999243)
(86,56,0.3830763337462103)
(228,58,0.25600613328458677)
(187,78,0.9743553990615154)
(102,58,0.13860941990048625)
(37,65,0.42907622291320424)
(209,57,0.9796941825910386)
(51,58,0.9208590239869734)
(55,57,0.10936292845068907)
(159,65,0.9522882842301758)
(158,58,0.9948833346849952)
(23,71,0.5267615422268667)
(242,62,0.8354550178851785)
(18,53,0.6116247896336435)
(145,65,0.3490054030602957)
(80,71,0.41645833324867054)
(232,56,0.07241359290552962)
(211,54,0.4179565243348332)
(89,73,0.05539904042052668)
(0,53,0.21901056076893044)
(127,67,0.6689379418480952)
(167,69,0.6815569024989903)
(140,72,0.6316737319784997)
(6,59,0.2649785861813527)
(64,60,0.9268180273467006)
(240,69,0.07347215886057479)
(18,72,0.6945103150462022)
(79,46,0.25696762245142624)
(33,64,0.1341640363400618)
(188,88,0.17114313237005518)
(3,62,0.8266982311091362)
(108,71,0.08954747384753758)
(171,66,0.5455237154600671)
(30,78,0.9401128395652284)
(104,75,0.907744422974066)
(15,64,0.7965672753086447)
(142,68,0.7942761680608583)
(174,63,0.9951365057616459)
(188,62,0.77735611567688)
(159,58,0.3561769932307425)
(43,72,0.7474820210957188)
(205,81,0.3967897251022441)
(172,72,0.13202624845484823)
(211,63,0.9715810459191784)
(215,78,0.3561934667119089)
(221,65,0.9575247922112596)
(195,63,0.7902326036846751)
(112,70,0.27270559441466313)
(98,54,0.8267174499847927)
(157,73,0.4333059757171682)
(221,55,0.898991807110815)
(50,59,0.47537418959285493)
(59,64,0.6665719270713036)
(107,68,0.26083594048557124)
(184,62,0.5664205522689305)
(157,63,0.6777676488435099)
(1,59,0.10282155047427366)
(16,50,0.3501917931562558)
(198,65,0.7287724918861977)
(2,72,0.06439312712611867)
(72,70,0.7193931919280351)
(199,75,0.5401225582384787)
(75,61,0.10033088888173003)
(122,73,0.8008209599324088)
(87,73,0.21774505976987446)
(55,59,0.9186557770945777)
(169,77,0.19670870743044933)
(45,61,0.22687602428520004)
(78,57,0.7596463002812597)
(212,63,0.7812354948622888)
(169,74,0.8254045557621484)
(249,69,0.8870155249433745)
(16,71,0.015256695866846748)
(125,73,0.28863388731274797)
(115,81,0.4563980113443178)
(176,60,0.7510527608392925)
(240,75,0.9290180296976266)
(18,76,0.28073200782966)
(64,59,0.9341185752988124)
(156,55,0.45604980785786353)
(220,61,0.5572599336526378)
(142,61,0.030046253661602962)
(195,57,0.6807045895397908)
(143,54,0.0827433714427076)
(41,63,0.5011611081132974)
(18,56,0.9864715949661854)
(24,74,0.2961627230466365)
(98,57,0.1328977579916708)
(167,61,0.4272505947649088)
(246,51,0.4218359967352976)
(44,60,0.10583372368046406)
(27,66,0.535420230046986)
(230,62,0.848932232842996)
(111,54,0.2839495933616678)
