(68,70,0.27906408846994124)
(36,62,0.6155736468126274)
(110,65,0.8611907715377122)
(187,60,0.10154714120604746)
(38,58,0.5705211638123205)
(34,70,0.12642011917200957)
(239,61,0.2140797072643582)
(86,64,0.4957029504476116)
(61,63,0.9237421962839036)
(24,83,0.5508623149868312)
(76,51,0.8556528350322238)
(2,66,0.5423947084920843)
(147,70,0.9517108015908892)
(121,56,0.19823335776614726)
(69,64,0.46506359948926446)
(163,59,0.050047647843801)
(109,60,0.8458242005337305)
(43,60,0.15599161289312835)
(212,49,0.26766617938314097)
(9,61,0.694040286208666)
(16,81,0.8822488276466139)
(71,50,0.22581307846908993)
(225,61,0.5477270257370743)
(36,67,0.27146096389400964)
(194,70,0.5344640275036662)
(208,67,0.33491472971758174)
(207,66,0.6311889334196008)
(168,62,0.12560196369549204)
(176,57,0.33029963968070586)
(159,70,0.9678382592510753)
(94,66,0.48131804348713425)
(167,58,0.8615049284867764)
(81,44,0.847449700935137)
(80,62,0.5029956847242061)
(224,56,0.5187441748206925)
(124,78,0.7819104025431638)
(124,54,0.07329104729074187)
(109,63,0.9489217518726326)
(4,58,0.6814814075391626)
(30,67,0.8258259261640658)
(154,67,0.6057984843824623)
(6,55,0.8662132889016948)
(120,65,0.14325931452203766)
(182,82,0.9521971187579376)
(249,78,0.8259692327494531)
(53,61,0.8578504733300847)
(1,71,0.7960125102001506)
(51,56,0.2104985766504185)
(225,65,0.3670985281213507)
(5,71,0.9351815216551597)
(0,65,0.5609621060064961)
(108,79,0.3324860463540861)
(158,56,0.6433463682951592)
(221,67,0.8427293194772268)
(156,62,0.22720588425402288)
(58,66,0.25691031618241145)
(34,65,0.08692644747672351)
(94,65,0.1782955700112473)
(96,64,0.38169705146849475)
(160,52,0.9489364975313678)
(78,61,0.061189947946310386)
(218,63,0.8527427755178019)
(243,65,0.9610015385015137)
(39,60,0.27727181578282134)
(233,60,0.36959624150615233)
(6,50,0.7137225555591249)
(103,52,0.3370666322027557)
(123,66,0.6170715696075807)
(165,63,0.4925638381704198)
(148,74,0.1900996436602509)
(201,49,0.833619299548408)
(148,62,0.8934679924044203)
(178,59,0.6287531937962277)
(26,63,0.16633598573850383)
(119,55,0.9639319357602372)
(116,72,0.6480551970019225)
(197,70,0.49344648789592216)
(232,52,0.02096185511957449)
(92,49,0.2743249566719491)
(27,75,0.6573811018829742)
(166,61,0.21184258521765642)
(204,79,0.026626890608085207)
(167,57,0.2072021259575192)
(128,55,0.11505401724665187)
(189,79,0.802789937512365)
(236,54,0.046645462010845073)
(221,70,0.30981309468813556)
(14,63,0.8375726714722727)
(246,56,0.11428816436321076)
(113,71,0.24858930272241664)
(249,61,0.7554630350666708)
(140,57,0.45228859550024236)
(86,84,0.1689850117937992)
(244,63,0.30899817473413005)
(68,64,0.44230141419421753)
(210,43,0.9130768666331536)
