(148,70,0.61247431829698)
(64,63,0.3069816894060494)
(207,59,0.10385750564875496)
(87,65,0.48998281573600355)
(72,62,0.9924608407972597)
(248,56,0.9549145921242433)
(234,49,0.11906062956539631)
(244,62,0.19457362267759404)
(49,63,0.2768496919769049)
(2,62,0.265665719577859)
(200,49,0.725891028044894)
(3,68,0.11475416749175282)
(190,68,0.44571604491686523)
(225,54,0.35611906093227785)
(90,63,0.2523012904133902)
(90,62,0.8004487111679668)
(137,63,0.9603343443897973)
(1,75,0.59812978023943)
(91,75,0.9574647880808248)
(5,53,0.47073605074969405)
(133,78,0.17769378119155677)
(23,83,0.5434678460037107)
(52,58,0.20567713734801274)
(130,70,0.8565854648376124)
(139,67,0.06163312475307592)
(3,56,0.3442843415536029)
(119,60,0.20498396508652084)
(49,70,0.6234662769329052)
(113,83,0.9556589602916498)
(181,65,0.5033244546538987)
(247,57,0.4166004426342773)
(130,65,0.4456541299287813)
(8,62,0.15727622819619258)
(205,67,0.8548120395287107)
(145,56,0.7904516062039612)
(166,66,0.2101724842335153)
(223,60,0.42709191249969436)
(150,63,0.902873881727188)
(36,56,0.07081595227463189)
(7,67,0.5810780871163567)
(203,55,0.5830640473970572)
(11,64,0.8729675858132122)
(103,82,0.07143487833517603)
(97,74,0.48303147723885786)
(162,51,0.8512951553208685)
(249,51,0.8682408407279671)
(200,68,0.23629635916008662)
(173,54,0.075707851185989)
(76,67,0.3730460388593836)
(38,57,0.5817274698921208)
(23,62,0.7963704029637726)
(231,69,0.09827159749552494)
(11,71,0.27922402642648014)
(239,65,0.9600187161057704)
(15,67,0.39830603892870875)
(7,57,0.7986186284193878)
(154,57,0.2871081848402127)
(229,63,0.25223206847985147)
(202,64,0.7091654756676791)
(217,72,0.8136590698000982)
(209,61,0.5417431141771841)
(151,67,0.5521317818415629)
(96,59,0.691428653478123)
(68,52,0.3372124398748456)
(23,70,0.9641811723834449)
(154,58,0.1616017920610291)
(208,55,0.21628883780600683)
(229,69,0.7792317339812675)
(21,50,0.9252314849478264)
(24,53,0.666170752749071)
(205,69,0.6207141854870551)
(111,61,0.9455784100068472)
(188,64,0.8471828820804718)
(166,55,0.9259439486177472)
(212,70,0.4751852426340538)
(137,68,0.24562460724990953)
(131,61,0.9393739672441191)
(27,56,0.5763823325562338)
(230,61,0.7537017855083317)
(25,71,0.12323113232116067)
(127,64,0.059258890159246236)
