(132,49,0.46770263877622476)
(165,54,0.6956545348508788)
(66,60,0.42867250165347925)
(37,57,0.012704544093620207)
(215,82,0.6739495975022601)
(31,76,0.48071740567588517)
(200,45,0.31095102781588846)
(118,59,0.9063237501875805)
(76,70,0.22958683263608903)
(126,76,0.548947689617023)
(36,64,0.2337687481297469)
(166,65,0.515491440488706)
(100,66,0.8840681447782289)
(195,73,0.06945271731861025)
(83,68,0.44133045216901845)
(104,64,0.9590485992774987)
(136,62,0.21823788705906844)
(16,69,0.6683258567286449)
(175,59,0.2406307306450005)
(20,57,0.8822559334463219)
(128,53,0.05222064303370699)
(190,77,0.09215748486383113)
(214,59,0.06433737289309993)
(237,67,0.10390225353058002)
(195,58,0.8473082872622922)
(75,54,0.14322412393075323)
(238,61,0.8495543929132618)
(125,69,0.6608169585936805)
(201,58,0.18251635535036537)
(194,61,0.7274824893615733)
(11,69,0.7099310295614599)
(131,66,0.15154518103847636)
(144,70,0.3122760421898767)
(158,53,0.32527969184067795)
(111,64,0.7884625495130894)
(42,59,0.8644900760822126)
(36,65,0.25716867110356956)
(225,68,0.9970171676571794)
(221,76,0.18105575527127393)
(148,75,0.4086127026960421)
(155,75,0.825141013527917)
(160,81,0.03468778762435498)
(61,61,0.20573755448248043)
(44,82,0.9037776612843197)
(213,58,0.8243954781717802)
(242,60,0.5583703381232498)
(226,52,0.3401179537103748)
(204,72,0.583034948493218)
(82,55,0.49107023219731627)
(27,54,0.43780751733050394)
(156,77,0.9521430389059972)
(79,62,0.6870960844412677)
(206,66,0.13711011785497385)
(212,62,0.8023862165946103)
(124,59,0.2933296581569095)
(230,59,0.49006228988631084)
(39,71,0.44946006419286266)
(206,75,0.656198458610965)
(156,82,0.6238097641467871)
(194,68,0.7060286280924253)
(167,55,0.6546344724684463)
(148,57,0.09187422881105045)
(41,67,0.7023028912007381)
(195,68,0.19246026780237524)
(37,63,0.6651324764301941)
(148,65,0.585036141852352)
(113,70,0.2152303074062013)
(88,63,0.6829818964825115)
(130,68,0.5074990438238417)
(65,63,0.1214684056026415)
(143,55,0.6800288625721251)
(207,71,0.12196656819050966)
(87,57,0.37489773259803216)
(190,59,0.9451985477262863)
(36,44,0.277859454420489)
(97,63,0.12902443826190768)
(144,51,0.3646383039450255)
(76,68,0.6505156050895772)
(46,56,0.5015661782378675)
(111,67,0.19698674922702952)
(4,64,0.6971268676140406)
(231,46,0.709251824640482)
(29,76,0.9681365592770764)
(33,57,0.5132095784776194)
(120,68,0.9821104199935737)
(69,55,0.02988629524815878)
(11,58,0.8332255231580287)
(212,71,0.4898166150011787)
(234,62,0.40518308683714965)
(112,54,0.7261121102885276)
(25,64,0.3559912537759289)
(196,64,0.47259595734935866)
(41,62,0.40316632228702054)
(36,74,0.6240070204179713)
(79,55,0.048930994881168255)
(169,61,0.007501448042939618)
