(172,59,0.8996002094180264)
(186,46,0.6692356951291725)
(193,58,0.31583434881311756)
(44,91,0.22381286757237318)
(219,46,0.035910555822648016)
(222,46,0.9566578364261791)
(184,45,0.02701463165058593)
(91,68,0.1544785281089638)
(203,76,0.10210018939795407)
(148,68,0.36927435953591914)
(87,80,0.998609210862088)
(113,58,0.16660442685142873)
(20,68,0.7919611132046784)
(219,58,0.161330129364207)
(98,56,0.5156482223627546)
(38,71,0.17777588541499623)
(116,62,0.3650810443694299)
(49,60,0.8857604104744514)
(14,68,0.6573421858850834)
(151,56,0.5399572201759968)
(9,66,0.5392517347057219)
(19,63,0.9119230168542207)
(127,58,0.2636243631602171)
(85,54,0.7223151502754309)
(125,54,0.6467325180115453)
(141,74,0.6288089754460139)
(249,73,0.7363378338618058)
(247,67,0.11198486078041414)
(102,84,0.3883750143351433)
(185,59,0.43341077858126276)
(114,59,0.09706129577683409)
(199,62,0.7964582511615994)
(42,63,0.2892375675887542)
(2,64,0.15288613304841492)
(157,59,0.11960997579847166)
(165,59,0.8935934274908336)
(124,43,0.8168963565567139)
(115,61,0.9846228869470947)
(235,62,0.73749901164775)
(5,63,0.40040629161847596)
(207,58,0.27248204137851995)
(57,68,0.7530851892133813)
(155,62,0.44611701743990695)
(176,54,0.3783725879815365)
(120,74,0.42520498339713764)
(77,66,0.36234972999991066)
(81,72,0.257399594303899)
(217,51,0.5869949810727361)
(31,71,0.5912665659785349)
(129,61,0.8273357382213175)
(233,75,0.28514319590115955)
(140,53,0.14578973194399436)
(17,67,0.9163086234916291)
(30,49,0.9723436782446733)
(66,56,0.857928118641658)
(30,69,0.710173033977751)
(197,61,0.3315846155261407)
(73,67,0.7872298997095473)
(241,55,0.29691859272194554)
(131,67,0.2859810283074481)
(49,52,0.08061377515780999)
(26,55,0.2726955797623536)
(52,57,0.8089900413970073)
(89,61,0.9001298702313179)
(78,51,0.41622332063836864)
(103,67,0.8838915566508343)
(234,67,0.009581647332816523)
(80,66,0.5707998836033872)
(214,75,0.07947632477870825)
(82,63,0.5791082229581492)
(116,51,0.9124728675627084)
(29,66,0.38173778972832073)
(128,57,0.8601135677171999)
(45,66,0.5825837266942693)
(59,69,0.180389344845011)
(215,60,0.6729283283138265)
(162,67,0.2977448296114703)
(231,79,0.761855992033661)
(202,65,0.4643712998279439)
(143,49,0.4725173871339525)
(67,61,0.9490541088112674)
(156,49,0.5124827833626731)
(195,52,0.08350355074102167)
(206,56,0.44488342503784273)
(219,60,0.03671706967897892)
(2,71,0.055379619374650635)
(77,80,0.6145544150395905)
(221,79,0.950193659589044)
(155,67,0.025052357408631765)
(11,51,0.8582749460203701)
(228,65,0.3919847033362198)
(107,66,0.6810693724109601)
(24,73,0.5075993384047164)
(107,58,0.2769883180338454)
(154,51,0.5529868801690772)
(115,47,0.5953739871110874)
(131,69,0.8688338080187007)
(16,72,0.8730527714872558)
(47,64,0.4853031204381729)
(132,73,0.790083545443888)
(164,61,0.6746509486877504)
(16,59,0.36480440122731617)
(234,68,0.5339321606866144)
(196,67,0.5477415207689338)
(120,76,0.8735837518364917)
(196,61,0.45779856935741736)
(59,54,0.5716643323041688)
(135,72,0.8489585678589574)
