(143,72,0.804877804052617)
(182,80,0.28506824547204745)
(78,71,0.6429724451321208)
(136,67,0.776815682870669)
(81,68,0.5108411772106398)
(76,58,0.25494482573333554)
(78,80,0.33439079995724974)
(135,68,0.9239953523446307)
(52,67,0.8449913365772088)
(41,65,0.1582851919689383)
(112,65,0.269843039194549)
(75,75,0.9877887590703277)
(177,73,0.6842559471562484)
(96,65,0.8881816253233944)
(24,75,0.5560706317314248)
(205,65,0.818208671872794)
(65,49,0.0033656658241324466)
(117,51,0.9165880340597978)
(27,64,0.5340325854098329)
(201,69,0.18436710338806883)
(183,57,0.6906481557791669)
(19,61,0.49085105656351)
(122,60,0.8578786880954585)
(7,62,0.7912624232075871)
(170,60,0.7368582821494388)
(144,71,0.7180322456464374)
(46,63,0.26286523114983196)
(212,61,0.3768266094087409)
(154,61,0.41617090728395)
(190,91,0.2654909844944584)
(0,59,0.4485176149188784)
(25,56,0.08463846334943526)
(214,61,0.9500722356874122)
(51,74,0.7606650633710876)
(130,73,0.2169012975621285)
(35,64,0.9533268553787969)
(186,59,0.5764390807967601)
(113,62,0.4942054319112327)
(165,57,0.5121941080622816)
(209,63,0.3733500994681114)
(96,60,0.8547804601585317)
(106,69,0.4249884596906206)
(56,60,0.29928826514800166)
(186,62,0.323831171577164)
(247,60,0.9886358043817325)
(178,64,0.9881576310857086)
(221,47,0.16436212629025904)
(221,60,0.5457143277621491)
(12,58,0.4871871973949846)
(104,63,0.039683552159900826)
(235,65,0.30578193194106096)
(45,60,0.03289342850850496)
(229,62,0.6165218173423105)
(212,59,0.401162889454002)
(54,67,0.9045161191646252)
(11,66,0.28750428315692)
(103,49,0.15260116847975425)
(91,40,0.06288842036827413)
(231,66,0.1654055960498182)
(196,70,0.40425830942912255)
(144,59,0.3412319999267539)
(51,50,0.7844688690492275)
(66,81,0.8968781061011953)
(68,63,0.13134345436828232)
(46,60,0.1454221234453783)
(85,57,0.5390031300621602)
(184,72,0.7504828161895035)
(9,47,0.020510256041070485)
(44,67,0.023805552349110082)
(40,60,0.823560261805592)
(168,60,0.10695657551484972)
(13,39,0.33904337984432087)
(125,59,0.5557485409261222)
(71,68,0.9227492728657288)
(168,67,0.8836828640982994)
(62,74,0.7987467349945705)
(66,64,0.06172245669941223)
(202,62,0.6837750077257043)
(131,70,0.9679986318313092)
(84,64,0.1326961909007256)
(124,47,0.6960095286173584)
(105,60,0.621659365680796)
(187,65,0.01355407433804734)
(1,65,0.5159182342463154)
(117,69,0.7548450064885116)
(16,66,0.3489247269355047)
(85,59,0.6989531456787298)
(21,54,0.12479374102929341)
(96,63,0.4356992601010652)
(84,56,0.08141258391736472)
(222,78,0.26025529416110205)
(169,46,0.9651083158670226)
(68,71,0.6830248410874151)
(12,73,0.770739858288291)
(213,68,0.4445438056184413)
(148,66,0.6173046569395869)
