(9,69,0.12544088460955072)
(4,54,0.16580934389335789)
(153,62,0.00469956170698127)
(161,52,0.17194281462240169)
(123,55,0.8665627279195481)
(65,67,0.1387438666337787)
(14,75,0.7178754747990268)
(174,51,0.6313380679149921)
(3,59,0.10893378413388932)
(134,68,0.24566433497030105)
(199,68,0.23604463905263917)
(37,52,0.9674387397941426)
(32,66,0.24039598923443828)
(244,58,0.5376968505040352)
(84,80,0.46554676871541756)
(43,59,0.36496249754896726)
(202,58,0.8129342422024692)
(50,70,0.46251094539059445)
(233,64,0.1261888796441285)
(35,47,0.820003992016969)
(95,64,0.966173407032557)
(20,76,0.4984824859766497)
(32,51,0.8635726190369983)
(232,75,0.6934987365322521)
(40,57,0.5701474464897709)
(120,62,0.14675201166958785)
(164,56,0.6563667783917243)
(102,68,0.26795371111281374)
(168,55,0.639491074055736)
(89,65,0.5122370918150808)
(218,73,0.9780443124954374)
(129,57,0.9097904832618798)
(88,68,0.31281444208118314)
(115,70,0.13029059816041577)
(75,58,0.05383980577795022)
(116,66,0.594612155652659)
(80,59,0.3561906402835645)
(175,68,0.052323543534520955)
(81,58,0.07242143328415485)
(118,63,0.12300189009205365)
(248,66,0.4192036595352894)
(37,67,0.8089378006414857)
(111,70,0.6442689757063865)
(177,60,0.8640403275354207)
(161,59,0.18125275485690318)
(197,77,0.9845434038029889)
(154,62,0.3733598898121697)
(231,75,0.9784394756330022)
(20,59,0.06144920496132744)
(34,62,0.5974785176477129)
(104,67,0.42043485760883836)
(230,64,0.20857196879809337)
(30,62,0.5145254552654026)
(21,56,0.3672062090350803)
(190,53,0.8584187846027505)
(4,55,0.6830390815823753)
(114,63,0.6819908409201764)
(105,64,0.8493498659853644)
(76,74,0.6904551276186693)
(186,61,0.47941560670532524)
(164,64,0.3722449329943167)
(44,75,0.7157452819952645)
(244,59,0.3991469546936526)
(229,58,0.16039269923696842)
(106,65,0.9434410453818339)
(57,67,0.8944712430068261)
(182,65,0.3183705945201166)
(209,68,0.28978813559470495)
(99,53,0.1976382361470186)
(91,51,0.819775822027668)
(157,74,0.08102385274367163)
(208,65,0.14618408891876356)
(24,60,0.0441820101883853)
(124,67,0.6702167946811411)
(49,50,0.8572140891283534)
(160,67,0.191470484170299)
(248,65,0.31849341073190307)
(165,64,0.4745064155237322)
(206,53,0.33084082992028474)
(247,50,0.6641731640127747)
(33,56,0.3632058223831066)
(178,65,0.4726744908138881)
(109,67,0.9254582095186454)
(127,54,0.8333283547328462)
(58,57,0.3412370892368962)
(169,57,0.35304578773408524)
(135,67,0.2792200542375466)
(185,80,0.7977401944857534)
