(640,1278,0.383388017098462)
(1863,1653,0.7808082557509312)
(892,2500,0.4184763851533612)
(1369,1516,0.4006943179397584)
(450,1381,0.43109807818450646)
(1397,1454,0.03754199796175162)
(1004,722,0.6877187173838638)
(1290,880,0.6535891668480955)
(963,1195,0.8731862271013417)
(2445,1930,0.0037196445489078595)
(2445,1781,0.026812560578467492)
(1726,1593,0.7598475149434472)
(1709,597,0.1545685139286449)
(579,1512,0.5121734624508295)
(1046,1454,0.025094527609761094)
(1386,1681,0.12000253623152472)
(314,1746,0.1702940469656548)
(984,1701,0.05813773735607121)
(1338,1701,0.08048435516482329)
(1608,1653,0.8371583180617054)
(1455,916,0.2598327554336426)
(1404,1941,0.15669430810904458)
(813,625,0.008510045913250585)
(1761,1060,0.21366234573388224)
(1892,1278,0.4458066953531013)
(1579,2134,0.8424295486858512)
(1679,1735,0.30961505497061)
(813,699,0.005494927112219931)
(1171,1026,0.14324837779967295)
(1719,1516,0.25561280850942275)
(1857,1381,0.8399491246414534)
(2027,1571,0.732750420137141)
(524,1660,0.46005712849127045)
(1161,1588,0.3834404549425001)
(1813,864,0.11988020011387969)
(610,723,0.38093761850462055)
(2055,1162,0.148455829104205)
(1892,1454,0.02940587550189754)
(1332,855,0.32724170290553245)
(1639,1422,0.022264494504828453)
(1139,1930,0.009484424817677625)
(1171,1640,0.4036273906950721)
(1833,699,0.2338823409563832)
(1316,1887,0.04538976360746478)
(640,1299,0.5245236704018756)
(1388,1922,0.043718114738381594)
(818,625,0.2799687355442591)
(1471,1735,0.6866986954453298)
(610,1516,0.27517606107245823)
(1048,2010,0.3320829089020327)
(640,1701,0.10083805625788977)
(1863,297,0.13205692575234845)
(1863,1330,0.326848459564327)
(766,1374,0.5677358126457093)
(1077,1435,0.09051614988462389)
(907,2219,0.13817699619726573)
(1112,1389,0.36043497227606686)
(1408,1744,0.4767016685774484)
(1139,1278,0.5460127025612297)
(984,699,0.11691613286207565)
(818,1701,0.08989245724610602)
(1625,523,0.0914014000494037)
(2055,297,0.15581590440775622)
(610,1512,0.315404365541365)
(746,1941,0.2873380493022324)
(1326,1975,0.29809557040227314)
(984,1851,0.2730055518478257)
(1182,1354,0.6197459239561766)
(1939,752,0.0702098349997895)
(654,1455,0.05759779940083092)
(1023,1291,0.07442482891147001)
(1404,1642,0.2758404318829008)
(1524,1245,0.053483610717173745)
(579,1975,0.23021452880300192)
(1448,1537,0.1386489585765291)
(1777,297,0.12202766163160565)
(450,1781,0.05159654946084109)
(1326,916,0.3052403801779757)
(1600,1516,0.4518102950315922)
(1863,1229,0.07997146240888034)
(1340,1422,0.06724941233869589)
(1119,1073,0.3124251027352504)
(984,728,0.2188595484379433)
(1081,1767,0.44831585567439186)
(1171,1330,0.3237657406347382)
(1889,199,0.06567071930665022)
(1833,1735,0.5860549022773731)
(1833,1701,0.11630037513117164)
(1496,1571,0.12618749356042974)
(1455,864,0.11393441347960528)
(1677,1422,0.11158155491576575)
(450,1653,0.570716372052768)
(1088,1005,0.22718861442410343)
(1213,1063,0.4119654753028931)
(540,573,0.7903410475787946)
(1876,1701,0.13608677724876864)
(1707,1951,0.7052332285289709)
(1397,728,0.5635379377939945)
(1348,1735,0.18699830731492126)
(955,810,0.3579606489939723)
(1171,1781,0.06992446846178835)
(1077,1975,0.21591541951449117)
(1348,885,0.055430779639948705)
(2464,615,0.49407508822226115)
(617,1381,0.5172359489174934)
(1397,1640,0.41136412388944527)
(610,1162,0.09004613480202704)
(1876,1454,0.034128525559109654)
(1077,1245,0.1682618196851652)
(931,1319,0.094379432233414)
(1639,1512,0.04438874485553155)
(1833,1454,0.02916639224942882)
(1863,1422,0.2210493547999034)
(2325,1948,0.09629597995239791)
(1876,1653,0.7165966490196205)
(1709,723,0.3788709376760985)
(818,855,0.4046823654181665)
(893,1994,0.144887299257793)
(851,1447,0.06478527106286223)
(2284,1173,0.5650951731737025)
(866,615,0.059170915023840316)
(1876,699,0.2736731846329276)
(335,1913,0.09070265891156354)
(1813,1975,0.26699306070000633)
(1397,885,0.2236074579244657)
(1430,1179,0.46971541206024703)
(1892,1229,0.06323856440966154)
(1332,699,0.14618201126241973)
(1719,597,0.14436288860305715)
(816,1303,0.7018566725773524)
(450,1299,0.563770196851584)
(1369,1173,0.5035852759455585)
(1139,1735,0.7236788242634772)
(818,1781,0.04279395478495696)
(1600,1512,0.5178609610665695)
(1462,2094,0.7164566435190183)
(2500,1570,0.5878075411479707)
(1458,697,0.5416426491808088)
