(1600,1422,0.259748559222778)
(1455,1435,0.10637751727735434)
(702,758,0.19608614866948143)
(1040,1354,0.3308481391122882)
(813,728,0.010286153305280607)
(945,597,0.07785806836849238)
(1833,1381,0.4625894401900586)
(1608,855,0.7157144422704771)
(746,881,0.6169299621331732)
(2055,1317,0.3288275198367689)
(1524,597,0.07523484682042911)
(2284,1975,0.2316511521586332)
(1328,1701,0.019145836747078513)
(1876,1091,0.31378953505550256)
(908,975,0.40954148965570186)
(1404,1173,0.35274386369678523)
(1171,1701,0.14688248195905362)
(1806,695,0.2797089825835737)
(1863,388,0.24413315873393504)
(579,1422,0.2568958252225603)
(1524,864,0.030815291581152517)
(617,1367,0.3648819169176235)
(1680,1146,0.47822790528364933)
(617,699,0.2615112755490422)
(1156,1301,0.7964389625787479)
(1863,1516,0.3844963548884602)
(1341,2094,0.001879800285879195)
(894,1323,0.5875931194582737)
(1876,1367,0.38185120702027436)
(746,1422,0.2958942805628733)
(1332,388,0.11967924302166422)
(830,2371,0.15664733754914142)
(813,885,0.0040814653959569645)
(1863,1642,0.37787705595298243)
(1471,625,0.42441948929148815)
(1139,1701,0.14361132107123592)
(984,1299,0.3024118127473401)
(1863,1512,0.44070631868892646)
(818,388,0.14800093853393725)
(1139,1851,0.6743758829230351)
(519,1926,0.3300756608649345)
(1677,1435,0.04191896057913245)
(713,2157,0.22187833992472647)
(1524,1422,0.07658489379775263)
(1332,1229,0.03920370397067203)
(617,1091,0.29984487401047405)
(1303,1835,0.15427103767621758)
(582,611,0.17882671537593395)
(1171,728,0.5529391946940951)
(1778,1818,0.4649680392067631)
(1863,1299,0.7713050572997128)
(308,680,0.4542832277739938)
(1373,358,0.07466154609543192)
(1161,910,0.014124171808642888)
(1189,734,0.014540079822113349)
(1338,625,0.2506673400294298)
(1338,1640,0.22116790126142544)
(1853,1326,0.1619438645550125)
(1046,1330,0.2205658731712892)
(1078,480,0.0082571421753299)
(1524,1941,0.07437032560414417)
(746,916,0.27151805600554063)
(1639,1245,0.015548569670352437)
(450,1367,0.3041163195958715)
(2445,1091,0.1298678485105521)
(1876,1229,0.07339482076081245)
(1677,597,0.10961458292600361)
(1046,1381,0.3980082068278667)
(1139,1367,0.4029646186167128)
(2055,1422,0.26081937725470195)
(1139,1026,0.14005815058910437)
(756,1146,0.5395438160874292)
(1316,1926,0.4337371729983486)
(1338,1454,0.020184270859246796)
(1679,1653,0.3235368300219468)
(1524,1512,0.15268737899435256)
(1719,723,0.3538553977165091)
(566,1800,0.08553712774373703)
(617,855,0.5854167308318231)
(1813,1317,0.37562336192192947)
(1904,2004,0.12908744433895003)
(1876,1278,0.5174042580639618)
(1714,1089,0.3045041986035814)
(1876,855,0.6126422683984695)
(984,1781,0.02767689058609184)
(1318,1565,0.12032812638402647)
(1863,1735,0.7472101120896554)
(1103,885,0.40456991458201647)
(1332,728,0.2736434073848954)
(1432,1091,0.003876003808823382)
(1599,997,0.626924878878748)
(74,1695,0.18831218302439995)
(746,597,0.29067822346242006)
(818,885,0.13427456417062378)
(2055,597,0.2562216244286682)
(1777,1512,0.4072362068819893)
(1077,1941,0.23397235431439095)
(984,855,0.26172737729153756)
(1777,1941,0.19835489680342447)
(171,1541,0.1147679116925496)
(2284,916,0.23720340982640814)
(1369,916,0.21138411769081097)
(1326,1245,0.23230440525627857)
(1777,864,0.08218821057852596)
(883,910,0.019086289928989367)
(883,1588,0.5181511378286845)
(813,622,0.005098215296159317)
(579,864,0.10336659578218668)
(2142,1051,0.28555478599705)
(722,816,0.33133052918344874)
(1455,1941,0.27497190496091123)
(1332,1640,0.19975066980878187)
(308,763,0.16893879310468687)
(813,1229,0.0014736525649600922)
(1157,917,0.42185259003925024)
(1326,881,0.6935521672299807)
(1863,881,0.46088072343557746)
(1379,1687,0.12336273363864016)
(1269,1685,0.16556435561802632)
(534,1253,0.4186690478689538)
(1639,881,0.046420747726684884)
(1022,1369,0.15385885942185054)
(579,916,0.23573235321643007)
(1046,1653,0.5269097946449428)
