(1892,885,0.17514712657865797)
(1404,1975,0.14460134561639681)
(1551,1685,0.05578423046149408)
(1455,881,0.5903791973501906)
(1677,881,0.2326439170030421)
(1348,1026,0.036190967882024645)
(450,1330,0.23890342562296363)
(1379,1224,0.2808402819488305)
(1709,1173,0.3439599837575224)
(996,1455,0.079633734565421)
(2066,1256,0.4431038282687553)
(951,860,0.06451875163209247)
(2284,1642,0.44189598364541954)
(1863,622,0.27666747414118253)
(893,2038,0.4700475269664147)
(1416,755,0.028483249026507524)
(579,1162,0.14622258180449896)
(2055,864,0.10494530659457688)
(1608,1640,0.4368772010596011)
(1332,1330,0.16022803467711957)
(984,1381,0.23124519888374243)
(1053,1114,0.2842527635785537)
(996,624,0.1392884239324844)
(1709,916,0.14438007058687277)
(1343,1173,0.08489121862364496)
(818,1653,0.47334968861041155)
(1448,1150,0.1834319339082041)
(1499,2010,0.22352248169850975)
(1455,1282,0.6262397633281791)
(1077,916,0.22109052023131917)
(1338,1851,0.3779417087100384)
(1332,1653,0.3827687376755682)
(1677,1941,0.1083550052627442)
(746,1516,0.5146826708078582)
(813,388,0.004498697969541229)
(2325,763,0.2283578337340726)
(1171,1299,0.7640303811277803)
(1813,1162,0.16958275771051667)
(897,1344,0.17328949337009467)
(1524,1282,0.16937604993353617)
(1343,1512,0.07742121431980314)
(1679,1330,0.13543339702946358)
(640,622,0.18814687864928525)
(1332,1026,0.07089201593883668)
(971,970,0.21794292707365256)
(1340,723,0.16193274636660845)
(1447,1318,0.28110073286204984)
(1719,864,0.059129309007813206)
(1119,910,0.02064592233676722)
(1915,845,0.15393036631276197)
(1264,1409,0.04775308216544348)
(818,1735,0.4529814730814176)
(579,881,0.5356194497076406)
(1863,1026,0.14461230989764662)
(1600,916,0.23835007461532484)
(984,1640,0.1597602581122509)
(1428,1816,0.2591121111390335)
(640,388,0.16602201589891613)
(1709,1975,0.14100054347730673)
(1171,1735,0.7401626909086306)
(1677,864,0.044896819454864914)
(1223,1432,0.07411838117182028)
(1833,885,0.17372071764446723)
(1369,1422,0.2303616648804524)
(945,1162,0.04511127473284084)
(1369,1642,0.39379616288973185)
(1139,728,0.5406249074972805)
(2325,680,0.6140634243308885)
(1343,1245,0.027119242698405235)
(1046,1026,0.09758816194638954)
(746,723,0.7124965381763962)
(818,1026,0.08766837614114421)
(2055,1282,0.5768311957471508)
(2074,1518,0.3894026518941269)
(610,1317,0.1994508895777621)
(1340,1642,0.11496079675110492)
(1833,388,0.19147952118093867)
(640,699,0.20278731369943373)
(1474,1134,0.2506354349415347)
(1340,916,0.06170930262992311)
(1677,1004,0.2242108402964179)
(1045,1344,0.0798036774983594)
(1600,881,0.5415673074201399)
(1390,1008,0.34023890835360204)
(1338,728,0.3029834050783333)
(1397,625,0.4662319899532761)
(450,1735,0.5461584725725304)
(1338,1653,0.42380913396300757)
(1871,831,0.18629283526812004)
(1386,1436,0.005634968154747922)
(1139,1299,0.747014966719503)
(1679,1229,0.03313708999542372)
(1338,1229,0.043407118169706126)
(617,1330,0.2866388098321484)
(909,1614,0.5591021592038977)
(1332,625,0.22639347203859964)
(1108,933,0.00854620906134518)
(1863,1435,0.0830438256295581)
(1420,1073,0.16308198617704478)
(1435,2353,0.15000965000142766)
(1699,2421,0.05602921782560323)
(1778,1255,0.6137284026663529)
(1709,1162,0.08955761224232713)
(1892,1640,0.32221306456210214)
(479,810,0.4336405876244691)
(1645,2500,0.5410267684504246)
(450,1701,0.108383079800927)
(1420,1588,0.29256966850600497)
(945,1941,0.07696340379737708)
(1397,1299,0.7786753218514553)
(1863,1162,0.12581912273995985)
(1338,1026,0.07849304533693591)
(1046,1781,0.04763614399743512)
(1892,1701,0.11725530955917896)
(1290,1,0.5015500380247774)
(2027,1219,0.8569699947618924)
(1600,1162,0.14784632999251224)
(2445,1653,0.296577338188122)
(1436,1728,0.015227677015647218)
(1190,1371,0.45184633551628234)
(1813,1435,0.11192893937273563)
(1639,1516,0.03872717469946867)
(1471,699,0.27404718875030387)
(1639,297,0.013301014610059319)
(1679,1781,0.029249877645156564)
(640,885,0.15062427338893908)
(2500,667,0.24214347473886694)
(393,1144,0.4954800710967903)
(1869,382,0.392446508858341)
(1031,1988,0.4285600537557215)
(984,388,0.0957192622889482)
(1340,297,0.04017541991985995)
(1,1341,0.25476844550317485)
(818,1381,0.3575508800198144)
(610,297,0.09451040095402465)
(813,1091,0.0063004003334125366)
(2284,1162,0.14713506451023126)
(1369,1162,0.1311195982200976)
(1404,1422,0.16136028513736672)
