(1055,1481,0.05689240020589188)
(1508,893,0.2764806044749787)
(1524,1162,0.043591369725954246)
(2445,388,0.09273001642526801)
(1340,1975,0.060264863239482734)
(818,1299,0.4675885609653651)
(1077,864,0.09694627879543563)
(1719,1512,0.29298113861340574)
(2444,1592,0.1890059280918662)
(1239,1075,0.16898497866962028)
(2088,500,0.2193661700615221)
(1046,388,0.1647474288175974)
(456,583,0.17497479897090584)
(1679,1367,0.17240232595060753)
(1001,774,0.4217675603258438)
(1874,2150,0.014589836534032051)
(909,799,0.14928378878349302)
(1326,1512,0.6631928976334721)
(1540,1915,0.22935615625092115)
(617,1278,0.4944110533967627)
(1863,597,0.21715267232783497)
(1397,1026,0.14599416390119177)
(1404,597,0.15851580818627176)
(1719,1941,0.1427040192716766)
(2445,622,0.1050876478823977)
(640,625,0.3140586426286084)
(1340,1941,0.06530479373026078)
(1343,864,0.015625111319252368)
(1369,723,0.5546977401646591)
(1139,388,0.2364448692780865)
(945,723,0.19084196786700064)
(640,1851,0.4735194461962055)
(923,451,0.05669978487259817)
(1677,1516,0.19408652505108884)
(883,1073,0.2888239137313825)
(1127,1613,0.05404091048164302)
(1103,1291,0.34979836615704524)
(1863,1640,0.407470508238506)
(1524,1317,0.09655425509234611)
(1161,1073,0.2137344971266873)
(1876,728,0.5122987575974215)
(1397,388,0.24646599183115464)
(1639,1975,0.019952095784451004)
(2445,1381,0.22402357245527654)
(1639,1162,0.012672731704564092)
(721,2500,0.2062228940331128)
(1327,1092,0.41827100095284303)
(1379,1449,0.06315785835036608)
(1160,1025,0.05182565423728655)
(1677,297,0.06665985126344874)
(640,1091,0.23251286736860505)
(746,297,0.17676997552970464)
(765,871,0.6350024537679948)
(617,885,0.19424265327056853)
(2083,976,0.07835222506850768)
(1326,1941,0.3230252039180097)
(1863,885,0.22149098386345736)
(984,1367,0.16313094946955517)
(1677,1512,0.2224602570997185)
(1369,1245,0.16087472342995787)
(579,597,0.25236723720565135)
(617,1701,0.13003914413981643)
(1726,1281,0.6444416860152049)
(746,1162,0.16842011974155077)
(746,1642,0.5058221486945196)
(1450,1448,0.1713368615061137)
(617,1851,0.6106431024358087)
(1777,1245,0.14264743361414528)
(1863,916,0.20283896999420248)
(1524,1642,0.13091951444492175)
(1171,885,0.2194019593363133)
(1471,1701,0.13627275460376514)
(1833,1930,0.0076807465871869315)
(945,881,0.16524449130791488)
(1645,880,0.4098982055288334)
(818,1091,0.20727445336359804)
(1869,897,0.009897127206136086)
(1650,1365,0.004377658955376473)
(851,1497,0.010941976207566189)
(450,1091,0.249910218363438)
(654,624,0.10074507674797407)
(813,1735,0.013769012908819399)
(2291,1767,0.5167422331507594)
(1892,625,0.3651899364955457)
(1284,1941,0.9606232168244181)
(765,1339,0.6009160008629019)
(1404,1162,0.09184469024770994)
(1,2150,0.04158337791081602)
(2284,864,0.10401164136842705)
(984,885,0.08684176163947076)
(547,382,0.6867234240762102)
(1726,1937,0.5587220635991816)
(732,1698,0.022118731308897712)
(1332,1454,0.01822968704202117)
(1077,1642,0.41187861921460195)
(1045,1126,0.03836437633355049)
(818,1454,0.022543681955865116)
(847,784,0.16474735347318642)
(1068,237,0.02661487463114366)
(1348,1781,0.017666058290776714)
(1639,1317,0.028069917908333353)
(1454,1236,0.05986286062999336)
(721,1733,0.5699342010619008)
(1471,885,0.2035539498342456)
(1069,1179,0.3546788695386628)
(1369,1282,0.5094705616045262)
(617,1930,0.00858808676606667)
(1171,1930,0.009700459871708254)
(1397,855,0.6739176221270735)
(26,1371,0.5798526408868463)
(1348,625,0.11557576359964147)
(1171,1229,0.079217199894309)
(1874,1497,0.030917281450935426)
(640,1381,0.4010874422509778)
(450,625,0.3375575074467386)
(1863,1701,0.14828101599379262)
(1679,1454,0.015408717006734145)
(1451,574,0.04652205925627612)
(2177,1328,0.12271994390144497)
(2284,597,0.2539421016116942)
(610,1642,0.2704387662061538)
(1849,1647,0.1113513502355177)
(932,1445,0.3361513801536177)
(1813,1642,0.5093139407471474)
(796,944,0.12876420173890285)
(1046,1640,0.274971736323839)
(1790,531,0.8237195639837658)
(1790,2194,0.8050580262699344)
(567,443,0.45581657698326267)
(1348,1454,0.009306407914910471)
(910,1771,0.22950916643285896)
(1833,1026,0.11342292050646327)
(746,1245,0.20663989633328056)
(407,1098,0.20300297279736415)
(1329,1268,0.010326860143465422)
(640,855,0.4539578111530674)
(788,893,0.15796393751490193)
(1048,1254,0.1412046663318122)
(1338,1367,0.2258341977615927)
(1600,1642,0.4440321526203122)
(1540,1687,0.012793357502740575)
(1340,1512,0.13407522031723787)
(945,916,0.07272602369710218)
(1892,1930,0.007743812672232934)
(188,1592,0.027960479275839247)
(1892,1781,0.05582023864175767)
(1326,1282,0.7356796225396482)
(1524,1516,0.13321284077671777)
(1677,1245,0.0779237804010232)
(1892,728,0.4414076857670018)
(1139,1640,0.39463836684359815)
(373,234,0.05400012915466413)
(1326,864,0.13384526376525696)
(813,1454,6.852471156294608E-4)
