(1524,1435,0.0287714142941329)
(1536,10,0.12974355878000216)
(1600,723,0.6254597043595482)
(818,1367,0.2522327590923576)
(1046,622,0.18670243419040802)
(746,1512,0.5899247216804328)
(984,1091,0.13405426995153255)
(311,2500,0.19734355176739998)
(1863,1975,0.1980910861956598)
(1571,725,0.5215966608534365)
(813,1640,0.007508552945314006)
(1471,622,0.2542620750053615)
(1679,1278,0.23360328815783798)
(1608,1091,0.3665821208511353)
(2445,625,0.17541446495373125)
(1082,1517,0.004459662659524129)
(1101,2109,0.35483086064163755)
(1571,1057,0.04977633268328717)
(1343,1282,0.08588332283201353)
(1876,622,0.2539150724932092)
(610,1435,0.059432742450208596)
(1077,1173,0.5267090633672328)
(2445,1367,0.15803648358798528)
(2445,885,0.0841297539351922)
(1679,1381,0.2443877773169485)
(1892,622,0.2187787162635744)
(1833,1091,0.2681659554071121)
(713,941,0.05722121290399767)
(813,1930,1.8045459307205683E-4)
(746,1317,0.3730481355929265)
(1343,1317,0.0489585172411006)
(931,657,0.11018525305768974)
(1988,1291,0.0031979864625231113)
(1600,1282,0.574462962020486)
(1892,855,0.5278658241629431)
(1677,1282,0.24677507638757007)
(2129,2059,0.0034422669355634425)
(945,1642,0.1354842993267678)
(1813,297,0.17799025423298184)
(450,1229,0.058453560855162706)
(1241,1922,0.04664411283321673)
(1639,1173,0.04867160347543494)
(1171,1653,0.7734439487764052)
(486,1732,0.03629865119114173)
(2055,1941,0.25327738994490195)
(640,1930,0.00665957917666046)
(1710,708,0.34511159597670155)
(1332,1367,0.20396509625185338)
(1813,1282,0.6589207409268777)
(1777,1516,0.3552951942929838)
(1455,297,0.16916234041865516)
(1046,1229,0.05396683055661793)
(617,1735,0.6552866044080969)
(1348,1330,0.08179775366809412)
(2149,1041,0.07954338334848471)
(1348,728,0.13969725132854005)
(1579,791,0.017967098734975064)
(1600,1941,0.2522375362381477)
(1455,1516,0.4925323144153009)
(1139,622,0.26795460762502815)
(1813,723,0.7174150451179174)
(1608,885,0.2374757415168931)
(2445,1026,0.054928637886176315)
(1369,1975,0.20643621627087116)
(1600,864,0.10451444394989877)
(1892,1381,0.4663877304532833)
(1455,1512,0.5645361792422516)
(1863,1851,0.6963040262817214)
(1348,1851,0.17425844777060928)
(2284,297,0.15442965954986446)
(1719,297,0.08779131777327338)
(450,728,0.40800817132363604)
(1348,855,0.1670596300961606)
(1777,1435,0.07673693595988898)
(1369,864,0.09269010532491188)
(1719,1975,0.13169076439708644)
(725,1937,0.005962303779255999)
(1147,1113,0.5304838061906602)
(1001,1447,0.26221424904412755)
(1876,1640,0.3739612108701591)
(596,1489,0.12485106951245334)
(818,1851,0.4221206571409072)
(1343,723,0.09350743435050426)
(1813,1516,0.5182356288271748)
(1857,1,0.07444986193123031)
(1777,1642,0.34917860808491386)
(1933,1647,0.02427152132627081)
(1608,1330,0.35043674891318544)
(2445,1851,0.26447977869508943)
(1343,916,0.03563379670853778)
(1625,723,0.17219967225949365)
(1679,699,0.12356093869443147)
(1397,1367,0.42004326295371086)
(1119,1588,0.560491755606745)
(1055,485,0.10611245208185562)
(1046,1367,0.2807732095192471)
(1836,983,0.08315598427936985)
(1077,723,0.5801685258280537)
(1719,1317,0.18527121089668516)
(1598,1485,0.7367496465847216)
(1397,1851,0.7029576127370032)
(1455,1162,0.16117183669736562)
(1343,881,0.08096535890641028)
(1709,1282,0.3479797652252509)
(617,1653,0.6847514271105648)
(1077,1422,0.240939484414188)
(1740,523,0.6939789102692495)
(1700,874,0.16091666808962102)
(412,1025,0.2926930035839958)
(629,1565,0.16224421151676044)
(579,1435,0.09651062828957445)
(138,377,0.5097113283818234)
(1301,615,0.27643853550482445)
(1833,1367,0.3263317679980582)
(579,1941,0.24946729336207252)
(1326,723,0.8009880351530537)
(1530,1436,0.4211935734853865)
(450,1026,0.10570151154406138)
(2445,1229,0.030375861522400283)
(1876,1781,0.0647850951105977)
(1992,1004,0.01466794973143885)
(1892,1299,0.609920377548695)
(861,1432,0.013006005813023807)
(1645,1573,0.9188129771872495)
(1404,297,0.09639812436029027)
(1777,1317,0.2575221924765463)
(1600,1975,0.23277097678377953)
