(87,182,0.9796358050251194)
(84,45,0.7228030659696608)
(137,120,0.6627718675235704)
(140,37,0.3841894153623546)
(104,93,0.6137177299139318)
(113,49,0.6151362282938342)
(56,98,0.950152566479656)
(122,191,0.8399093390705216)
(121,209,0.8490626879920249)
(224,107,0.14150198414763293)
(121,23,0.24494067703630296)
(120,61,0.6793455656818924)
(203,92,0.2925623165022708)
(170,168,0.6753453942092383)
(96,110,0.1346333168338092)
(156,92,0.3464869916383091)
(60,150,0.4988085417782452)
(108,68,0.08448836833589546)
(113,202,0.39091588418106404)
(53,46,0.4888093366100127)
(68,129,0.20341996486137737)
(56,205,0.9833408916203663)
(118,120,0.05012439849563821)
(92,158,0.8269814338567525)
(157,123,0.027839010547467513)
(197,95,0.4548817429205164)
(102,208,0.42936633000984903)
(60,91,0.5543538318766126)
(146,73,0.053945906770858976)
(93,120,0.8343581912067207)
(123,187,0.6236184298578572)
(137,186,0.5403080408532728)
(175,60,0.687343161174727)
(220,177,0.7999742695638614)
(104,136,0.1277531412184324)
(41,128,0.46799018692436845)
(39,113,0.6549222081784283)
(152,192,0.3254081239534079)
(165,74,0.232327657342696)
(120,121,0.04964789474219666)
(154,107,0.8153314634714425)
(219,119,0.014818244601772723)
(187,149,0.753102665929501)
(250,68,0.631734932363353)
(104,112,0.7002231867194374)
(176,138,0.9630698523253006)
(1,226,0.47164080458600244)
(206,250,0.8271430618721723)
(71,75,0.3496639166522234)
(157,188,0.5622320983000842)
(88,194,0.3879672827832672)
(88,50,0.2933660897267365)
(198,187,0.05685159375519877)
(250,166,0.6099676647184804)
(250,198,0.5161583428909825)
(116,116,0.4130963936448526)
(92,58,0.09528963403460766)
(215,157,0.6662561581358716)
(162,37,0.48985562722603704)
(241,9,0.427699337130102)
(159,1,0.3658268747838971)
(184,163,0.8519634234611301)
(128,71,0.6870878032105103)
(161,85,0.5242067433351855)
(60,230,0.17147908247888866)
(206,140,0.18608915887206567)
(1,45,0.9324131269614148)
(187,101,0.48291530304013186)
(144,81,0.0047067065938966035)
(91,43,0.11809518905915406)
(109,143,0.08927996388068482)
(173,103,0.7553714189409344)
(183,103,0.314830221503967)
(97,156,0.1275372905820551)
(152,84,0.01663436810287966)
(191,161,0.26146961632783916)
(143,19,0.7125231473649901)
(142,177,0.1352940968278562)
(141,212,0.4311876461232741)
(190,59,0.7695863249075124)
(175,82,0.9638299397520608)
(122,182,0.9990063278086488)
(106,250,0.1903884596638964)
(151,65,0.4551165249429402)
(130,147,0.42791445652636173)
(190,1,0.5499100607590193)
(180,208,0.39102798879262757)
(126,133,0.12047602253768686)
(59,94,0.3007517431655653)
(106,98,0.4690687725750562)
(81,148,0.46453858264816916)
(102,157,0.603577584724672)
(97,195,0.14123419624829392)
(79,78,0.7980778219711692)
(60,132,0.14242961400973098)
(141,198,0.101983975667722)
(193,81,0.6766712192087689)
(159,123,0.03263683010373719)
(236,115,0.7639370478383924)
(121,237,0.4963867596768752)
(84,116,0.8114183062979398)
(132,101,0.5569546691010078)
(239,84,0.9028458159293067)
(69,80,0.2697549655503584)
