(1,170,0.9268039415022242)
(214,11,0.11498996521404325)
(96,192,0.875147777253574)
(76,178,0.6666147750545474)
(96,207,0.6743455883743135)
(114,84,0.40285671793162925)
(153,94,0.6577144232100645)
(85,116,0.13880637554749486)
(250,105,0.5282161866162642)
(6,78,0.5183164343168868)
(157,33,0.5656775319917255)
(108,109,0.8740627235933152)
(145,205,0.04907099843285456)
(166,250,0.5872104271842297)
(3,74,0.9662574114287836)
(27,99,0.447447690747547)
(87,40,0.955638730404994)
(126,116,0.17548673258324354)
(85,151,0.4251615207170152)
(148,126,0.2762978130494481)
(212,135,0.7359325404304244)
(85,99,0.7822512099432587)
(139,133,0.5643847660653318)
(128,212,0.8776398637002271)
(180,140,0.0950275482587406)
(149,206,0.8238859644167805)
(98,48,0.01981011980490588)
(118,89,0.41963531108827223)
(108,43,0.19272154977678302)
(137,102,0.0852763956380177)
(143,149,0.8482420240088016)
(55,120,0.8883070358370967)
(124,128,0.01986019115194393)
(89,146,0.3988281917159425)
(1,186,0.08995965309521048)
(138,161,0.13674794983338723)
(93,175,0.9561461226211951)
(1,199,0.2090616989366778)
(130,197,0.33146203184207557)
(91,157,0.3313414190979903)
(90,114,0.7729598286432043)
(179,127,0.45398890248297474)
(101,115,0.4361021003008747)
(122,149,0.15988879247137444)
(90,250,0.0132463000444214)
(153,185,0.06889223405020928)
(235,177,0.786244788192173)
(77,107,0.47973669110299544)
(139,146,0.2774464840253331)
(86,142,0.42362149564796525)
(48,149,0.8186631372713173)
(160,183,0.9042148595241479)
(229,89,0.7818071380600584)
(163,93,0.902362552412082)
(57,164,0.7986106425980815)
(56,250,0.1513605870309408)
(74,92,0.8199328103704493)
(167,95,0.20456423182205696)
(156,227,0.15114631496912379)
(110,55,0.7558243316779186)
(104,161,0.9558326186122987)
(119,135,0.6527170002790519)
(163,99,0.38677447152526534)
(76,197,0.5179947964325458)
(145,182,0.16508699974040497)
(91,250,0.7146848104597595)
(120,66,0.5871738333971521)
(119,95,0.4836085984638644)
(195,77,0.9457308000099414)
(106,110,0.8948115336430551)
(127,1,0.7063544311651)
(120,116,0.9307111453952589)
(79,51,0.9526177469587357)
(250,167,0.32700223514590576)
(137,124,0.7723078170618058)
(55,197,0.9338054933108519)
(138,151,0.8099213182219044)
(108,96,0.9002875791766246)
(85,10,0.8503223872796338)
(120,90,0.4590628044228864)
(83,1,0.7130561793479325)
(98,220,0.9652493840084592)
(109,85,0.33034937853516966)
(180,116,0.18131886355167903)
(199,176,0.24790075667642308)
(120,117,0.007842928823655115)
(134,110,0.6734517503138872)
(87,81,0.2869986918483922)
(1,169,0.003221146435760436)
(155,59,0.1387020206931665)
(149,250,0.6674213434476793)
(230,174,0.16442198478335657)
(172,27,0.9249802390650751)
(134,49,0.4118310690635457)
(100,119,0.1293460452987032)
(160,73,0.38199659963144383)
(85,113,0.7368482233372662)
(63,149,0.2766924151144925)
(250,104,0.2722431870413544)
(168,82,0.8677674914172689)
(154,155,0.3934179364090058)
(133,121,0.8712494684271337)
(103,72,0.5650867148375359)
(80,93,0.38445680618861766)
(169,161,0.3726844254431806)
(1,66,0.18599308231660117)
(184,207,0.7207006070311104)
(111,133,0.4151804771337947)
(185,121,0.9115678674593369)
(139,12,0.6201293235269596)
(35,233,0.8584710313081871)
