(114,201,0.5331996020892786)
(219,45,0.10916087999045543)
(126,140,0.9968523236390033)
(128,148,0.9126473454947391)
(65,119,0.7309159693319274)
(135,88,0.5839590609579061)
(91,75,0.8121925482058074)
(118,225,0.9452920611976341)
(136,64,0.3796629778971743)
(116,1,0.34407624674548576)
(157,56,0.6736552561303414)
(125,246,0.9357364381866692)
(126,218,0.789225959155131)
(88,201,0.4759939698146156)
(163,192,0.8010023896230976)
(181,26,0.9214255915703383)
(51,76,0.8980711414456063)
(130,65,0.6810098158477557)
(197,94,0.4340806625823245)
(42,250,0.4453456227830057)
(173,164,0.9842429826668846)
(65,216,0.9092592582358733)
(56,158,0.02516239744852755)
(205,125,0.16726179730902524)
(250,37,0.18771674953688244)
(182,100,0.03341533961480636)
(117,124,0.5771684024466421)
(250,169,0.12078603890435191)
(157,116,0.4869421297443608)
(117,107,0.5331950127812658)
(105,144,0.215667375662136)
(250,211,0.8648097196769738)
(164,204,0.6504894083398814)
(91,164,0.2122095648513187)
(129,157,0.6001592181110811)
(80,52,0.46138653346228053)
(152,101,0.4334579704973631)
(166,139,0.3944108751545452)
(124,156,0.5891354355904843)
(99,108,0.24071306041342444)
(156,61,0.27270038320716616)
(111,204,0.5500733745223755)
(151,105,0.1531642430708957)
(170,138,0.0012830152146939833)
(116,132,0.2099002556120304)
(36,81,0.4818581227188079)
(183,90,0.5808147124268098)
(111,61,0.19429461524817937)
(80,39,0.6267985228694362)
(99,230,0.1298162237921846)
(105,101,0.7162095146660942)
(130,28,0.46510245808820794)
(56,232,0.2960244732243472)
(184,218,0.811649961885082)
(126,106,0.38683611670777907)
(135,10,0.12762046483183265)
(177,143,0.9581055292811819)
(203,155,0.7931814958118089)
(232,156,0.714952681839881)
(192,90,0.2499747785204286)
(1,194,0.8332780919665337)
(93,116,0.5793784927092023)
(202,91,0.15957875797988685)
(47,220,0.18079697983460663)
(137,112,0.7458390040618075)
(164,63,0.008510855707749565)
(176,166,0.2917780179217909)
(83,201,0.6756135472828032)
(130,108,0.47240698913589385)
(119,122,0.8750842118694)
(172,134,0.48942718793681494)
(181,116,0.22728252209883115)
(200,106,0.25394353526491953)
(116,157,0.6663998356103167)
(19,42,0.6423155448599245)
(77,141,0.14474631420302997)
(98,107,0.2813800778071557)
(86,195,0.05438207984906884)
(113,231,0.7436554246441411)
(24,121,0.45225731203657815)
(137,164,0.4154888511162824)
(200,68,0.24319326690479837)
(94,55,0.3163296314356725)
(143,194,0.2226864820862079)
(18,128,0.1066387772425309)
(107,92,0.407084463227563)
(202,223,0.9600644413988669)
(250,161,0.5951478447338517)
(128,211,0.6076419937630765)
(112,119,0.24539043591026888)
(129,149,0.2157924560653518)
(41,102,0.25528702981252516)
(191,168,0.7725885768941613)
(42,138,0.19425948907985946)
(170,75,0.8257022449683746)
(203,89,0.5284962564583424)
(1,95,0.9534555783963736)
(70,112,0.74138594854323)
(101,77,0.18902893268763998)
(198,122,0.8511245395777756)
(217,74,0.2972888750885898)
(214,217,0.9600087795955695)
