(141,96,0.5785199359799406)
(90,1,0.37316506749348755)
(145,131,0.6012456464927411)
(123,124,0.046386870714760775)
(137,55,0.2888024353229566)
(1,159,0.9665213418021544)
(42,88,0.24321802552272598)
(63,94,0.9615510353159742)
(154,56,0.8155657109719184)
(144,106,0.09954012359795084)
(66,145,0.7321520742796805)
(198,24,0.03986059190980573)
(171,72,0.6436934987594548)
(160,240,0.5561758755918487)
(81,128,0.4684659185529273)
(92,120,0.07988921363645485)
(101,166,0.3752244328394043)
(154,101,0.5622994299400418)
(105,193,0.6176112765007595)
(250,135,0.46123871847952747)
(107,85,0.752006517153732)
(96,50,0.38840163703523634)
(172,231,0.08493749248711702)
(122,123,0.6616007376038217)
(210,127,0.9056744171093498)
(79,88,0.48272579068649357)
(122,82,0.4974625785505944)
(92,83,0.8225662736295847)
(107,222,0.8310487171131226)
(243,183,0.02435036638864141)
(152,72,0.5490285380452616)
(63,34,0.4472309026196861)
(130,23,0.5852163899182382)
(32,110,0.4585865663510066)
(116,56,0.7255722390611326)
(38,103,0.9541760007044856)
(141,89,0.867431238232259)
(114,124,0.19567122084659938)
(203,39,0.20594879867455018)
(119,235,0.36935131464557913)
(180,134,0.4926632394040772)
(165,120,0.5096748754830913)
(162,46,0.46492765203886766)
(58,137,0.4437044853524046)
(33,133,0.6023872956784023)
(176,112,0.7993515836429425)
(246,165,0.27539406010783374)
(132,174,0.07502175985815729)
(196,153,0.5995124544370002)
(70,126,0.11216918683786026)
(122,248,0.7710377831271706)
(135,1,0.15273652418542194)
(202,140,0.6793602235542341)
(132,180,0.01349417053769808)
(149,58,0.4923721844134449)
(100,108,0.7207686790503289)
(185,129,0.6063814783991794)
(26,206,0.6445273134857187)
(104,181,0.20200533096747397)
(145,156,0.7744443291762682)
(27,39,0.6256468109408513)
(137,64,0.9209571558798525)
(53,80,0.012167529842033176)
(128,7,0.9238354053119)
(13,111,0.606662707314638)
(69,11,0.3458057057370868)
(105,71,0.6072312871765206)
(188,163,0.6242018649125416)
(192,250,0.617003983080199)
(84,43,0.8900640696624338)
(1,91,0.35294080532434446)
(103,132,0.552661144410468)
(120,108,0.2054393103772193)
(173,109,0.3512759219251018)
(123,89,0.9130503398243912)
(98,18,0.5153217006278417)
(125,128,0.6894901300893811)
(66,106,0.3171236556193697)
(39,130,0.07516495110426191)
(63,73,0.39684664734735164)
(184,101,0.17469469847503405)
(185,245,0.47347383665961484)
(163,250,0.652638149671476)
(250,121,0.36629442646862)
(211,150,0.2654265391619537)
(146,182,0.5913665769933295)
(94,51,0.878085278183348)
(100,98,0.024445854481211948)
(214,246,0.34427312525294196)
(142,112,0.5174096013984552)
(35,141,0.1524064545717)
