(94,144,0.8319314704205417)
(202,110,0.02072992553399111)
(149,82,0.637628928347629)
(165,104,0.5686479730231725)
(142,250,0.9688606603818877)
(80,135,0.5351594319515567)
(120,176,0.7770732124450129)
(56,92,0.8249505425319738)
(125,83,0.5972617332743533)
(21,47,0.6173256450037092)
(151,208,0.009202541530284769)
(148,143,0.7534424279840626)
(196,106,0.6467488325938245)
(121,122,0.2450774604071605)
(169,92,0.21150525345575732)
(146,18,0.250188851101139)
(48,117,0.28517587864414073)
(111,170,0.04042282136329134)
(1,189,0.07860501089368177)
(33,131,0.36918246752799366)
(84,123,0.2826444673829456)
(18,81,0.39823515002981646)
(137,165,0.14787013989235198)
(189,81,0.035577363717577026)
(173,199,0.2288488233392465)
(163,218,0.39602353963581827)
(4,69,0.2202229940160111)
(187,250,0.1904719579968268)
(130,153,0.27584867021927295)
(155,130,0.63541414688687)
(125,160,0.8107396015142312)
(28,100,0.09275124748126407)
(184,126,0.700508622767952)
(102,156,0.22758106508474718)
(67,122,0.4883358255595117)
(27,42,0.934132088881991)
(113,109,0.5344187699381117)
(59,1,0.07185840075450134)
(110,204,0.4172165411405251)
(99,183,0.8488393023436788)
(180,100,0.9342427955419849)
(180,12,0.08658840176774096)
(166,116,0.4184328419689194)
(250,143,0.3048348115158789)
(119,96,0.010172479780321764)
(112,177,0.3854974171971449)
(132,132,0.3698710626196381)
(169,86,0.4062296223118739)
(78,109,0.20242955070346647)
(13,184,0.20176408112939348)
(250,142,0.989380299818202)
(34,164,0.5625490556730965)
(147,108,0.8358916978934718)
(105,123,0.5747457738453922)
(177,7,0.6041217058577381)
(127,192,0.009123187379001418)
(39,28,0.7718262084841031)
(156,142,0.651693222206248)
(139,185,0.3173852351989972)
(3,250,0.12870656450468743)
(67,95,0.5898068193869171)
(69,134,0.8212224917617167)
(153,57,0.3505607132424018)
(232,118,0.20822810703768724)
(214,137,0.20868692535794975)
(160,49,0.527700851912543)
(140,116,0.9092524901614125)
(199,199,0.5418345868110499)
(54,158,0.32286689396416945)
(237,86,0.11797768994512414)
(117,69,0.6839001337526696)
(126,21,0.2667915907928371)
(197,202,0.21346316602270754)
(187,181,0.5018019104474913)
(67,80,0.21612776043751947)
(247,134,0.028567823254506797)
(133,226,0.26540979846965296)
(215,65,0.17500840641678383)
(59,27,0.32598020552567153)
(143,144,0.15550714720724912)
(90,123,0.06856880531856702)
(124,148,0.5300254762181527)
(143,85,0.4618527889442514)
(126,187,0.8761083897443382)
