(130,192,0.2683466504791957)
(199,14,0.07941517196527215)
(170,51,0.09161607059335752)
(98,68,0.5020729400271622)
(69,181,0.43713803680211427)
(192,8,0.33308453265957005)
(122,102,0.26270748509795994)
(183,178,0.14763238799853406)
(139,63,0.18114756965999368)
(201,196,0.07827205108805102)
(10,158,0.6380256207965765)
(64,164,0.7227136000227037)
(131,147,0.11595236465494241)
(95,169,0.11508318999461264)
(202,134,0.4823996551154053)
(28,107,0.8924793295970935)
(138,68,0.26598985835254063)
(106,165,0.05751639592763513)
(141,127,0.20857701438586485)
(86,117,0.44423346177277756)
(184,183,0.7535990973900719)
(190,181,0.5659921828753555)
(22,1,0.5047055082535947)
(230,95,0.9646813490704946)
(84,185,0.13524540790036632)
(47,180,0.32369195078803703)
(246,148,0.7146659392506702)
(159,250,0.363859268770357)
(193,97,0.11115534715644615)
(10,51,0.15114615583549373)
(63,6,0.6530484570436128)
(198,82,0.7246454826570575)
(93,90,0.9097840057554898)
(96,102,0.5490192782940522)
(99,105,0.564886225763738)
(128,46,0.9303980680197121)
(121,28,0.37998198494658286)
(165,144,0.2607972993271951)
(57,174,0.1248300412180039)
(128,115,0.40314728375619946)
(120,75,0.7114250476908476)
(163,21,0.1550902518749142)
(209,157,0.21126854985954124)
(250,110,0.07090364678683048)
(85,139,0.7478141777191788)
(96,56,0.8415212061595049)
(63,136,0.687967777441034)
(185,130,0.3750248715660436)
(69,86,0.05754976869264339)
(148,85,0.9546804043865478)
(113,220,0.5791254959491585)
(183,162,0.7272184985374307)
(124,84,0.28302826806810943)
(109,92,0.9673809006038494)
(44,119,0.8333049100854744)
(62,93,0.3306391425524582)
(76,247,0.8024055592405005)
(65,161,0.7274602884013847)
(176,185,0.3375335042295251)
(133,81,0.6906725415780838)
(242,146,0.4066161924793199)
(83,7,0.6516306445930844)
(105,90,0.9649226043776346)
(180,72,0.45838123601723546)
(155,1,0.5196332072516936)
(39,136,0.6553867690014201)
(193,119,0.2174834078619997)
(158,130,0.4732196537284733)
(163,171,0.4713985038319477)
(232,135,0.4497403245031222)
(123,132,0.46038651276565434)
(193,4,0.0015087212874389522)
(194,139,0.4705487590572115)
(201,122,0.7935559186935375)
(174,76,0.8347306582728781)
(216,177,0.20329374572920889)
(176,191,0.21800770827523464)
(238,143,0.6545220452953251)
(122,207,0.682958576207749)
(94,94,0.8025914711337577)
(200,173,0.552710742828379)
(137,135,0.0022986066461327948)
(243,41,0.724376504466543)
(128,169,0.7846650269312909)
(129,72,0.1271725276521496)
(207,136,0.13413989197089315)
(194,152,0.2778054026395502)
(115,204,0.6988489050067332)
