(233,133,0.787653252510789)
(193,51,0.8991874053014964)
(36,245,0.2575908882164256)
(87,152,0.19502864303826883)
(221,113,0.086159583655815)
(26,207,0.43688148435798146)
(155,126,0.5929279451106859)
(27,250,0.7433482860218971)
(69,143,0.973161796526087)
(150,221,0.33819305125362487)
(1,101,0.28368520708957146)
(110,91,0.8265203901180677)
(97,197,0.6021963785974837)
(188,133,0.8251013504042854)
(1,96,0.7158426638987103)
(92,165,0.5260261566997941)
(111,152,0.871831661601759)
(53,115,0.4669140993190385)
(179,1,0.2175276673508153)
(35,140,0.2639995568660365)
(118,180,0.21749535029543476)
(165,48,0.5079230152163272)
(86,157,2.3195792873031973E-4)
(184,113,0.4354060876377235)
(1,69,0.2226247005260893)
(95,122,0.5135489479587291)
(86,104,0.1745341849527816)
(48,28,0.6981107993049744)
(124,65,0.5762378594011707)
(76,126,0.26962352431299863)
(38,118,0.7484621827396573)
(45,249,0.10307843748641188)
(134,95,0.7385166416095313)
(99,61,0.5707621181414161)
(104,28,0.27352455797798114)
(60,250,0.3885207173019518)
(2,250,0.15534166805203242)
(142,174,0.3423769104010578)
(71,148,0.7357345755472494)
(100,148,0.3561522786583189)
(148,79,0.4009136590803045)
(176,137,0.07597958675170902)
(110,37,0.4781075837878297)
(139,191,0.8881068748481483)
(115,1,0.025277040071981727)
(233,75,0.03148666203854289)
(180,137,0.5747834732008578)
(152,250,0.917926673131539)
(132,157,0.8648913741167673)
(218,44,0.9660386575324773)
(93,93,0.9603777477759659)
(181,68,0.5898636651310966)
(51,78,0.6793186653406972)
(81,201,0.2735348423662711)
(204,131,0.7908029695609189)
(147,250,0.3735342574321727)
(250,157,0.05243067970195514)
(209,144,0.9461526671110269)
(191,45,0.8241252383869301)
(63,97,0.27791515619041784)
(229,70,0.6059640142924899)
(181,192,0.9764984458586603)
(113,122,0.9182818531690453)
(100,118,0.35359665027030396)
(182,119,0.6369009329830353)
(138,133,0.31681257885205993)
(58,115,0.8889803865669594)
(229,169,0.1329815403233432)
(114,191,0.7112240631461808)
(191,250,0.2751859593415019)
(47,29,0.6940488432836307)
(104,81,0.6961255265238755)
(143,49,0.19194762999702153)
(56,135,0.3209836703575739)
(84,109,0.7722907112777433)
(67,61,0.32004724093788983)
(137,152,0.6758532314181337)
(115,192,0.35609750736633194)
(115,198,0.44084717556929154)
(104,42,0.6097305423947618)
(15,77,0.6061281496091157)
(240,106,0.5000743929743051)
(235,160,0.14659312333131924)
(58,97,0.0799494767524287)
(98,44,0.34925900490807327)
(131,49,0.5320786815086277)
(166,197,0.2542706683130198)
(180,11,0.2951058583221515)
(81,112,0.9402652706846765)
(51,81,0.3014335617319578)
(178,76,0.9795333760523359)
(145,103,0.997179395319144)
(157,102,0.6557160801178771)
