(91,152,0.2582821206340207)
(59,198,0.7292843159925348)
(178,32,0.40936080549642595)
(228,83,0.24800141162864386)
(95,194,0.6733923871686367)
(149,160,0.6985362951508748)
(155,123,0.6221137149634695)
(114,68,0.12961776356653987)
(87,59,0.29714330752530804)
(135,49,0.325527807082195)
(57,123,0.7665961333231609)
(96,97,0.9793424291959836)
(49,84,0.27841497520739844)
(57,194,0.33465498047345255)
(40,123,0.8891330961326711)
(140,85,0.5707243589637867)
(137,1,0.6242821283970276)
(193,101,0.2844702032396935)
(250,102,0.13795674450706363)
(120,127,0.7040266563670315)
(137,146,0.47718384063933306)
(123,75,0.7611416777698724)
(180,164,0.5194535408734423)
(221,90,0.6843856526007872)
(100,131,0.2748063711445744)
(94,185,0.5857144818126576)
(67,51,0.5057612801248774)
(244,173,0.7855639324521779)
(72,104,0.8676006997059376)
(199,126,0.8580139925419905)
(26,138,0.7535307286492388)
(108,152,0.6367562067370269)
(120,175,0.8477573580518561)
(116,175,0.850906645225431)
(130,51,0.1401522683257287)
(80,195,0.9338708485967389)
(106,75,0.24957537807673225)
(127,67,0.8157028556390297)
(108,148,0.4683479457199855)
(250,14,0.81484416948303)
(111,13,0.1998377382725376)
(54,100,0.5694147248162778)
(194,94,0.6875080327329528)
(157,140,0.1581516625665189)
(158,142,0.38041061148096655)
(13,100,0.9998931022288645)
(98,74,0.7299612188038509)
(250,177,0.6737994248685594)
(36,183,0.052200764390984866)
(98,84,0.7455896921367251)
(104,75,0.04221731437425791)
(145,107,0.10139907166062256)
(93,159,0.7087445718514407)
(45,167,0.1976051976868659)
(190,82,0.3320993150720084)
(172,216,0.0107342192606662)
(71,67,0.7059087027710796)
(171,40,0.646687446463042)
(168,129,0.5112245338262629)
(129,134,0.5989726873550136)
(1,113,0.5004958313081145)
(112,104,0.6775913208361433)
(122,144,0.08890151764010101)
(143,134,0.5940131669612734)
(156,160,0.10737701163393853)
(2,110,0.7316804071969533)
(162,141,0.9949384556505406)
(147,83,0.006118417759580885)
(126,149,0.10513785400006614)
(177,101,0.6971763566631068)
(105,56,0.9593210047370273)
(181,119,0.7662837637444615)
(146,176,0.46984943040064764)
(104,19,0.6563663715552036)
(150,170,0.7197089562117938)
(102,137,0.7434799960764203)
(97,167,0.138663154914338)
(96,90,0.9105803262062991)
(122,73,0.3297697311589244)
(195,157,0.1389845783754574)
(159,109,0.7796134940097694)
(22,36,0.309355490507385)
(123,250,0.4551048524028024)
(104,250,0.748442885889303)
(49,127,0.026421147365570996)
(96,79,0.9010786857906604)
(143,71,0.6540568213117444)
(102,216,0.4838285965956777)
(133,104,0.9565746194067473)
(16,71,0.7556883734518955)
(139,17,0.8209797113324662)
(72,1,0.20577162374540248)
(206,218,0.87916036641778)
(181,89,0.6044698703396877)
(41,109,0.8872629046225882)
(52,23,0.21576864412034724)
(10,68,0.8785710765019322)
(216,175,0.2532524803966716)
(102,153,0.7467734420605004)
(119,84,0.7896445854977701)
(116,74,0.9893527007550829)
(144,171,0.29528824358068106)
(129,155,0.3349281652848126)
(53,150,0.8136221474861492)
(163,200,0.2306223728749377)
(154,196,0.2466492213703313)
(97,202,0.2904157334579417)
