(166,83,0.17334058651770246)
(114,152,0.9921481793272596)
(189,1,0.144669075148938)
(144,66,0.752706708714229)
(180,24,0.7077307640254183)
(66,149,0.9287729711916356)
(91,133,0.6594882499800939)
(130,186,0.33531769370081366)
(70,11,0.9789896409857499)
(164,173,0.05375641233874118)
(88,6,0.8183873067795463)
(166,163,0.41705056087482817)
(116,103,0.3888711183295873)
(207,92,0.16028502324229565)
(65,53,0.8105840894546807)
(147,127,0.303457948098814)
(72,146,0.7766443607243115)
(65,223,0.8459935694854583)
(160,86,0.42789417493205895)
(185,90,0.7679133699113129)
(177,130,0.9408816567404624)
(121,49,0.014931940763882712)
(122,166,0.24392301459003451)
(1,202,0.5363646249536015)
(134,91,0.9450873041712324)
(14,163,0.31615171418174715)
(126,78,0.8849149466254997)
(106,108,0.0371526302330385)
(180,91,0.8220663699076187)
(33,117,0.2238991596692298)
(127,46,0.18147377994661817)
(119,126,0.6741044265132141)
(1,243,0.8046272237700701)
(118,208,0.7974089121109368)
(122,116,0.45619068202822566)
(178,149,0.2922429295712111)
(166,214,0.8791571686901564)
(56,44,0.8975504974651117)
(131,198,0.3242848763289461)
(63,71,0.8228377132879)
(116,98,0.2838059577976254)
(149,183,0.7830878819358855)
(94,84,0.16268331511618883)
(163,115,0.3181549493692155)
(124,67,0.5544567125376525)
(157,125,0.5610697372982071)
(68,213,0.8375355805632648)
(189,55,0.7161467653363893)
(224,109,0.8593600147977879)
(135,67,0.9238760311336252)
(81,177,0.37098064503924066)
(152,127,0.7114533547766607)
(153,103,0.6572512830946803)
(137,198,0.9697044854857305)
(85,65,0.9750525223859275)
(79,189,0.051473944916687664)
(248,127,0.16396757913926252)
(80,55,0.6737881330659177)
(171,135,0.2839321315571377)
(97,73,0.4248955241942678)
(146,135,0.7190248804439392)
(2,93,0.7543930687668647)
(134,25,0.6753227083702522)
(20,196,0.8649510417589055)
(82,218,0.9063124298992541)
(20,34,0.2606530541344313)
(84,96,0.2875470323821334)
(91,102,0.2508117607398256)
(118,1,0.2020058572387865)
(236,103,0.19855618000956898)
(33,195,0.7110344084809402)
(147,190,0.0579008922278309)
(84,26,0.9979961944946713)
(144,68,0.9069054667573754)
(133,238,0.3611859620543326)
(172,209,0.9815487642189848)
(115,159,0.08057736499776469)
(1,117,0.6968342397745693)
(124,180,0.2241772251634584)
(158,44,0.4382926802926319)
(73,145,0.0318297214577703)
(75,89,0.47646415818197485)
(69,177,0.008077030207080504)
(154,62,0.23525695381705358)
(51,121,0.5650827564485562)
(145,228,0.6965518024914964)
(210,94,0.7287322960720426)
(74,159,0.8904320041208136)
(87,215,0.5060353290539266)
(1,141,0.9734779081225289)
(160,46,0.41318819764210846)
(138,31,0.18530368086588267)
(192,92,0.9875572405457065)
(143,155,0.17269029502394329)
(1,49,0.9129842856198539)
(160,129,0.5361672130713655)
(95,218,0.4388908109960026)
(141,236,0.568720403677402)
(3,154,0.7854864939816474)
(189,250,0.6815928846491033)
(85,79,0.11891719481986496)
(161,159,0.9371502748173756)
(5,85,0.8234860493997199)
(155,166,8.929573431917248E-4)
