(76,175,0.09538047736687394)
(111,214,0.6427725464637523)
(69,133,0.7015771156013354)
(102,211,0.2874427423186473)
(134,177,0.6483920249065123)
(96,75,0.35886095310302846)
(90,68,0.6180153705471468)
(250,126,0.5287405599243847)
(1,140,0.6819826059672891)
(46,73,0.5151664559936874)
(101,118,0.5141827900489021)
(25,126,0.8418003197261285)
(133,100,0.3117974889392434)
(230,104,0.20035465676006947)
(75,142,0.1457516294070058)
(11,171,0.931558972010689)
(196,45,0.311947710634095)
(64,53,0.5623160006655576)
(110,168,0.1475178185212641)
(43,60,0.084231720536594)
(179,190,0.8268233570242425)
(71,51,0.22827137233982053)
(220,250,0.5523417260822379)
(32,105,0.5821405445918343)
(33,79,0.8264115520689057)
(90,169,0.16443476376296007)
(117,120,0.7296952502927387)
(77,186,0.3690890309229361)
(155,194,0.267917803021667)
(68,132,0.8347607018308771)
(237,137,0.3848367743583433)
(214,148,0.2891902470691068)
(208,50,0.5094981175010275)
(233,117,0.23412404080920124)
(193,7,0.9207686588066384)
(33,22,0.1409993524171883)
(52,182,0.511165992521337)
(183,108,0.7433507386671607)
(1,93,0.03251447720967682)
(48,140,0.8639981300814427)
(74,97,0.7534473893693012)
(49,136,0.7818377677669281)
(29,137,0.8768863738891853)
(212,1,0.40592369273362805)
(163,103,0.6061134270031105)
(136,123,0.9180713399004984)
(86,105,0.5407953011679629)
(112,68,0.20712935654817743)
(185,70,0.08732950401749562)
(165,202,0.4391722325874383)
(40,173,0.8172900294143917)
(105,177,0.7821106738742436)
(183,230,0.5678162608975691)
(206,97,0.37766800419236957)
(108,116,0.49089359792296894)
(105,222,0.5785247462694415)
(61,77,0.9951266310208631)
(167,125,0.6470116869887489)
(54,99,0.43243846739619607)
(188,127,0.15047686078038436)
(95,148,0.6399000432365562)
(50,125,0.24693711673867835)
(61,100,0.8084847457965945)
(102,167,0.6955432666816358)
(207,126,0.1989637286728242)
(125,142,0.4655612472876949)
(247,95,0.6215384455407869)
(176,250,0.17394429562448255)
(1,176,0.32940780286660376)
(121,131,0.6272142051352065)
(178,74,0.6146696854801476)
(25,142,0.5534776974744507)
(99,155,0.3332695286011329)
(226,33,0.21329811920874964)
(153,113,0.2977634053022413)
(34,96,0.20526691434579492)
(13,210,0.7642192343885941)
(121,125,0.11804606415515162)
(60,77,0.48251815364406303)
(22,124,0.1130746259953812)
(133,97,0.18564889759190828)
(250,45,0.3918726472535491)
(105,155,0.24944130789015562)
(142,204,0.35287706382340245)
(100,146,0.17382156852056307)
(91,90,0.07207846050163269)
(191,157,0.7124715939290648)
(153,30,0.24959012780807088)
(182,205,0.9302479221403035)
(1,125,0.603990305510198)
(1,221,0.295493130548521)
(55,129,0.724283148089904)
(209,225,0.5442141150149945)
(128,158,0.9151902233525019)
(221,70,0.4898874140064736)
(112,115,0.6079123116821812)
(158,178,0.029392841454458307)
(205,79,0.42130581011137225)
(131,86,0.22340302310394167)
(199,158,0.11654991255168845)
(221,92,0.74772708417925)
(250,141,0.11390529019931406)
(180,1,0.038005352149826255)
