(455,616,0.7034929535165425)
(408,622,0.2580897625755496)
(795,597,0.8811096100987061)
(382,579,0.3844045620939831)
(1764,663,0.6153460579444462)
(1613,597,0.8522692691086228)
(2295,659,0.46805865723795603)
(676,639,0.031176132206586882)
(653,598,0.22116907020437115)
(334,623,0.23940118457103454)
(2115,630,0.8001963902723661)
(1154,602,0.7137026628846399)
(843,626,0.3566052892782874)
(97,653,0.5644567549138145)
(919,596,0.2429890145629905)
(559,680,0.7269774645695473)
(666,676,0.09145724523288146)
(2124,648,0.6795585050720555)
(1983,590,0.5999315237838352)
(1254,685,0.9790893705379928)
(1178,578,0.44822167396800927)
(566,643,0.7713595072394196)
(1208,648,0.5257693734746169)
(1982,593,0.7670163447933609)
(1197,623,0.13586847085355414)
(1770,661,0.7486081183775438)
(655,648,0.006798656232481437)
(620,639,0.7897257537680191)
(2279,620,0.26680338433119477)
(1049,608,0.5096485232864462)
(1284,594,0.8207812170292017)
(1335,652,0.6088235741690122)
(2226,650,0.49145897656660864)
(1070,640,0.2467388584735104)
(372,630,0.18143970087203298)
(1671,597,0.3934189027549605)
(767,619,0.5789442448694966)
(465,657,0.4839365604360505)
(1239,644,0.4117206960246008)
(1722,581,0.38716372394538556)
(1187,649,0.0997159690742967)
(1606,638,0.5523446088302015)
(2261,634,0.8351802116905186)
(1264,610,0.5176842011811262)
(208,583,0.9001573303576299)
(2193,624,0.27225622132445726)
(1746,590,0.40882954060542187)
(2055,643,0.3095550844390017)
(963,600,0.22983871589105898)
(997,636,0.06211413704473734)
(448,558,0.0915974647534692)
(2042,623,0.8644217940886946)
(759,621,0.27283810054028923)
(1116,588,0.3279174434422514)
(865,614,0.8132091834694536)
(117,678,0.2577272470085099)
(77,628,0.9223499053401486)
(1775,607,0.29444125966271484)
(2138,623,0.10217698997406577)
(0,616,0.04908975902635848)
(1685,601,0.0037896746135585024)
(1940,617,0.7298562479163266)
(863,613,0.38493086711482527)
(1204,589,0.3456271766980412)
(1130,707,0.15842023641649194)
(1824,649,0.6573037372675061)
(650,692,0.7819727406996801)
(831,610,0.15294549679720182)
(629,618,0.23188559633029038)
(1211,648,0.5298246491738854)
(1357,669,0.42892636089762093)
(1261,627,0.9191331521261887)
(2087,661,0.8148543582503878)
(1058,612,0.017874057278674194)
(1362,641,0.006642582510736794)
(1918,604,0.5040745899394081)
(612,624,0.833854881554531)
(158,578,0.2471857745221524)
(1905,630,0.02729092936064681)
(308,611,0.4762760940944808)
(2324,611,0.5880834079425992)
(510,664,0.2535018016774112)
(769,583,0.531297564591268)
(1499,661,0.9306400196886286)
(64,639,0.5315011258362098)
(2332,625,0.7180624694692298)
(1405,624,0.9828121681127595)
(1482,625,0.9630650874897632)
(2414,593,0.39179578616211064)
(771,608,0.7056782744031699)
(943,651,0.7753914329712825)
(609,611,0.614613251630702)
(23,610,0.3925234688169069)
(496,614,0.4896527015970715)
(2140,600,0.333339871750034)
(1725,636,0.7827040705512892)
(470,601,0.25284174584388674)
(14,639,0.08962533604096368)
(211,644,0.7910438106104395)
(1986,632,0.4553629701476648)
(1841,611,0.47374094197715944)
(1455,645,0.2631810911880996)
(749,578,0.2768680484899152)
(1916,649,0.40819278020082916)
(1508,665,0.9498543265715998)
(1610,652,0.453965284547731)
(322,634,0.9727631321966181)
(1623,647,0.6323864412013581)
(2180,642,0.9074219105777457)
(617,651,0.7879920633767813)
(184,612,0.7565852846214551)
(1363,638,0.5606413100618968)
(534,642,0.6535440384313783)
(1972,630,0.26618567043117936)
(248,647,0.43259835664803736)
(268,633,0.11610805420140247)
(1412,670,0.42422085111088537)
(417,613,0.9374850475583016)
(2407,593,0.14681253579285614)
(768,687,0.3927016089262022)
(1145,667,0.06761562932974718)
(2386,626,0.3254371002312657)
(584,626,0.5347867621355317)
(1304,644,0.006143490673390262)
(660,619,0.7584677365598863)
(1685,666,0.5350830691817489)
(1791,623,0.6023119260097978)
(821,630,0.23281120749043105)
(38,642,0.7124283697650523)
(2499,655,0.1651892381203539)
(1953,663,0.7967157535174939)
(177,615,0.8575176529911511)
(1154,623,0.5503545131140599)
(2096,639,0.89474741510589)
(230,621,0.9234308693388135)
(2267,621,0.1653704148869689)
(674,617,0.8749177703974825)
(2346,648,0.6238254093799193)
(2122,661,0.9176301207615206)
(522,654,0.08415881603373698)
(658,628,0.7478815617758138)
(1957,632,0.7628427592672086)
(746,607,0.21191647190566987)
(240,611,0.759167406998428)
(9,657,0.8287579785937308)
(2208,660,0.5829208633376657)
(620,661,0.9913219641201109)
(935,660,0.7911218713020204)
(405,646,0.7305874326348544)
(2430,646,0.2929963112402082)
(194,600,0.33317631477221366)
(59,640,0.7550751736231963)
(2452,614,0.8633557755357699)
(2269,619,0.6038770332008717)
(64,606,0.23697585013798594)
(183,604,0.4403515982320729)
(331,671,0.7391543487826145)
(2318,668,0.6680950737330019)
(2145,674,0.5872352402476552)
(1456,578,0.7954482893013557)
(980,576,0.8411416529790192)
(40,616,0.11711073944781025)
(916,606,0.9433560492620536)
(1778,595,0.16865015185609955)
(902,620,0.3086422207617008)
(679,664,0.5673892544070885)
(1929,566,0.5014509566179008)
(2102,585,0.7623655663103734)
(1963,640,0.4282168994498372)
(1459,638,0.09876024745393619)
(1690,620,0.6704752240578026)
(1259,643,0.7006325699861427)
(745,641,0.02975480496792815)
(1963,625,0.44334724946612947)
(1357,614,0.33861652924893937)
(504,587,0.6060970066359074)
(2202,638,0.5197995173405998)
(2157,566,0.94621639886102)
(374,606,0.20699423753163448)
(2156,678,0.7048140354331841)
(270,626,0.6839165450181359)
(717,658,0.9122158271432186)
(2139,634,0.47821250097606194)
(2308,639,0.8235453506884177)
(1766,639,0.42635212101084563)
(606,660,0.6496088168902321)
(1860,610,0.5631653598954938)
(2188,624,0.32792609226655467)
(163,608,0.2636679585191024)
(677,607,0.0060271010746891784)
(2176,620,0.1475256212118624)
(972,615,0.6359612234806435)
(1201,641,0.18562328389644434)
(1503,571,0.36975060009146665)
(542,621,0.5397728607559226)
(614,641,0.3431307190493432)
(2415,666,0.321063558617224)
(378,643,0.8834505871757805)
(1159,643,0.6000235352383251)
(1915,621,0.20521547154568098)
(216,605,0.19819974354048375)
(1269,681,0.27239632366560684)
(815,622,0.6467608519497812)
(484,637,0.7246897515986925)
(2379,632,0.659095541175859)
(725,651,0.9146941697467469)
(1818,596,0.8443560802716632)
(866,584,0.9431658192266351)
(1264,634,0.9046229128232927)
(1173,589,0.1280091231567736)
(1486,597,0.22105567162617634)
(958,659,0.49306523145334746)
(1290,606,0.7328292333689954)
(1796,625,0.7352874646349292)
(338,644,0.143117519094345)
(2024,615,0.17776607557818047)
(735,687,0.06360261189391259)
(1818,635,0.20306378083848187)
(672,626,0.10524739901332114)
(1059,635,0.6083802971112094)
(1064,645,0.4539573322890018)
(803,630,0.6768179554464835)
(1612,603,0.2968596551587168)
(2490,613,0.1897236223880695)
(795,603,0.30591155418041494)
(1873,612,0.8218483517096083)
(249,603,0.23753478368390768)
(499,685,0.07864583137818304)
(2023,644,0.9694827506288133)
(1470,608,0.7914799199201853)
(2117,614,0.669924782656784)
(148,611,0.7952532232973857)
(841,684,0.25681119307314404)
(473,643,0.2961535638283259)
(2120,603,0.40726162346040096)
(1644,683,0.504640984404395)
(2383,605,0.10697420352469833)
(237,611,0.6164885975665406)
(1904,631,0.05477482274734935)
(753,640,0.044182791192979964)
(2022,613,0.9645398781801853)
(368,662,0.9503704889303146)
(1861,629,0.7474553437072727)
(1104,630,0.31827257293880584)
(495,655,0.9040366627519535)
(1450,572,0.9023674852885893)
(2349,605,0.2508930968862806)
(600,662,0.5884265490949723)
(234,642,0.7756850887828235)
(2386,618,0.950105603530833)
(1485,626,0.28130387091426134)
(859,622,0.5711848743433395)
(1198,633,0.2615291355330933)
(270,649,0.255248876774392)
(850,664,0.01513119470901425)
(1790,620,0.8016703959967654)
(955,606,0.691272967067644)
(340,642,0.6171702556314056)
(682,615,0.8836265543105721)
(762,643,0.6031756751688067)
(1978,639,0.4407750391446966)
(2317,586,0.44938621936736245)
(2271,657,0.03746617521504947)
(320,655,0.9000930232245925)
(78,637,0.6853384129656488)
(2087,582,0.9071394720506509)
(2107,656,0.23634731462526692)
(310,627,0.7305920392916087)
(1619,649,0.04826691294162666)
(909,612,0.6506044215250403)
(1618,618,0.11418375791985813)
(1260,662,0.7432554678446726)
(2283,620,0.13327614189818082)
(1116,667,0.5891501140272671)
(1373,649,0.19927983294141238)
(714,651,0.9911468971341502)
(480,614,0.7519632326458928)
(1084,644,0.33855599269660375)
(1862,633,0.5876814784024476)
(1236,662,0.5025716924302098)
(165,631,0.3826926980890437)
(501,628,0.07367586776008206)
(1718,611,0.4871252344816013)
(410,632,0.8108692375735527)
(2375,620,0.8215278525866504)
(2118,633,0.7672699924639179)
(2286,649,0.8483740436886799)
(223,620,0.7553203727239931)
(887,614,0.05027937107994063)
(1586,638,0.9546175898501321)
(1681,631,0.7119382881532582)
(549,647,0.985639259223848)
(952,624,0.40424330134556397)
(1921,619,0.833458034090704)
(1482,617,0.5297783190936357)
(1724,650,0.1186304523771875)
(1379,649,0.16646976769540234)
(1178,600,0.16406003655142798)
(1438,607,0.671087312402016)
(1520,606,0.26190631357624494)
(288,630,0.13360080335417002)
(1700,643,0.5136806748431487)
(2057,638,0.6742766398556495)
(154,630,0.6297246863278909)
(70,622,0.5195885040486851)
(562,589,0.5290078772561316)
(784,618,0.6454238430643893)
(123,617,0.9697985918322735)
(2422,603,0.31721260385391614)
(1477,649,0.046124495976068935)
(1766,620,0.6240325780336391)
(292,651,0.8179882663532512)
(62,664,0.4510245788624162)
(2234,604,0.27336940033884194)
(1152,592,0.2094207800651876)
(893,642,0.8486944404403345)
(1159,631,0.6479654761665391)
(81,632,0.5962458037043811)
(450,620,0.6315516246495675)
(1643,634,0.03157840157445535)
(1009,642,0.6764498851430514)
(99,634,0.2821185552178158)
(2181,615,0.6237107134114543)
(1844,609,0.5973625407938485)
(2024,674,0.7413355434071246)
(2190,633,0.8813512228387974)
(839,609,0.9727785375852083)
(767,646,0.8318607592659706)
(619,621,0.8941241063337145)
(365,595,0.593144351581163)
(457,603,0.7267192282432958)
(567,638,0.1525452959409932)
(436,655,0.10338417683581336)
(264,610,0.7752174911615972)
(1567,596,0.3337261248119142)
(30,617,0.7966130313556826)
(1785,627,0.44534391746641355)
(913,661,0.5989131591850413)
(1270,631,0.5569752322348951)
(340,634,0.417484374946389)
(1018,611,0.4484817753007685)
(596,640,0.779199344993398)
(1214,628,0.04205383912657101)
(1739,631,0.4157765164746877)
(2337,601,0.1271553611719739)
(576,651,0.7473977939534399)
(573,668,0.04631442693014465)
(1073,657,0.5860814869124341)
(2177,645,0.815469678370537)
(1850,593,0.9490124550560434)
(2207,595,0.9953633104870007)
(1860,630,0.7863686201337892)
(2403,670,0.17648797857334642)
(1997,617,0.8547020674314162)
(168,545,0.1530044076157936)
(1798,616,0.11909286703611854)
(1819,618,0.46859823255874067)
(632,655,0.9866556708650679)
(1944,603,0.3483630825608548)
(2454,600,0.49800923455552115)
(167,626,0.21309121680182663)
(593,660,0.5143591193803722)
(1652,601,0.10851645766866247)
(2214,626,0.1628943853883701)
(2286,609,0.672442863698624)
(1921,628,0.6062221198706494)
(439,677,0.6165772371451587)
(2057,587,0.20772153899572798)
(1889,615,0.10836266409309692)
(927,634,0.6349546373651903)
(606,583,0.49380460658482495)
(2437,620,0.11731928056540786)
(966,598,0.16534907941132992)
(1966,589,0.5536632738565387)
(678,625,0.34330081190783246)
(1488,611,0.3393064878239368)
(2087,632,0.4093272084672399)
(2067,624,0.26403735605257217)
(2334,664,0.2678930472823047)
(1471,607,0.279037137251234)
(2328,644,0.21456340390743422)
(1259,621,0.7908330896924184)
(1831,627,0.3847570927093812)
(2207,598,0.4691460049452597)
(1033,614,0.35116942574516097)
(2087,597,0.25869962937680746)
(1365,635,0.9961984276965493)
(1778,630,0.7186181749832704)
(197,622,0.9640785791580068)
(115,676,0.6261630695931826)
(460,640,0.5510161550409923)
(592,646,0.012787973686502752)
(124,635,0.5523435608538639)
(180,601,0.8083335479861306)
(2434,662,0.15753179982091725)
(2245,627,0.5881608617509658)
(947,620,0.6095642066769047)
(1459,670,0.29200765368231474)
(1623,597,0.5083345896569149)
(739,641,0.826829782913819)
(2286,646,0.6691286733117259)
(2282,623,0.08670963549316069)
(332,663,0.5618000635028325)
(542,611,0.5662236547185184)
(2190,603,0.060260276562510096)
(1422,644,0.38814723606850987)
(2359,653,0.5120591613455214)
(354,628,0.6709612350686767)
(5,611,0.41729117709218266)
(922,566,0.18031737834009876)
(567,632,0.5313156019255861)
(113,628,0.6651491664571366)
(1952,591,0.3447175717839134)
(818,637,0.8496378593606984)
(184,634,0.0907501291559093)
(2480,598,0.06174921098380082)
(2444,611,0.19870283910296405)
(684,580,0.30847492041353175)
(300,632,0.8851576657637555)
(1224,595,0.23368776732947527)
(1545,630,0.44458819220401924)
(1774,591,0.2843716494006445)
(1921,634,0.11089677895539907)
(822,669,0.07472244208839152)
(2269,668,0.5069773771491612)
(1737,622,0.2532966120052075)
(2393,614,0.99047470064487)
(399,622,0.9144930567852471)
(867,639,0.12874531123499955)
(273,608,0.7996229494403696)
(1482,638,0.2833991892333656)
(1578,608,0.32868900048809147)
(2029,616,0.9147903260856829)
(992,657,0.5420395988687897)
(675,642,0.8971190857065544)
(1480,622,0.15866140710555676)
(2464,652,0.7465457702142265)
(1478,646,0.5483567419465336)
(103,646,0.018377784286169985)
(20,639,0.07643649014758536)
(1908,620,0.1825562969021295)
(1893,687,0.5514264036914888)
(852,627,0.3456759199726217)
(1233,590,0.9920786745399298)
(1960,585,0.48468272093816533)
(1159,646,0.8201029722744445)
(1516,574,0.21282009352134923)
(1845,615,0.6364712398021083)
(133,644,0.7810791711514433)
(1995,657,0.34551928280214506)
(1715,620,0.19645958271259623)
(397,636,0.8951847275600119)
(154,649,0.6594173090519735)
(441,604,0.4867995952034031)
(35,597,0.16043316293417031)
(132,622,0.3929918226047979)
(1802,609,0.27865195202072224)
(134,632,0.5815162610531696)
(1071,595,0.3240201174818613)
(458,634,0.5508396065237079)
(1464,672,0.34823319243493867)
(2275,619,0.9933587679457869)
(2206,589,0.5552213670700261)
(2140,648,0.6390100615640653)
(628,594,0.3886027663967849)
(176,642,0.016099267726275235)
(2285,658,0.2607438624039532)
(61,623,0.33600898637886245)
(2042,645,0.08693996810583315)
(2336,610,0.26617607520611564)
(1577,630,0.9739045138105344)
(768,634,0.2799199168367096)
(2136,618,0.6832796721522086)
(2466,640,0.9329561466177999)
(2390,618,0.9617565722433558)
(1056,609,0.2859283269986832)
(1260,644,0.7911184354737724)
(622,605,0.5984236243164166)
(273,568,0.8248638145068268)
(934,592,0.31594478463594444)
(687,617,0.7143055434918045)
(999,622,0.3097273013658691)
(1448,665,0.47590073758039053)
(1088,605,0.025231384443469174)
(1161,641,0.6867123979654312)
(677,613,0.8117732915895971)
(213,602,0.5930734475029372)
(103,596,0.8470227095306635)
(384,633,0.5820470180120192)
(1703,647,0.43843859852302003)
(455,606,0.6909163880964465)
(1674,631,0.9067288398546836)
(1814,590,0.10942724482089439)
(1970,633,0.8572217044671658)
(2039,618,0.8592300037437839)
(1845,618,0.9520403961798215)
(1096,634,0.29984338712611824)
(1465,672,0.46040650762233437)
(1433,588,0.14048715296679126)
(792,575,0.5275401905518762)
(2315,628,0.9486692618365863)
(133,622,0.07846716011732724)
(1375,596,0.06972633392957406)
(2058,619,0.29549459200880446)
(2309,640,0.5075773969505859)
(825,654,0.8265201218666555)
(1641,566,0.43888118335661774)
(623,615,0.1791696968658214)
(2461,623,0.8506574095065751)
(2302,624,0.35737560416912006)
(2369,619,0.3738630887118891)
(375,662,0.12343941110538514)
(781,635,0.8691494914219464)
(1630,616,0.4700695153845772)
(737,615,0.19978535414630305)
(273,589,0.5195597458208643)
(2060,613,0.7394111317704893)
(1122,592,0.8288555674175041)
(1278,653,0.05071400890733191)
(2021,614,0.8205271004812315)
(853,626,0.6710897766035039)
(1935,625,0.834326878108851)
(592,626,0.21865364392342723)
(1517,612,0.4156868894859773)
(368,638,0.6957980908164156)
(1717,613,0.46606024516897004)
(2164,640,0.8219379833030462)
(995,632,0.90390550422425)
(931,560,0.42379803305592023)
(670,648,0.4263652686405405)
(770,652,0.03319267325423225)
(1209,603,0.8348748541001416)
(2301,662,0.07786949601390802)
(1942,583,0.2418289490944291)
(1015,637,0.7737130424142024)
(968,640,0.46833079703764646)
(2029,624,0.6602657073970015)
(2147,625,0.010246975688340876)
(1557,580,0.5685512292270245)
(970,649,0.9981685673636468)
(1158,626,0.5662377038013953)
(1508,657,0.4913289633812017)
(857,614,0.8911020505788884)
(1343,572,0.6380620070164854)
(68,598,0.3723255020953068)
(929,646,0.6498619929348993)
(325,629,0.43691784273851175)
(891,610,0.6845283809048593)
(1670,651,0.8202795183125619)
(2073,636,0.44983893636556804)
(1294,616,0.768708521165005)
(1155,640,0.6369539062986573)
(2301,592,0.5079912710088048)
(209,612,0.6411446737970657)
(419,616,0.5491000682590127)
(946,651,0.6132310894500642)
(2032,598,0.6047933669274289)
(2174,619,0.5711670794452413)
(1922,623,0.5971382840544133)
(1713,575,0.26048821983236625)
(359,673,0.05618409300429639)
(1873,596,0.2783477759948947)
(1827,615,0.8393278448819224)
(334,665,0.686524928569342)
(293,627,0.8045988363417768)
(436,586,0.5299277975424717)
(1561,575,0.8555833083861206)
(350,618,0.17091210884433883)
(236,609,0.4633871194738861)
(1894,573,0.6432949835475056)
(1591,644,0.7628624493593005)
(643,630,0.5865326535042624)
(1403,609,0.22158354121836232)
(121,609,0.4865870921619536)
(695,613,0.8469883652478719)
(1974,649,0.3556300643577044)
(2399,623,0.8316513893525583)
(1535,631,0.00124370439652699)
(1675,634,0.9847730600803771)
(1165,634,0.11287170226250254)
(1526,623,0.8237657063099955)
(799,604,0.5927497473268778)
(1926,627,0.5652041682577404)
(496,675,0.611233012634265)
(375,635,0.4000337832038596)
(437,598,0.3531990062854674)
(2297,613,0.9850957667018206)
(764,580,0.22542812705915594)
(2458,642,0.5383035731960145)
(1486,615,0.803581561388848)
(1231,641,0.3002815284033613)
(705,661,0.3440018983339558)
(539,632,0.5646479085751852)
(2347,662,0.9363791809404175)
(1413,596,0.2016056602241001)
(1442,633,0.14338686938851863)
(616,627,0.18508817195004812)
(410,659,0.8154578973870109)
(153,641,0.22757354833600174)
(1428,628,0.04315527260292551)
(241,589,0.21942956279477677)
(1320,637,0.972894908983766)
(1860,607,0.4897445284840497)
(1798,585,0.4578961230931048)
(618,620,0.8719243414136552)
(564,599,0.6799169765465237)
(1631,579,0.8470179390383612)
(1348,603,0.6067932745958685)
(2383,622,0.18242395204764295)
(2476,606,0.35155143398170074)
(1710,610,0.6086367218725489)
(2199,651,0.15256407761398016)
(1027,638,0.08909841586963907)
(2479,642,0.9291017961380356)
(1484,610,0.4564604149094592)
(2189,633,0.6585958561886746)
(530,602,0.3447883236761502)
(527,657,0.5287600552373335)
(1724,618,0.8140319389437135)
(558,677,0.599635636912018)
(1029,621,0.8700269631224866)
(968,619,0.7133710917466811)
(387,633,0.7916546582637536)
(1218,677,0.8782317539081301)
(278,632,0.09550235089001391)
(1819,642,0.24579283118355022)
(819,592,0.808352224092185)
(1571,602,0.10091585897904887)
(263,637,0.9479330743611938)
(1512,598,0.8760088235435997)
(2241,588,0.1309031559582149)
(672,631,0.8801014195704288)
(1448,620,0.6946007988506742)
(2426,599,0.7409750331369805)
(487,671,0.7125108252140885)
(153,597,0.9650292180334165)
(708,621,0.403489127303276)
(2064,648,0.19835862596337106)
(2003,598,0.5094702622885674)
(1665,641,0.7965819685597142)
(1727,637,0.01982685317928712)
(2031,606,0.6179003988336096)
(1575,614,0.8495268396838405)
(63,680,0.8110262223024285)
(569,627,0.6483538743155584)
(975,627,0.7854265236352039)
(2052,591,0.45317648001950106)
(2216,615,0.952008271408454)
(2030,593,0.7797658051464603)
(2366,660,0.5627196684913627)
(1840,640,0.0749018295113395)
(1023,598,0.6716206466689493)
(406,604,0.5808777041066729)
(2116,662,0.48439765434893867)
(1084,630,0.7670997889161848)
(2032,596,0.11211383846363088)
(1059,554,0.2856648267158942)
(1869,645,0.532777630827881)
(577,622,0.5566601430624211)
(1976,684,0.0014170731572084039)
(1318,614,0.5932389527981305)
(1655,656,0.8630572474951497)
(856,654,0.4789057932968446)
(68,622,0.7250224321473709)
(96,657,0.7791145218408524)
(1277,578,0.7787788081713396)
(2262,663,0.12086522622653328)
(2178,641,0.5180460898180915)
(481,630,0.3279467233330575)
(3,668,0.5567691007016483)
(2037,617,0.7366961945364122)
(1311,646,0.6250642160098688)
(2185,620,0.6608556504564846)
(1724,595,0.6188541974697298)
(2277,661,0.30403937528251057)
(2127,619,0.8066289739983058)
(1619,635,0.1421979319431934)
(2310,596,0.8897958017212438)
(2229,660,0.367260924517506)
(946,617,0.2238178397637064)
(758,661,0.8348407367196309)
(2173,663,0.11976903073711842)
(1262,638,0.710939619549022)
(336,633,0.5587211764977432)
(913,596,0.4184669955340107)
(1156,591,0.34948425758602)
(1292,656,0.24234228859524687)
(171,632,0.3340478130421187)
(945,638,0.3881092656048746)
(1480,609,0.976138028720698)
(2186,611,0.34749719072040275)
(1216,677,0.33457698875827)
(864,660,0.5488963543337863)
(762,641,0.44503501479594587)
(142,639,0.9264922061805984)
(2243,630,0.46484091189550625)
(158,633,0.5386347751367331)
(2443,661,0.16948320655472138)
(1839,626,0.8279878427604425)
(527,632,0.3678079898502178)
(975,644,0.001539580437509791)
(1572,634,0.13093635103329548)
(1213,640,0.8620069446627848)
(1555,586,0.17515959520601943)
(781,644,0.2734035472176374)
(2209,584,0.8440723521718665)
(2309,675,0.18772484085171903)
(375,588,0.7558622550601912)
(1715,603,0.38302028994450055)
(291,613,0.34775584574950247)
(1808,645,0.013853491476131685)
(272,626,0.5196735240106782)
(2042,643,0.6613888742630327)
(2157,634,0.06990934581397468)
(133,634,0.13175737383359676)
(1506,572,0.7940706028866775)
(1970,646,0.5731760098320384)
(2194,651,0.030890184906898766)
(1712,616,0.5735964733330133)
(1774,590,0.8446861029622241)
(1518,606,0.1007554214793146)
(700,660,0.8110661056068307)
(66,653,0.9271523990251949)
(2157,638,0.944564530176652)
(1824,637,0.011766518076312682)
(1985,630,0.9441397105398998)
(1483,586,0.7046998714776223)
(1794,608,0.9476161444635205)
(1185,584,0.3295026710550196)
(2210,650,0.8613122429821619)
(279,712,0.6428037330152475)
(361,627,0.8910393996918644)
(1762,623,0.2657729439852332)
(2047,657,0.22195272383185793)
(1798,641,0.45221515650293986)
(1613,631,0.3023933508312817)
(2213,609,0.3578305568991572)
(868,606,0.4997955486519493)
(917,644,0.7669351600587143)
(1062,623,0.20575615660604507)
(1216,569,0.6839566188489977)
(1199,657,0.1060162162941719)
(1439,652,0.4387201732198579)
(88,611,0.9678078994402296)
(2177,644,0.20950715068239645)
(2396,624,0.41362914850451094)
(2046,631,0.9334169997245062)
(1735,673,0.11081654809838148)
(2421,644,0.23218283989780553)
(1026,566,0.09756637780909505)
(2417,576,0.005367256067344117)
(2435,601,0.384192205558615)
(1298,618,0.5679721649768621)
(1474,633,0.2140818060730626)
(1110,612,0.816989890946464)
(1437,639,0.6497014823723047)
(1051,611,0.4526837266526824)
(2417,639,0.8395532143870224)
(848,648,0.9612425726280845)
(194,586,0.4108865288116772)
(536,649,0.6453677041834389)
(785,612,0.6257256583308078)
(2251,592,0.8352533340836996)
(588,666,0.37629698111948207)
(1104,620,0.21116641633871558)
(2123,659,0.12524483496589478)
(2306,647,0.6680197866013136)
(969,625,0.6090012134139061)
(1699,696,0.04014805835695534)
(1695,624,0.5311915124623903)
(1228,636,0.5234969127091629)
(289,622,0.45381793061886067)
(622,633,0.4781622908382511)
(1288,598,0.09116547309863865)
(894,629,0.2953410215360055)
(2443,631,0.07111370112625948)
(1358,634,0.027107838052455535)
(850,623,0.3555798771451787)
(14,620,0.8120115396056434)
(1197,643,0.8130553131399145)
(2197,668,0.5568985250911836)
(1000,625,0.15951089824992348)
(2209,648,0.9709296365225997)
(1179,630,0.2875432223948038)
(669,613,0.8801395850041458)
(216,654,0.5894095434260267)
(153,640,0.6288931738213847)
(208,617,0.15291836751504528)
(524,641,0.42587520166284343)
(2285,622,0.19572283846067517)
(2476,657,0.3515495141791979)
(736,671,0.2539892521267447)
(574,631,0.8539332775622224)
(336,663,0.8562031273010091)
(76,597,0.826038527212635)
(397,592,0.0483670415256745)
(1977,602,0.9252889605646261)
(142,682,0.27574205193354373)
(795,624,0.7798000914008404)
(1061,599,0.09881111734620995)
(1663,614,0.16412735176092175)
(1291,651,0.695270605198257)
(950,632,0.6193341276655825)
(1027,599,0.6495526008982802)
(11,585,0.27459896371223924)
(2457,631,0.2836210412199094)
(423,664,0.5229939064914441)
(1882,655,0.6054968232029281)
(1674,603,0.6916724053784785)
(1143,645,0.01283580900404524)
(2123,650,0.829171196674413)
(1516,686,0.263254656077757)
(1094,608,0.39067646413067425)
(2497,656,0.18179619218514353)
(1900,621,0.7964546391774633)
(624,645,0.3980374352904076)
(269,619,0.44248928530168863)
(637,597,0.38878860314982655)
(260,646,0.25526690154738085)
(107,622,0.0719367479652091)
(279,627,0.22484791238490065)
(959,636,0.7373075441030287)
(88,609,0.4115645036701493)
(38,639,0.2221337324836582)
(1198,608,0.7863276178305536)
(644,662,0.12884069007914767)
(1038,639,0.39690688293395104)
(2021,632,0.2769077828838975)
(353,603,0.9904747363772368)
(699,602,0.6089389518707656)
(1544,648,0.3048202305665354)
(2158,634,0.7828329660351776)
(2043,637,0.17967961900357177)
(1321,617,0.23225336469306668)
(387,648,0.6848485827417141)
(1605,602,0.8401724249652806)
(748,614,0.10961832592725385)
(1255,574,0.7686361689952028)
(911,629,0.5891160545493794)
(2469,617,0.010071053850787326)
(1257,635,0.7871784353704119)
(2097,648,0.5632375060946889)
(428,630,0.4627088005278711)
(917,611,0.28503932500182727)
(1235,646,0.456634719913126)
(1937,616,0.2244907689795902)
(47,685,0.9681387859821766)
(739,573,0.6370665722562021)
(1284,630,0.49534287876189076)
(1097,616,0.9194897381792827)
(1077,647,0.3003524740065485)
(1540,630,0.7601980553080743)
(2248,655,0.31746548674700026)
(289,602,0.31105057541645764)
(327,597,0.6091989273236892)
(2260,605,0.2609108980224224)
(853,612,0.39083950198229356)
(2035,622,0.3770905977768594)
(367,667,0.9614703340082599)
(176,621,0.9442049926654223)
(2220,662,0.6052645425747878)
(434,577,0.989240833502451)
(2099,596,0.5300941069387801)
(1746,635,0.14444714173035378)
(2028,635,0.6043422471729903)
(1590,611,0.15358693671747436)
(607,611,0.3184281018799574)
(1820,629,0.7971319582929361)
(373,641,0.6021693374359992)
(1255,668,0.8352072146438949)
(2447,622,0.9763323660724815)
(1858,644,0.5195616188516956)
(1987,646,0.9267535890437822)
(359,621,0.22062360334408404)
(693,615,0.06191659287081641)
(428,651,0.8042253724353708)
(654,642,0.4678948687282365)
(821,612,0.8411411464733661)
(1380,609,0.7659396446412698)
(1937,610,0.9760027427709871)
(62,609,0.41185805976255485)
(1579,656,0.45109184052425755)
(971,584,0.14351329999412477)
(751,619,0.5165601212567046)
(2224,598,0.1598424876333896)
(1866,670,0.13497684080310246)
(1239,616,0.5724924663569496)
(1922,646,0.04651497311019337)
(2469,610,0.3829603851816997)
(800,642,0.5485452379527755)
(1093,636,0.6005702399136523)
(678,616,0.5741476679612347)
(617,633,0.8911706765391105)
(46,614,0.7630222922395419)
(2434,552,0.6276183897134875)
(91,568,0.490779659809387)
(770,624,0.1539188148693692)
(1555,643,0.761324658008662)
(2051,651,0.5370777893598004)
(2368,605,0.952191943736321)
(2403,636,0.8218847634883907)
(1711,675,0.4791985722339892)
(904,575,0.7429080724280414)
(12,619,0.7447600539161183)
(1064,638,0.8585892806168779)
(1664,578,0.17714238199560162)
(101,646,0.9840537860635188)
(827,660,0.1653934996105123)
(2302,626,0.21720516202382423)
(2055,659,0.720371437025744)
(96,601,0.6495536938518004)
(1643,641,0.4762552827619284)
(90,616,0.030294406942738772)
(399,618,0.3820143808785976)
(829,655,0.724347899910791)
(1097,605,0.9504114602431495)
(387,620,0.10373262920796167)
(1897,623,0.05482978364915081)
(1735,609,0.7506131079374136)
(2386,675,0.5014820047410441)
(919,623,0.9579313127726883)
(476,648,0.9363067041736343)
(1883,603,0.7925058766614469)
(693,575,0.9842415378681504)
(1321,689,0.7775739110489879)
(1353,636,0.013093189851561937)
(738,618,0.7912733397786011)
(794,663,0.789078588734733)
(1131,603,0.2642059451935411)
(854,619,0.46421498006517226)
(53,605,0.010225336182482003)
(93,631,0.19460481043454714)
(810,693,0.17259515668761805)
(2117,580,0.6231845959947295)
(1698,617,0.2090876162340085)
(2032,632,0.6073257502311865)
(2451,628,0.2011135436284902)
(1252,660,0.07752778285417694)
(2111,610,0.20768239913364617)
(2355,596,0.0616725960284733)
(2065,631,0.4625041716278503)
(273,627,0.5373414483259233)
(540,647,0.22164462124579853)
(1905,615,0.3943049569795235)
(2440,590,0.3255642100507159)
(481,600,0.7561275271261785)
(85,632,0.7079218140335852)
(264,612,0.34647976146101345)
(138,648,0.8238304942559097)
(1813,619,0.21883421586459006)
(2244,616,0.42213251943949126)
(1994,642,0.02255835507521453)
(451,673,0.7463298155042581)
(1434,616,0.03967022725615066)
(643,626,0.870717985289292)
(1963,611,0.3064598901400456)
(1783,620,0.9678333164211411)
(2100,633,0.8159746409108045)
(1318,633,0.14476532037107537)
(2175,635,0.4246579747732362)
(2272,608,0.6561177250640629)
(576,640,0.8798616413818989)
(456,634,0.19418407277708938)
(24,620,0.25242277835791427)
(2274,575,0.14168427724205646)
(86,630,0.853874784377004)
(299,632,0.898369313866954)
(649,633,0.6563511649945556)
(1104,650,0.020844447175304537)
(2159,638,0.8195662602146463)
