(755,619,0.06091044541919022)
(2103,639,0.22447728285489776)
(1314,612,0.36197479132286126)
(896,597,0.019518998981273072)
(745,621,0.22974551260489162)
(1578,635,0.2056911700549311)
(2365,601,0.6653213954470147)
(702,666,0.2074212204382928)
(1008,599,0.05894193309396534)
(1120,626,0.14607439062335614)
(1101,635,0.42283705584577735)
(708,616,0.7169428647672597)
(924,607,0.6929534615965778)
(2274,619,0.7456039379976449)
(2224,652,0.7331635162097614)
(1219,618,0.16376684317565182)
(1910,682,0.9346886315817818)
(702,646,0.5530508372678141)
(1516,617,0.32183034864061333)
(2183,604,0.9860664377347179)
(2462,593,0.35876287989326827)
(629,594,0.07620716805386651)
(1516,623,0.5910237945484489)
(1065,594,0.08830931629159522)
(2466,642,0.08021278248896602)
(2174,638,0.9096807765196765)
(8,617,0.22319334049912898)
(1498,657,0.6159500000095008)
(2244,657,0.399775160378799)
(131,586,0.24433868916670198)
(2049,618,0.6205814654581235)
(25,619,0.5866208721200349)
(1135,627,0.18131587596673993)
(2436,618,0.9260559851950099)
(216,625,0.947775556490129)
(2424,647,0.5138153923012003)
(878,607,0.6841088615357203)
(1777,670,0.725008781324509)
(859,636,0.6211067043296211)
(2416,617,0.38308299104326904)
(972,595,0.8153104329798678)
(63,613,0.07597897037326762)
(970,592,0.446564910206391)
(1179,662,0.34609142304565044)
(1810,647,0.6897239258537429)
(1208,655,0.3103642948033358)
(1735,572,0.28856696657230685)
(1708,614,0.7825477039118167)
(1537,600,0.08807975789567413)
(2327,633,0.28618870908936545)
(1407,618,0.3373463385908817)
(1491,617,0.9140302477736549)
(1190,608,0.5658934854639185)
(196,638,0.16451331877216235)
(912,612,0.36319218424095034)
(874,617,0.7690939406208561)
(2465,600,0.9751883356147558)
(1217,634,0.08975606156328131)
(2186,621,0.580771991317712)
(2486,649,0.1299025239105599)
(1138,652,0.34732169068032714)
(2305,610,0.29984732390258284)
(1571,646,0.6066311298219071)
(2104,604,0.5794537958105276)
(11,655,0.2519978488789715)
(1667,584,0.07776353437781758)
(1656,635,0.5532012736328873)
(1379,622,0.5177697096282992)
(671,608,0.052187344840965766)
(370,599,0.10300746799681626)
(1175,641,0.2848809486001074)
(1248,609,0.11388034926977508)
(1167,629,0.49314190253686374)
(1214,612,0.37816200442478687)
(505,635,0.9626755880744761)
(1256,619,0.8040335127052972)
(128,679,0.5455002624794486)
(217,602,0.9827651412245368)
(412,622,0.5064875578150911)
(1589,641,0.2628091855522915)
(1602,594,0.4572545857976167)
(1876,632,0.04117365841306042)
(1300,609,0.6826367698393081)
(316,578,0.4156260515766853)
(707,619,0.43326247617293445)
(264,643,0.9495904027918008)
(972,647,0.386485735122887)
(72,644,0.5211380816299017)
(1876,655,0.9079174008051685)
(1887,578,0.8761851304531694)
(1452,598,0.24739809414202785)
(1421,623,0.17877363562010062)
(449,647,0.8881763861705131)
(2027,616,0.051539220886496095)
(2399,646,0.5497769917170395)
(1420,622,0.2933133710424758)
(368,581,0.41859260246533636)
(1315,653,0.6992229508003563)
(1973,619,0.6407729204092527)
(13,602,0.7306484734143808)
(2298,628,0.9000263604262877)
(2105,660,0.9044068404703777)
(91,595,0.34451887840472895)
(979,633,0.8873844274593905)
(2058,606,0.29034717383393605)
(934,658,0.5119045841666432)
(2245,635,0.8039480846988039)
(2381,638,0.505879478044094)
(338,667,0.9658533067512147)
(607,638,0.6818501316051884)
(2412,649,0.6255964714233057)
(1142,632,0.5644603985067628)
(1962,581,0.6123203420418548)
(1641,629,0.010260845470500102)
(71,666,0.9674452980322621)
(1320,662,0.22847551862612747)
(427,617,0.23415855807591246)
(327,602,0.5291147413997698)
(1275,610,0.8297141087461832)
(4,699,0.7988694969441565)
(2135,625,0.13617600151059284)
(2112,640,0.17477877041061285)
(1312,610,0.6968660523557442)
(1647,601,0.4651800171074083)
(460,650,0.7559607639739357)
(2126,596,0.5216580018502691)
(2136,641,0.19109731234511873)
(1407,653,0.48813265226787217)
(385,638,0.7343241389213653)
(1759,666,0.2863880450834275)
(1803,655,0.3791551877064392)
(2035,612,0.19442442518906766)
(2258,646,0.1478188571108574)
(1229,604,0.5290211593420813)
(1182,593,0.9796332827875441)
(2188,601,0.41237350055093536)
(565,580,0.2630804117458253)
(1748,616,0.5072196224176385)
(2306,615,0.5855863940022966)
(1415,625,0.13534947524503915)
(546,601,0.5398449907437368)
(1854,658,0.639745602403301)
(2008,609,0.7729094647408296)
(1173,611,0.12594043487009154)
(206,602,0.8346349690572227)
(2379,645,0.4395614372260599)
(2245,649,0.8212681421197096)
(1840,601,0.4009154456813555)
(464,623,0.9835829887213098)
(968,602,0.7766506056210751)
(1144,669,0.427866658512978)
(223,627,0.3253565945893909)
(2354,658,0.1529172142494215)
(1,592,0.14398673833064013)
(38,577,0.6882668103593956)
(1868,694,0.1913352931631065)
(1659,607,0.828319852636234)
(2366,637,0.8347091759534956)
(1750,600,0.5736660619525007)
(2273,658,0.5101627959225835)
(1517,640,0.9375377315818385)
(1739,642,0.49183826152425547)
(439,604,0.8173123100528045)
(1523,620,0.6969314866752288)
(1025,635,0.12625112471634437)
(1536,639,0.505529611995994)
(1264,704,0.911677419342878)
(2199,650,0.5203713391964129)
(1506,645,0.26201711354439317)
(710,635,0.2554486365834181)
(1406,636,0.8929587306167264)
(163,542,0.6275959683807601)
(1410,602,0.8130654005970247)
(1823,667,0.0824231311274124)
(1201,583,0.3348688537305724)
(1565,661,0.981553529001665)
(1354,668,0.5202362318881667)
(2143,627,0.09917677913371625)
(2315,557,0.5822792188397086)
(809,621,0.6973993282510222)
(1917,609,0.30061309448728935)
(687,657,0.37470992481514176)
(1442,614,0.06424888865144418)
(1601,602,0.9176941044004191)
(2309,623,0.1660909542736395)
(923,620,0.6765816238173904)
(327,627,0.831769483409667)
(578,620,0.9888171390900126)
(1586,649,0.13697758301469165)
(1404,606,0.39531116286709644)
(1287,582,0.8638674948801861)
(625,655,0.5461326847928675)
(1730,615,0.6454095563802147)
(2466,621,0.4335884897716792)
(944,654,0.8165314989044726)
(472,674,0.5710006705503426)
(652,624,0.8835038711482984)
(2495,636,0.8377678083591431)
(232,627,0.6223572739579065)
(556,659,0.11116325132686244)
(1743,649,0.41174271706093246)
(864,620,0.8916556463258126)
(2338,580,0.026069756111647302)
(1692,588,0.5503559169004194)
(1565,648,0.3975518573707497)
(1649,601,0.11853225313277738)
(11,598,0.9389824420257056)
(1529,652,0.012050446516191804)
(2054,621,0.9482015546956388)
(2018,608,0.9519483978947161)
(1454,632,0.6891338721000521)
(1689,643,0.4541870993805496)
(307,637,0.34777681347937317)
(1118,609,0.3324700114074114)
(1289,632,0.6233956248553866)
(1813,604,0.2724277375422185)
(519,633,0.883815881445825)
(1534,602,0.602140943214104)
(224,644,0.3747313543142883)
(1836,651,0.3693966447177688)
(1907,609,0.12041243783389033)
(1561,568,0.3770189116590391)
(694,648,0.05459693172558244)
(2380,637,0.2228633209619758)
(2126,652,0.8439442987773373)
(2415,643,0.9844466416485723)
(1578,647,0.26009665690809014)
(1235,627,0.3745465346697878)
(1068,665,0.6216481518470479)
(1508,648,0.6131853154811318)
(1304,638,0.6123885783599071)
(508,617,0.07025921905754962)
(1009,574,0.7813967903831838)
(1594,615,0.5168378856465778)
(1007,630,0.9103657478824442)
(1200,631,0.4998031233834881)
(94,653,0.09678554105332426)
(66,654,0.5438744304670636)
(251,616,0.2052519911916011)
(300,633,0.35173013366376693)
(1880,651,0.6594790763913915)
(1984,618,0.8410169475447781)
(656,607,0.2010357044904505)
(1520,619,0.2779648476598776)
(758,635,0.5646453691516237)
(1229,625,0.7981495086716345)
(123,614,0.9498046152159573)
(2336,651,0.23280863157145693)
(2225,638,0.8501613434475561)
(1560,617,0.3365530554446121)
(2304,672,0.38032012367307233)
(1305,654,0.973420833992719)
(2117,601,0.23811344591059913)
(1516,658,0.4152494713487963)
(1348,601,0.3511708502143144)
(653,622,0.36779280294677286)
(2452,590,0.34719841874262225)
(249,635,0.6818223652694868)
(2264,599,0.6360694472260626)
(61,620,0.752372415137228)
(1948,637,0.1570137068266575)
(135,668,0.20540183969142778)
(2394,618,0.5931382178808794)
(832,656,0.5050928006488187)
(344,606,0.4886276710880033)
(905,607,0.0824361122337014)
(861,652,0.39111724885617105)
(2186,630,0.7559846212510503)
(1832,643,0.11947504579368018)
(124,626,0.3642195203913491)
(1985,649,0.8988860635299742)
(1699,612,0.17216519391161011)
(1331,607,0.16405197094770774)
(1710,639,0.36758312760928225)
(2368,621,0.9517618858523949)
(2053,592,0.8649823711609149)
(1219,614,0.7903295065059283)
(2256,637,0.3533753757374243)
(1355,572,0.27156675997037605)
(1748,603,0.8801417452055464)
(897,627,0.8400590465775422)
(733,688,0.5885108994471038)
(1285,594,0.6907227527700326)
(747,637,0.8491767847134554)
(467,636,0.3214129359919987)
(1549,646,0.9571940323578343)
(1400,668,0.6140250074056489)
(2069,653,0.3815642960931872)
(753,651,0.46113971542143906)
(1582,641,0.14173494853507274)
(1968,645,0.8730153944513956)
(1443,614,0.30345484888077223)
(2044,643,0.41809686563922355)
(554,625,0.22506706196845105)
(1197,617,0.12570625827422177)
(1337,605,0.0011937827928215627)
(793,609,0.3590277762030958)
(1532,658,0.5378310769122195)
(2408,618,0.5018036567607549)
(2432,630,0.921439331231827)
(40,615,0.6112437352573074)
(649,654,0.6251235189868816)
(1873,583,0.43623192424942037)
(1404,643,0.5479871929613159)
(2362,600,0.569706139044822)
(1994,616,0.9592058298823865)
(1477,694,0.5823200417847861)
(242,594,0.6043576318018383)
(2315,626,0.6409916993517603)
(2397,596,0.07640467177959953)
(1267,655,0.9321758995445992)
(1477,646,0.46700739499201405)
(1057,591,0.1786232890475804)
(798,665,0.704914577139416)
(2450,656,0.08593615878723992)
(775,579,0.485870217157788)
(367,680,0.8521872645565196)
(1872,637,0.38012091914692125)
(1223,639,0.7128348345904422)
(792,647,0.5245438646486796)
(702,674,0.616657815336898)
(1706,604,0.1399922464389054)
(1598,640,0.5029321237216928)
(2218,649,0.15864105308228615)
(199,610,0.45425217905253423)
(791,627,0.15031416537251607)
(785,614,0.09438225514066645)
(91,631,0.1991303987562607)
(1544,585,0.7325302410162823)
(584,611,0.08554350037600034)
(241,632,0.8337209075399488)
(982,606,0.35202039043702005)
(538,630,0.11392881211174355)
(1288,617,0.04432978710104929)
(885,601,0.7849083073796309)
(2347,644,0.15723949277006743)
(16,615,0.011599649460112937)
(1047,644,0.20395485864308038)
(338,613,0.9616525084012363)
(928,625,0.9584268165457787)
(683,627,0.08233824329193196)
(218,617,0.4842810114036895)
(226,629,0.605149420197723)
(103,642,0.4766264068431937)
(1370,593,0.6112497687154103)
(2186,598,0.5802740829710692)
(1075,636,0.298479409028769)
(201,643,0.3521938004430015)
(2395,638,0.6931753668473705)
(566,620,0.7138614102440797)
(1474,636,0.3472522794249262)
(1919,653,0.6909592323280069)
(1640,591,0.23407780118801969)
(49,618,0.6436621450963829)
(2348,639,0.8474202234046083)
(1849,607,0.3280086866409174)
(282,632,0.5382421793308915)
(236,586,0.5432442613886675)
(1761,631,0.3222559221977249)
(289,610,0.5815601474954454)
(280,613,0.36093950713934164)
(1810,596,0.15201903639060765)
(358,573,0.6579988302252231)
(1840,649,0.04638470326765476)
(2119,585,0.18589406716105594)
(2396,647,0.9800536992301531)
(778,639,0.6578188566607357)
(2041,628,0.42780783060331395)
(1616,647,0.22186728800696165)
(2056,621,0.9591408370658066)
(1614,575,0.9683824340671108)
(1891,639,0.508589347631944)
(997,625,0.46288498968388325)
(272,593,0.5765880893522713)
(556,599,0.28621086354469405)
(2105,615,0.906620960320682)
(2367,633,0.9767204330847361)
(1427,598,0.80377867657239)
(266,644,0.16447443196056588)
(361,636,0.2613349416705657)
(1772,608,0.18278143236911804)
(1728,583,0.9663053986766816)
(671,645,0.409570396669941)
(2110,646,0.09171154917900926)
(364,561,0.644202539817058)
(347,670,0.9636403151486138)
(431,625,0.4545239965864126)
(821,659,0.5615839461286226)
(278,667,0.8155230513467121)
(1601,611,0.03992575540115206)
(881,705,0.6502454131229304)
(1511,613,0.189776352089138)
(1670,625,0.8707911543085172)
(2077,634,0.2961942773351238)
(527,597,0.0238375956683623)
(2159,623,0.9224326078136257)
(333,641,0.8875095560326839)
(1525,597,0.11640853422717723)
(2434,618,0.5125678404781074)
(175,632,0.26267361005690015)
(2218,624,0.34853263135989665)
(1307,574,0.23536153367874801)
(1984,604,0.8099731234655702)
(2192,649,0.4630046401711544)
(1145,661,0.5243431651472066)
(986,660,0.03157423794813885)
(470,623,0.16380829569807365)
(1900,661,0.28101823298179207)
(1313,605,0.41528110572779164)
(447,624,0.04133012381211043)
(272,631,0.1516532736936147)
(606,661,0.9887007037684091)
(182,604,0.1824210458536243)
(2003,609,0.4943621039037961)
(1476,656,0.9586009726060888)
(312,585,0.8991502843341146)
(1230,630,0.21316814835931552)
(2469,647,0.031074229189476443)
(1762,633,0.5696094341399772)
(289,619,0.6453975232186588)
(445,665,0.9223707521032153)
(396,603,0.6730176395438927)
(185,590,0.46098979991770095)
(1570,606,0.7313055137253448)
(1613,660,0.41508633983718546)
(1858,638,0.6741551278290279)
(2333,668,0.6986274415866015)
(1526,635,0.22676878416932877)
(364,692,0.01671670178886131)
(2330,635,0.8902154525131383)
(744,671,0.37194138264042453)
(1884,633,0.6749089235649393)
(1976,605,0.8183355975536685)
(1243,633,0.8188603181959534)
(1559,655,0.7707765859356379)
(1894,637,0.38104088973380923)
(1074,657,0.9492404030946927)
(1874,639,0.32470183598769453)
(278,614,0.2521261082656251)
(93,636,0.2831269695596276)
(1864,616,0.8082490289324642)
(2327,613,0.30680077224174473)
(1255,624,0.9034072649608429)
(1602,595,0.31495497032422903)
(2044,611,0.6257337445590931)
(1635,644,0.26682574245447066)
(2099,622,0.6689384672868939)
(64,667,0.3279262147072405)
(665,647,0.46685965831285603)
(1531,615,0.26392315546306666)
(2439,622,0.8129888058516012)
(1839,657,0.8650322253338366)
(1008,627,0.3349129294749721)
(1290,638,0.3427832029049577)
(2051,666,0.9563552680106433)
(187,609,0.3630827792964275)
(334,628,0.9375316872899697)
(811,612,0.39869425868548625)
(1919,626,0.8907059862516913)
(2179,637,0.049466693178303545)
(1352,627,0.47111944628906344)
(1944,638,0.11461661554397906)
(315,627,0.5626901660401584)
(1105,636,0.09695219174267433)
(1495,629,0.23319346157798326)
(2087,616,0.03565486745327939)
(139,654,0.916817577418133)
(1286,671,0.9076519559337121)
(196,573,0.37611794031848944)
(1724,626,0.5772652658301934)
(1923,655,0.96660781311207)
(889,614,0.7338972986729926)
(970,618,0.7542551070154514)
(1505,630,0.9360323745541711)
(177,609,0.6155787813839656)
(1768,644,0.12903089854857686)
(1353,619,0.512244415219199)
(1808,620,0.08576832474182894)
(1239,609,0.8078882092565493)
(630,642,0.19448333644488613)
(1759,632,0.3684657174716244)
(547,615,0.2791265138256732)
(1574,636,0.14570045025672484)
(1648,658,0.3595939496632994)
(1936,633,0.11634746460063072)
(2119,592,0.4240855163884154)
(2139,652,0.06894150041254599)
(1243,625,0.2634479685851514)
(44,622,0.5226412550521279)
(477,632,0.2995452193856667)
(1765,619,0.5923086835675376)
(1885,629,0.5113083114920263)
(1769,679,0.7626345279291542)
(467,627,0.24694396208186953)
(1288,572,0.8853684289811005)
(363,620,0.36685228806603865)
(2447,588,0.10556490792108975)
(2265,609,0.5694639530503287)
(124,645,0.3924403816696801)
(2369,593,0.014258956199656225)
(2125,665,0.016425638864860925)
(631,669,0.8136379749017002)
(2137,608,0.23876144686897827)
(1552,648,0.009839993326002494)
(148,625,0.5594792392007613)
(1265,585,0.06400557587779965)
(2499,627,0.29617536217746754)
(242,614,0.07426773860066815)
(863,639,0.038119424356711895)
(1734,623,0.9661228049102683)
(1505,662,0.7660236835107447)
(1221,578,0.3598007698842033)
(264,637,0.7369615731018602)
(1962,669,0.04588639068688927)
(1837,655,0.03192675639813858)
(645,625,0.5608490411573662)
(2131,643,0.8569847071373556)
(199,630,0.8952720831061419)
(591,600,0.19712167102205957)
(1540,605,0.07876167412743995)
(1999,655,0.048330056057267146)
(308,608,0.27979389421457557)
(1242,616,0.5187921637080756)
(980,623,0.48339462136866274)
(2222,614,0.06939741554614554)
(2158,655,0.05811555071791463)
(453,626,0.3550089819184956)
(280,640,0.29056389115877723)
(1986,638,0.5243121092890433)
(1666,621,0.8085355716576857)
(1273,637,0.7434022552352803)
(1458,652,0.628406233331868)
(855,645,0.634914454148778)
(1733,654,0.23077617310167864)
(1929,598,0.9003252942076426)
(1868,616,0.5692328194368232)
(304,623,0.6648267275330599)
(1912,607,0.42827639125612926)
(1032,599,0.20757267653841038)
(537,608,0.36240793563815543)
(448,642,0.11797544893765555)
(484,631,0.3358896764189173)
(2379,602,0.3477353153269147)
(1797,671,0.8548597239428749)
(2128,612,0.8778602993990201)
(1672,629,0.6699686937133682)
(2466,644,0.4331626363460134)
(793,619,0.05423305459181971)
(2264,583,0.8602681193802361)
(1398,644,0.32520620317500104)
(1507,636,0.7375488563615772)
(214,620,0.43805362411430737)
(467,646,0.391889384061082)
(578,587,0.441705908550141)
(1875,652,0.3284886005870469)
(444,620,0.8295269535486478)
(639,599,0.04965191437681038)
(2037,603,0.6910156682859233)
(1182,609,0.1804996675853463)
(554,611,0.8452396464892717)
(1548,610,0.20970421054208277)
(348,593,0.47857406077039)
(2319,628,0.08457207820417045)
(518,616,0.19882216391640573)
(1805,615,0.498385304911119)
(308,596,0.40767590535151066)
(2350,598,0.48265402297811055)
(1901,656,0.9074427245814038)
(814,627,0.054255407952827794)
(1232,635,0.20579675914679352)
(1943,659,0.6061362003053722)
(1376,605,0.18219665376441108)
(1970,645,0.7028014161406179)
(342,679,0.8604985455179494)
(311,628,0.13758839295249936)
(2373,647,0.38555670284661847)
(510,662,0.6739014461265032)
(964,649,0.7632767946810451)
(371,589,0.4260292254655996)
(260,598,0.559028332257782)
(913,619,0.5517949306353951)
(2377,626,0.21239589062088515)
(1201,611,0.3876494769522806)
(130,653,0.7049697517335273)
(798,611,0.7124574331335078)
(1054,634,0.563537707726227)
(717,608,0.42652023506911363)
(5,654,0.5318545275389468)
(538,638,0.252517418253816)
(806,591,0.732204777287745)
(943,609,0.009004126487109021)
(2342,650,0.23402673457004497)
(2425,649,0.4563311088265509)
(518,629,0.7146400743839845)
(818,633,0.29813041590025646)
(2158,595,0.19486288581866462)
(1403,650,0.48921953908098825)
(353,667,0.8725217224701896)
(488,625,0.4772346442843385)
(1388,640,0.6155916723422555)
(620,617,0.31170805384440226)
(1506,627,0.8591752888561367)
(946,639,0.058243056078563504)
(952,678,0.29082272164390743)
(560,612,0.9499283453767448)
(1774,588,0.5800457599476077)
(1722,592,0.449521979505467)
(1939,597,0.8930459661743592)
(2282,620,0.1378523226863213)
(1664,626,0.4488870519714938)
(948,618,0.01780102071130274)
(259,613,0.9317986807407436)
(1913,630,0.9557742787638991)
(676,622,0.638310995832322)
(2046,596,0.440856661456698)
(1094,630,0.9575925869114621)
(660,624,0.3380707470284233)
(1507,619,0.24484698285926376)
(1081,631,0.5125333533999996)
(851,620,0.9327550684711848)
(221,625,0.7507094110013168)
(1787,635,0.8906932898687314)
(910,632,0.6268783374642795)
(1242,599,0.16785619279078234)
(39,647,0.029261502909445847)
(230,595,0.45621850846400147)
(589,633,0.14523716726196478)
(2296,666,0.7186831590684978)
(1283,670,0.877527231387478)
(2191,629,0.5876193832120724)
(1426,654,0.6600241399815172)
(2464,661,0.5476155923073434)
(1784,638,0.06968493405996579)
(711,642,0.8549970296735397)
(1224,619,0.28508915248632305)
(1280,622,0.4520660825064249)
(768,636,0.6780831009436685)
(1928,597,0.006836898544341663)
(359,658,0.1240454521958192)
(1369,628,0.014950617302612157)
(32,630,0.8295092534957688)
(1096,593,0.07780779739269406)
(2460,651,0.06366875451479714)
(1211,658,0.13628556796985392)
(1719,602,0.6453314379950923)
(251,592,0.8857092037703432)
(1498,641,0.5622072041057788)
(1350,622,0.697779793266023)
(2036,642,0.2642341290038931)
(1263,597,0.1079573121394185)
(1706,664,0.7054912365125084)
(688,596,0.4407410742168918)
(1260,639,0.5973538875426476)
(169,622,0.9680645959963724)
(1577,610,0.9448322695067867)
(2323,643,0.5042377591367538)
(369,595,0.05526982553723914)
(1134,619,0.1116281317790283)
(2088,605,0.26819911997560153)
(392,543,0.08212859800505312)
(555,658,0.15253444079249923)
(2348,606,0.5319864111287331)
(1539,628,0.3791884014155208)
(1395,626,0.1517394762845674)
(1257,648,0.7539696520144273)
(1594,625,0.6652731732884127)
(1901,622,0.534866929293251)
(630,577,0.20957199402707916)
(1737,631,0.8898331893290428)
(2244,596,0.766266255995231)
(2178,595,0.10557377677059854)
(1782,602,0.2832310561690282)
(1499,641,0.30280002743807377)
(1126,625,0.6651658000586042)
(1304,601,0.6882929221828373)
(768,644,0.20919575860764417)
(2134,633,0.3671917738891356)
(2452,620,0.7506425770933298)
(93,609,0.6476211578822134)
(1614,657,0.507235139052787)
(1563,646,0.512619704761029)
(32,567,0.01645793845030441)
(482,633,0.2401385075509307)
(2102,599,0.6162827049708305)
(1252,656,0.8887949525635044)
(761,658,0.30859815206679475)
(148,604,0.004033330928662648)
(831,642,0.6013970191935144)
(2493,592,0.39120505960486784)
(1213,683,0.19273454546161162)
(1291,655,0.9367597523148554)
(79,589,0.438839517916646)
(304,652,0.2216684652622647)
(1022,672,0.06658580051653462)
(120,602,0.5809634132500374)
(848,632,0.8397715377679821)
(1112,652,0.10539483999755783)
(535,639,0.15325992120140874)
(2342,623,0.5116166434181791)
(619,639,0.8094660924221664)
(261,638,0.010845110513107326)
(1931,637,0.20562033223625542)
(1441,687,0.9710828284208263)
(1251,630,0.6672713451322095)
(1866,602,0.0998867057216809)
(477,608,0.39712716333918896)
(863,669,0.17942445382154448)
(1609,628,0.4484872014577629)
(295,645,0.921104169933542)
(9,655,0.2341130637478649)
(1154,586,0.07699092965601917)
(576,611,0.6138600658469578)
(2428,617,0.8937431350709224)
(2205,626,0.15901151380354173)
(948,629,0.3981713555311166)
(1300,602,0.11196082482813574)
(2094,666,0.4784771107852197)
(169,635,0.39783636640991626)
(861,657,0.44765993681105654)
(1447,667,0.7142500184152508)
(272,634,0.7867409906529251)
(2095,625,0.08495841274092253)
(365,642,0.645569014499775)
(1328,684,0.11027851216120121)
(2401,574,0.41613026867788516)
(1593,620,0.41705867701260535)
(678,602,0.9484304932958726)
(1584,606,0.01641817689656111)
(270,653,0.948833882047253)
(740,590,0.33980299698309346)
(1342,634,0.7027220349683563)
(1107,589,0.5289605304821976)
(758,637,0.0029748876198063545)
(2493,616,0.9181300435223051)
(2058,632,0.9251225568165259)
(2163,621,0.13974164886508478)
(98,620,0.6102570484508171)
(1496,595,0.013750232327822687)
(184,650,0.21372829422224726)
(1521,636,0.22643782421813063)
(1551,634,0.1750811064133797)
(1101,618,0.6962306005740181)
(2294,622,0.5424986289337135)
(20,624,0.2128778339309405)
(1110,564,0.7236320588278027)
(2150,583,0.9298930727524839)
(1837,667,0.07989101934706277)
(111,585,0.267180576910231)
(1919,654,0.8473030757445151)
(2438,613,0.779874497604053)
(109,636,0.05201566857106521)
(1347,582,0.2912463284166036)
(1,616,0.3240932014346106)
(1023,613,0.5256213534812374)
(192,641,0.4723226968112948)
(2216,616,0.04282869302067749)
(1820,648,0.9274199978205591)
(1407,602,0.5000378228062415)
(1568,602,0.6447345116224984)
(1338,648,0.5406887992007043)
(1642,633,0.4327636781306542)
(690,592,0.2835552464762937)
(1842,632,0.1487766568725133)
(1010,628,0.01601988568835977)
(1083,592,0.1369026360875999)
(782,653,0.5745007749482277)
(276,625,0.3458163547661671)
(1767,617,0.08428213027297982)
(2049,608,0.6336463543356026)
(892,618,0.8424475639070568)
(457,577,0.08088595998561032)
(1440,604,0.6484941454903378)
(209,641,0.4824161425691278)
(2074,634,0.3945171794759461)
(319,581,0.3319407872807508)
(732,603,0.6593948670400183)
(1321,604,0.5526931491682722)
(586,622,0.18596484926118306)
(343,609,0.639958885816222)
(693,599,0.9722686168004493)
(855,661,0.669529874654395)
(1603,583,0.9448111351809089)
(1692,671,0.272682965494502)
(2395,608,0.2598349859940394)
(573,667,0.574700933071517)
(663,608,0.04855702045486732)
(1633,626,0.6637780616279578)
(203,663,0.7856597879682804)
(2245,630,0.9740551077576787)
(1758,641,0.44394035140837984)
(2384,600,0.24165407514828674)
(527,631,0.6931441979076404)
(220,639,0.19837421163947633)
(875,642,0.7580658769667646)
(1278,593,0.8842328151150533)
(2281,596,0.4038770778205636)
(1855,544,0.8144455082625929)
(1057,609,0.6136948667355411)
(2225,619,0.7801319135118171)
(83,606,0.4741692798760394)
(1125,625,0.877937865350187)
(1531,613,0.6944151779186161)
(1476,653,0.8075485220523551)
(1585,647,0.7238203464417778)
(823,632,0.614262947553973)
(1836,658,0.2613222696501295)
(394,624,0.09126098661106463)
(1416,651,0.008248510760915928)
(1522,633,0.4383612203829371)
(2171,612,0.8796404069049235)
(760,598,0.08305670311195346)
(431,624,0.685621431122901)
(881,583,0.4170871405932596)
(826,638,0.6095835345980821)
(1536,664,0.718848886429265)
(929,601,0.8650471002796253)
(65,659,0.37363438752015865)
(1082,620,0.23436898047907184)
(740,664,0.2833977756139472)
(665,635,0.7855385898554085)
(2497,627,0.5585633222862785)
(549,569,0.05687076816818071)
(1669,628,0.8153374755622725)
(892,606,0.1538461896343032)
(165,625,0.5733515694261183)
(843,623,0.7630631481325767)
(778,608,0.9582921790848683)
(1415,585,0.8582645083446939)
(945,656,0.9395952568446275)
(1576,641,0.9478731891412515)
(1480,634,0.014136480646385174)
(1556,599,0.3405782566947194)
(1653,623,0.9470258040108319)
(328,628,0.5257518514621371)
(391,632,0.8055039106490492)
(1761,624,0.3139884406170118)
(759,634,0.759755438738537)
(2208,661,0.956214769914798)
(833,617,0.32965408907393257)
(717,613,0.6511794493847293)
(2192,595,0.4535649639096163)
(351,612,0.8001397979237754)
(106,632,0.5753952423541026)
(1799,597,0.8776358690346163)
(1612,608,0.35906621239088776)
(367,650,0.9568215530673755)
(606,631,0.8234736874503359)
(2053,597,0.21633592861048967)
(677,686,0.9909538899449238)
(709,600,0.9306758026665721)
(1896,617,0.054017850051749416)
(2300,639,0.24775862588845732)
(1513,616,0.3284417163433322)
(153,646,0.4309500808306336)
(2322,617,0.4869930610598232)
(849,639,0.05415644754202442)
(127,585,0.7112472600948523)
(2241,608,0.7281344998758499)
(1123,647,0.024504573069237146)
(591,639,0.44040061951694587)
(33,611,0.10610997930161803)
(1139,615,0.5738484268728583)
(185,595,0.47152626142668863)
(192,654,0.35356578790279813)
(796,700,0.7510606765860476)
(2175,620,0.921871594229587)
(908,638,0.5487577859546585)
(740,626,0.5886484161686549)
(2468,636,0.9781086022970336)
(2010,625,0.8091668845745448)
(1740,687,0.8079977604850626)
(299,657,0.6564382927826358)
(1410,613,0.14432333260804053)
(746,641,0.4878972598988861)
(2141,646,0.2006269178528075)
(2456,598,0.22452902750029347)
(1384,650,0.17723804441089008)
(1958,629,0.03161259477864331)
(1524,607,0.2891609062864364)
(1391,589,0.5684078271169084)
(1038,611,0.8005175275030739)
(1367,595,0.1899692758675836)
(727,624,0.7223197448943568)
(866,648,0.8079183569572436)
(1320,604,0.40689989644392266)
(1633,650,0.5376267597953364)
(558,648,0.5246433338592918)
(1894,580,0.754624552490923)
(282,657,0.2046691702654978)
(538,639,0.6106645822910434)
(1808,602,0.6192063984693011)
(257,624,0.457216717965631)
(2257,644,0.9062601209884965)
(1996,629,0.4561085300995459)
(414,614,0.9801872331516291)
(2250,609,0.6040690713896342)
(568,628,0.5428634807808317)
(321,620,0.17399949788419622)
(156,658,0.5874236104602487)
(645,610,0.6439452182062916)
(46,634,0.8699747231221916)
(1191,676,0.729372845826021)
(1574,596,0.8160748460335533)
(890,596,0.5148938503278572)
(1110,653,0.8114049773495594)
(138,621,0.30271251586436465)
(229,656,0.26972182966421954)
(1782,634,0.8990226092787964)
(2145,654,0.10798832917356715)
(1247,610,0.5594246959337578)
(1961,642,0.7185936129188912)
(1262,635,0.909748406624899)
(467,639,0.5916606310581563)
(162,627,0.32716092801901286)
(972,605,0.9833693356571215)
(1248,600,0.36969392053782835)
(1261,644,0.8443262132050589)
(1312,638,0.6114599838966551)
(483,630,0.08769199581220066)
(1660,679,0.6063875764548199)
(734,634,0.074712549071424)
(2028,667,0.9417295760938733)
(1026,634,0.49117420775539766)
(72,606,0.4574277692592489)
(2325,578,0.9125249386364288)
(1347,624,0.16869315543427776)
(1073,623,0.037757173580339365)
(2010,647,0.3069288267234379)
(1564,651,0.8215850119866503)
(150,648,0.20197069977280546)
(1025,644,0.7940623831675988)
(639,634,0.3924733876238523)
(1278,618,0.5413451792365107)
(716,638,0.08743479714359292)
(2251,632,0.5529092070757239)
(1616,617,0.2504433199629663)
(2409,635,0.6587021361107128)
(1627,649,0.4651766571803574)
(1880,654,0.061276133193223226)
(1848,625,0.22546791095913377)
(890,638,0.0034510462593732028)
(2411,659,0.575504823679357)
(2463,573,0.34144118188575956)
(2255,605,0.027847447335280107)
(488,597,0.2032908141514076)
(1225,635,0.4066153910602126)
(557,677,0.6405284739905042)
(698,618,0.09409593016296458)
(433,604,0.4669340556443202)
(800,563,0.558980122913722)
(157,608,0.8764726591046984)
(2024,645,0.004781444990704542)
(916,658,0.5065694236623725)
(2022,617,0.43712461783523016)
(2318,596,0.5535151408402424)
(1457,628,0.03846073550947038)
(677,646,0.7704978415679482)
(1963,641,0.6166099478940168)
(2214,573,0.8643412342674227)
(817,620,0.5040770788680438)
(1055,643,0.7623767196808372)
(1071,628,0.29531050896621136)
(1347,601,0.7328069828784936)
(197,654,0.8609046850765059)
(1928,669,0.4224369686850148)
(496,590,0.11469984300554115)
(1258,605,0.1558300903527272)
(1502,571,0.976765393351355)
(1694,613,0.9862209996608354)
(1456,680,0.8554640120287387)
(733,614,0.7072101898156251)
(381,627,0.3257954385097216)
(1829,678,0.3929660057705905)
(2431,634,0.44432555584170863)
(1231,646,0.49790179899486076)
(1647,631,0.2024289154110116)
(1115,667,0.7708444569121008)
(40,704,0.298640024298517)
(367,640,0.5698501867593477)
(1633,588,0.39708119523132945)
(872,618,0.7933635056670065)
(618,637,0.6743420439287682)
(701,661,0.8459516576070291)
(1272,674,0.47635445927226716)
(1895,598,0.3140187373125092)
(795,619,0.65467086748056)
(2195,607,0.8609137890391263)
(2294,631,0.4571393997581832)
(33,602,0.5392584173036961)
(359,657,0.3376523893385671)
(230,666,0.11921048649983801)
(2179,617,0.04032203850875149)
