(2363,633,0.22613430653806998)
(390,626,0.06005028634569687)
(293,612,0.8589286409589184)
(876,631,0.19587756524024524)
(2357,628,0.5458749154507402)
(1392,600,0.904917019944131)
(327,639,0.42137692814880656)
(187,628,0.32200573477834926)
(1127,639,0.4612525778452733)
(1022,613,0.2677987444200549)
(2465,603,0.4784563773264573)
(4,682,0.2499318082319908)
(2343,668,0.28716276305007327)
(2005,641,0.7367258233815398)
(2442,633,0.10975806827777601)
(138,671,0.44975619761173424)
(491,605,0.4754967130189198)
(1909,641,0.18235273253699502)
(397,604,0.36955447466721025)
(2115,651,0.9708505467097074)
(1584,657,0.727798511411266)
(111,596,0.5041670395248123)
(1956,653,0.3579515592234047)
(1476,632,0.6464327062592857)
(1294,613,0.5960350255558242)
(541,575,0.730819380470882)
(2255,681,0.45614296940182986)
(229,634,0.8327032926771614)
(789,618,0.3241916252908409)
(889,598,0.9495253529958619)
(1876,647,0.5614882912507714)
(1433,612,0.6068162211984343)
(1413,623,0.3657115003952922)
(1,607,0.8212556302895913)
(2208,606,0.7490801077473174)
(1129,599,0.3899523869329342)
(397,642,0.3263495242901503)
(662,608,0.5981138439710598)
(189,610,0.02734253528877273)
(723,628,0.5663614676346532)
(2388,568,0.8562540160718518)
(1410,605,0.6389905919925661)
(1105,614,0.031119123638490453)
(2454,691,0.31072116142552497)
(1334,623,0.2567385379054492)
(1829,589,0.3615923246295748)
(467,587,0.5522166498915647)
(2023,652,0.2333819345923488)
(126,586,0.3661773972844389)
(233,644,0.07742695965632462)
(1983,669,0.15685901878173458)
(2246,675,0.08275582844279084)
(1962,594,0.8226988617976743)
(454,550,0.772034083877181)
(385,632,0.7775418411397544)
(1068,581,0.9687798455159528)
(562,607,0.4327527869923523)
(2245,631,0.3467101943614651)
(46,613,0.5764183107262649)
(2193,643,0.22167820861176868)
(196,613,0.9936038888656724)
(1288,641,0.05196516682997576)
(1196,568,0.5148811241827116)
(965,621,0.9554170152964989)
(1313,604,0.9754569456994245)
(2113,599,0.7611665705572271)
(1713,664,0.22635784561218253)
(482,606,0.81709120253282)
(1983,701,0.5647255374123961)
(1261,626,0.19277367733476192)
(990,633,0.4524849559971914)
(298,613,0.9556500345816741)
(275,664,0.4494093999065121)
(112,656,0.6314257769498179)
(1259,599,0.10744181735272529)
(993,621,0.8768709655832638)
(2423,582,0.3051881660270045)
(2497,620,0.9832152518327079)
(596,667,0.8627143050045668)
(717,607,0.7913542411728761)
(750,635,0.18847467552001818)
(1270,636,0.04274609845318267)
(463,632,0.995409508772244)
(1022,625,0.9454049867529042)
(810,618,0.4366806537219198)
(849,597,0.11260286581933698)
(113,647,0.8211187850668472)
(101,616,0.029371013568452287)
(1293,636,0.9937740222115653)
(2405,659,0.7781983447795644)
(1870,648,0.8661803452450046)
(677,641,0.44582424258352915)
(2481,640,0.38306478973830027)
(1789,630,0.01695360442175553)
(1895,646,0.3616833189377998)
(837,629,0.8782808908135796)
(924,647,0.0828560909046746)
(887,608,0.6189560444607713)
(731,661,0.28172236307397225)
(1542,588,0.4236676162774754)
(223,624,0.23414053282306124)
(1435,674,0.004333380140796317)
(143,614,0.038710840154852044)
(1651,627,0.1265813325370877)
(2352,593,0.48718921215434574)
(2424,598,0.805730702446296)
(566,616,0.1793021961059016)
(1401,661,0.8733983099383018)
(1687,612,0.5362617449834715)
(881,606,0.837779460145151)
(1955,608,0.639992763177744)
(618,673,0.9118133340023908)
(840,654,0.3621914981454881)
(1430,630,0.25749660959396237)
(745,578,0.28893955074286504)
(2280,629,0.4868850765032732)
(1136,616,0.3815107473205508)
(2420,603,0.3355551408676608)
(510,637,0.9085514823522396)
(2037,653,0.5783068733561201)
(2264,615,0.2407137482506504)
(260,639,0.19582776146875802)
(1284,592,0.47218972056309616)
(1525,660,0.40922081075421657)
(1985,635,0.8284919930848649)
(2096,617,0.6027017663111387)
(193,637,0.1556210257538565)
(1567,574,0.5056632887668858)
(1441,607,0.6348717046652956)
(915,630,0.9838869493541439)
(1943,614,0.6882229703171975)
(1976,637,0.17298628302986707)
(769,563,0.8902513778360064)
(1992,633,0.340848978585809)
(246,612,0.9753799496233734)
(1187,637,0.9686501914494059)
(226,615,0.5147409826571622)
(1702,607,0.2833048868023099)
(1,617,0.38280266735377166)
(2301,621,0.18811153842412032)
(925,586,0.6679019370671655)
(673,635,0.8047066574987615)
(1288,595,0.8992621286145966)
(1793,576,0.32500217702127154)
(1041,618,0.9667286507670156)
(2331,646,0.6339689545589192)
(893,607,0.32056935559199207)
(2404,690,0.1658295722848232)
(984,655,0.20049542174807067)
(477,682,0.30292742064628897)
(957,588,0.5823146382866525)
(1555,654,0.5702759321817931)
(654,648,0.48672149946220566)
(469,603,0.5870972926934241)
(1104,655,0.9909899224893602)
(1182,677,0.803558912890499)
(1821,620,0.3036685986094444)
(2056,563,0.503797428904358)
(1488,607,0.5171171342750974)
(1916,633,0.3126204561696857)
(662,637,0.3779846674819237)
(180,576,0.9304800733892407)
(1415,665,0.43414222021256854)
(1590,703,0.06427676906384872)
(1270,656,0.629682500274587)
(1452,628,0.9061539841092736)
(479,668,0.29239113683443485)
(323,618,0.36292182059796807)
(938,615,0.593132609802945)
(2377,656,0.36087468525674904)
(2495,625,0.34524225391894536)
(33,647,0.44571376634778115)
(985,621,0.9880772389345567)
(319,625,0.5966909627058009)
(1477,623,0.8458264666235985)
(2343,624,0.2935036585237727)
(313,615,0.49965171082432447)
(1362,642,0.12289252123490046)
(1108,607,0.295878976520909)
(1449,597,0.12550462063071421)
(77,617,0.6688439133944462)
(1064,600,0.5833866842960809)
(1276,643,0.9441985105466357)
(323,624,0.2176807673420864)
(1697,650,0.7595752827340653)
(1006,662,0.7156354622856643)
(1069,649,0.5032421723492054)
(401,681,0.8368746079917238)
(1333,627,0.6533718053569341)
(1723,597,0.7922819183286068)
(1867,630,0.2383855837694301)
(336,647,0.45990307938967667)
(1442,676,0.6395409992755857)
(512,593,0.08292619730420514)
(1369,610,0.1344252926242343)
(2194,711,0.3960508664450141)
(1156,615,0.233105938143645)
(1623,583,0.2952441769723281)
(1620,621,0.17750266093626887)
(1369,664,0.6377801682202114)
(1215,579,0.9679638587987542)
(1082,657,0.5929471581060493)
(1561,653,0.10842953118973742)
(1899,655,0.11431031512231482)
(95,631,0.1509735308611485)
(2349,595,0.2611218725902683)
(1130,580,0.427164198059675)
(1943,610,0.07156085389635558)
(323,631,0.08248443953343443)
(196,652,0.12291645659343364)
(434,618,0.6100802823828265)
(1706,611,0.45184709041950866)
(1263,653,0.4539348420707131)
(1845,650,0.17034106995403842)
(171,655,0.9636115562180725)
(1382,620,0.2863563468883955)
(1750,634,0.8943098302025633)
(1884,635,0.5835319777910415)
(1989,644,0.8141937394220734)
(1033,625,0.2144047078626079)
(1581,573,0.23915711626296898)
(359,653,0.4623408616899578)
(1873,632,0.30568340051401643)
(2020,635,0.5922128196268155)
(2484,633,0.21061132744232647)
(1226,619,0.15608391000555866)
(2031,658,0.07019522077438733)
(1610,635,0.03379579330300475)
(1713,590,0.2924770328373667)
(1607,624,0.11985636427840729)
(259,633,0.43447317709017075)
(2327,626,0.6235259053042437)
(1254,581,0.48300610858080817)
(558,641,0.7570351092764777)
(1874,628,0.6125348485175168)
(1821,597,0.6775684916679846)
(613,645,0.24113663086810844)
(1806,624,0.0899242348572018)
(1677,613,0.9968185679374243)
(368,601,0.9085624179366931)
(1890,621,0.8084459426954923)
(1782,654,0.5058447873950775)
(419,622,0.141678746716965)
(2306,660,0.6093896890421564)
(2147,627,0.7576631615632899)
(1671,598,0.18590006965238703)
(1321,603,0.10002048401550034)
(1926,622,0.6158740306037046)
(952,630,0.8774591302654333)
(387,656,0.4493571601781101)
(893,623,0.0768611798779042)
(246,631,0.8929679469702658)
(1412,612,0.14552828611655444)
(2226,613,0.18171344904685072)
(1868,597,0.18084303535338708)
(606,627,0.6831918440597295)
(1672,635,0.2483823840156264)
(2450,642,0.8207142813871122)
(2189,643,0.4232989386269228)
(2165,645,0.3042668411921198)
(668,627,0.011038730604839175)
(1191,654,0.9024055924402096)
(2370,642,0.6904264907981925)
(422,622,0.5350729516619229)
(34,602,0.7299322080509543)
(1484,664,0.05754166438641528)
(1380,615,0.6298270315602292)
(532,653,0.07372295293822306)
(674,560,0.2873174390144292)
(2121,641,0.3529095956435061)
(855,634,0.8106988146628746)
(1334,612,0.5212127107975544)
(1134,579,0.6429535132574615)
(1718,632,0.7614733218007192)
(1910,652,0.5895688918371315)
(2212,593,0.7278880342803917)
(1027,626,0.5418005557325445)
(578,612,0.08039312208351657)
(2287,585,0.15338944042314973)
(910,647,0.4491534646729719)
(2407,643,0.7298629855425818)
(1450,648,0.383896380396485)
(736,632,0.2600298911296123)
(901,606,0.9591283589103526)
(1217,645,0.9957235888369014)
(211,580,0.2479346637566231)
(2347,608,0.9360002523666329)
(1874,621,0.7133292491785325)
(722,610,0.7167671942634437)
(613,606,0.3846235436471268)
(2168,614,0.9753190270253211)
(2314,597,0.025926178358325336)
(197,593,0.101743397615644)
(2176,590,0.5832059956441318)
(2291,631,0.9248869396691044)
(1049,682,0.7045862285237499)
(1312,623,0.14160422516929805)
(750,639,0.5740369516714612)
(714,667,0.9581435908578251)
(2013,646,0.302823975369256)
(1934,632,0.21066655617101104)
(1151,626,0.04667562051235141)
(1430,657,0.8202183305849996)
(470,645,0.6301468763483922)
(750,650,0.1757435917106568)
(1913,619,0.8138646040907475)
(272,585,0.30806639414584136)
(1001,624,0.12522978289416808)
(510,611,0.5965681044539107)
(163,635,0.33435888575968453)
(820,583,0.5349780255851062)
(2235,634,0.8417198231961717)
(2442,658,0.7983847548348385)
(1684,665,0.31387463080353895)
(406,647,0.008529443280379634)
(1506,612,0.531389303818293)
(209,573,0.6473987024446844)
(1268,593,0.27623251298449925)
(1434,626,0.2291584358203086)
(1202,633,0.4684681698535055)
(1740,655,0.15130591772674307)
(400,610,0.11471080907891451)
(1030,595,0.4432066451298178)
(632,635,0.37219687935323564)
(802,607,0.24905695568748043)
(986,623,0.20061739192558725)
(1865,619,0.19111017236886008)
(1754,592,0.02678732578371501)
(2236,635,0.7224497532145323)
(1582,616,0.1877307454705487)
(2265,641,0.5597523962409082)
(1274,613,0.2207454513086906)
(1182,596,0.30792596223606694)
(1837,553,0.8758307787316898)
(1920,651,0.6688775666886757)
(1162,633,0.3436668144577685)
(1304,608,0.23458977213745247)
(523,639,0.7366902728537575)
(1131,583,0.49557302197742314)
(725,612,0.8392381258667072)
(1814,631,0.15643431349388948)
(2459,642,0.5004443249899709)
(489,648,0.32138182331669773)
(2004,593,0.2055028619266691)
(1549,612,0.3187668144624992)
(350,609,0.7052186721791093)
(1470,623,0.02541209899688679)
(2445,645,0.4732715761921831)
(637,629,0.43914968841096413)
(1316,659,0.499081696571266)
(2396,615,0.10925996967351825)
(1920,656,0.1052635377070783)
(159,622,0.5456073046338357)
(201,642,0.14437660705097266)
(2005,616,0.9688897428295608)
(881,645,0.8584607627072309)
(1411,659,0.33808563513060574)
(498,592,0.6999226770596001)
(1183,638,0.3296731369155653)
(252,640,0.9260414321331037)
(1551,624,0.5028541821436522)
(1535,618,0.5087620846345556)
(341,627,0.9901058467648396)
(1115,664,0.4582079260995757)
(1015,639,0.7707164836255732)
(1569,603,0.7327220126505015)
(1399,617,0.4375511145891904)
(2282,600,0.6696172276631005)
(2336,621,0.3918099852207082)
(1060,615,0.5951052998848577)
(106,681,0.45236336476383254)
(2459,641,0.04382110322672417)
(553,619,0.15923396856291283)
(175,615,0.1224513098710659)
(1289,610,0.7190664430648388)
(1553,588,0.9914073105690315)
(1809,644,0.8634770844632441)
(2169,633,0.8454239834785009)
(900,616,0.33067723996225706)
(45,661,0.20698830125366308)
(1869,613,0.520125926768656)
(2263,603,0.1362619601299132)
(1338,623,0.7088281163162566)
(1880,609,0.473086123477364)
(1141,620,0.543381348328832)
(2168,619,0.6357034267091238)
(1810,644,0.9050060565559149)
(779,607,0.9150460237261037)
(1818,661,0.8188677282933198)
(819,639,0.30024575120217056)
(2352,675,0.9627002238444564)
(273,594,0.6114081988766521)
(1762,665,0.45237520831750067)
(1771,638,0.7506838967786877)
(744,645,0.514917362006521)
(273,602,0.9118485672894502)
(1327,644,0.17768651951675585)
(129,654,0.07258699335073626)
(1899,638,0.7196187986837064)
(754,630,0.3972845726210532)
(249,645,0.12702377616988347)
(420,657,0.710459539351881)
(1597,638,0.8695029058708166)
(1313,644,0.8510829595345594)
(1315,610,0.2946380152058856)
(2275,615,0.25097017273398314)
(1341,632,0.7797373960921163)
(2409,641,0.18061851204639234)
(1263,623,0.6167147296501586)
(1444,637,0.7769466069749421)
(2154,614,0.8555170420687394)
(496,612,0.48760085693210964)
(1470,610,0.7369655109316757)
(538,664,0.13604986527369123)
(269,639,0.7089308990882445)
(1629,597,0.5897451333252534)
(1116,629,0.2572118315646037)
(23,591,0.6455874465649886)
(1504,632,0.811073085616532)
(190,653,0.030193651091592555)
(783,654,0.8009206761444729)
(1775,631,0.7879734916718409)
(27,614,0.8302118967874159)
(702,683,0.9540416573264592)
(298,641,0.5777980521548257)
(367,618,0.18104806139130747)
(2359,615,0.9936729334534189)
(1268,590,0.030279991535741124)
(2431,602,0.13645970448563582)
(1159,630,0.05552511859917575)
(1991,638,0.5477276679373898)
(2286,672,0.5030129460028209)
(1385,606,0.2993061994475218)
(141,657,0.11980200113312489)
(1912,641,0.7561032093932497)
(1258,652,0.35118335469162665)
(531,605,0.21311573609678502)
(250,610,0.6211224024725561)
(1193,608,0.0829553180927991)
(182,607,0.08704111832136385)
(830,622,0.6747675655316943)
(1984,646,0.3119455487260636)
(2323,591,0.9818283424002354)
(919,612,0.4186807992872582)
(1400,595,0.30848207396299776)
(2487,627,0.78443902669686)
(1937,640,0.033668913029381686)
(1312,637,0.036049557010173094)
(641,592,0.774665063369465)
(1893,608,0.7189390084130969)
(2091,628,0.627914032368689)
(1588,666,0.67846596561488)
(714,642,0.38831700336085895)
(317,609,0.6865223131783998)
(342,622,0.04121721609730056)
(483,638,0.840528111707354)
(1491,656,0.5396510901691587)
(1470,649,0.10789002759002508)
(1352,671,0.5162508363631282)
(254,621,0.20600438128347343)
(2247,612,0.5781496678176861)
(376,615,0.5240013458066738)
(2266,606,0.5399563099435916)
(759,593,0.3226790310015376)
(990,621,0.6495149479078839)
(1641,621,0.3245722447866862)
(54,589,0.06330591169598798)
(176,611,0.30491163178614766)
(1586,628,0.10114785401623716)
(1082,578,0.894270791699256)
(14,595,0.8863809707163305)
(1211,647,0.563803086465519)
(1100,602,0.422190665663975)
(491,619,0.2966360402851894)
(45,608,0.14109985163875294)
(853,581,0.04938159847698653)
(837,638,0.35409636174189074)
(2189,646,0.6340599228617918)
(2420,631,0.3339892244843161)
(78,693,0.8733702614427679)
(2172,623,0.8685183805397356)
(2048,598,0.675494558984709)
(445,652,0.4649970781744611)
(1395,636,0.40019402900670575)
(780,644,0.03296236078002457)
(1220,618,0.9412972536584704)
(663,602,0.8818353065792979)
(287,639,0.7766612767526108)
(2397,646,0.26105119440660784)
(1532,619,0.5747064262709285)
(1316,588,0.3397086678147303)
(1786,601,0.9181250561733796)
(777,623,0.670744172698043)
(1235,634,0.8649761420046945)
(803,637,0.13712580975873423)
(2330,613,0.66929319711209)
(2113,620,0.45805867682128)
(530,608,0.6546183775606276)
(1641,618,0.018370812232938016)
(1480,632,0.48008537705745447)
(729,639,0.2753636021193758)
(1376,621,0.8422613234376437)
(2264,669,0.26313709520171435)
(2212,629,0.38656857191392335)
(1995,653,0.6370291068443029)
(1743,639,0.7502824863125872)
(1070,602,0.8295165573052192)
(2009,631,0.4412464013266737)
(688,663,0.5018015915107475)
(646,638,0.37065825376181394)
(1261,633,0.5349441418616576)
(31,620,0.2397990541254129)
(2491,608,0.8364428327665082)
(1740,681,0.11822154616840053)
(575,590,0.20304059747805803)
(979,694,0.5370687305704528)
(73,591,0.3786282733904365)
(1615,618,0.4229097784050929)
(1005,606,0.7173974887645418)
(1007,596,0.22323688900587058)
(1624,598,0.2916337981616993)
(939,665,0.4132838768953595)
(1007,636,0.9915755963997207)
(2365,662,0.7844094148755338)
(1621,609,0.5729375379781436)
(1611,667,0.1211016935083915)
(72,573,0.24440497289740903)
(747,649,0.12556647408745136)
(10,629,0.6968955728681424)
(1638,634,0.9614203014077292)
(1605,594,0.5483667330099148)
(207,638,0.13721688222605855)
(462,646,0.13563675164623745)
(2224,625,0.5653323668541926)
(1764,578,0.6419679258156716)
(241,638,0.804244338967928)
(144,619,0.015491805113779011)
(1804,615,0.8938191752510479)
(244,636,0.9495381966790859)
(1383,593,0.542696233664075)
(2192,641,0.8811172786527286)
(2278,612,0.8281854393518837)
(479,645,0.4668797386465978)
(1477,622,0.9329244496902868)
(1950,605,0.9820592017648407)
(2440,650,0.26683606400562865)
(2263,633,0.16596747324610261)
(1741,666,0.6554942914118745)
(351,625,0.08078972560941644)
(453,638,0.0022376938020217674)
(2331,618,0.3908421011395059)
(964,656,0.4416821657359642)
(555,657,0.9617817790940922)
(2399,629,0.7431586431438377)
(2112,669,0.6878166226951214)
(6,637,0.259708787792838)
(308,587,0.9116059648070656)
(117,629,0.9605554050397838)
(2019,609,0.7855848217980405)
(1351,638,0.020633706387504502)
(1675,682,0.6730750394348086)
(1291,623,0.6573727043726645)
(2196,632,0.06164147175622192)
(1401,637,0.3836744162043484)
(437,646,0.9069374426532479)
(1914,648,0.4978720301998468)
(995,635,0.14067345387650987)
(1897,572,0.7485215278707901)
(2337,612,0.6925045578042975)
(1885,632,0.2767910395545501)
(1446,616,0.5653571464445174)
(1313,640,0.2695242132351082)
(356,642,0.5170032211650387)
(1380,617,0.987141627524683)
(1584,630,0.9939826198899202)
(1871,628,0.9203548111435738)
(544,602,0.8930808327760288)
(246,609,0.9905080735147858)
(1177,650,0.35125456874366656)
(530,587,0.611667240123974)
(1951,584,0.4606345164791531)
(2315,631,0.6180795835987476)
(936,615,0.5653871369328581)
(2393,668,0.9321324657096522)
(1877,671,0.9592965277018465)
(1838,610,0.19324110089160373)
(1772,641,0.743215743420253)
(1090,642,0.7203545675933757)
(1289,604,0.7838753676784322)
(1971,583,0.05913985440350733)
(2499,598,0.4738935030530972)
(2420,647,0.3179453810188999)
(2340,596,0.18409270866779326)
(545,634,0.5440853117417218)
(201,639,0.3214354475768689)
(1694,673,0.4947586213025563)
(909,660,0.8408568184724222)
(2481,615,0.4009832737615264)
(2320,657,0.3693868127250699)
(1839,637,0.15636785686089427)
(689,618,0.8793283606198484)
(2003,610,0.44396327394131185)
(2486,617,0.4503475001136257)
(1202,632,0.3973027796895515)
(678,597,0.5490882029514792)
(472,600,0.7050568211908814)
(444,662,0.9883004461027937)
(773,587,0.8039870820760031)
(723,619,0.33599100964140494)
(1125,615,0.3668402369538307)
(542,629,0.5166883036755049)
(347,660,0.8627295979436609)
(2025,629,0.6747401476314082)
(1865,645,0.06545708887091761)
(672,623,0.49039544233898846)
(2107,645,0.15728895958075884)
(967,667,0.5547010336514919)
(612,605,0.9335179652233105)
(1057,672,0.112306331590044)
(767,642,0.02102241363661783)
(465,568,0.01697443544000299)
(2094,638,0.70220154207357)
(518,610,0.6300803765963917)
(2228,613,0.09314805578188556)
(2026,615,0.5093228009178455)
(2003,674,0.3497355712948501)
(14,617,0.8650965406364074)
(667,614,0.7724197349784304)
(1322,609,0.8871325348645217)
(2400,609,0.8657413622692046)
(212,592,0.19062660201473325)
(298,625,0.1945664191779829)
(2357,632,0.5008000371055763)
(2139,630,0.9430713321988183)
(1945,594,0.9747861228605292)
(2158,625,0.4952324359561866)
(889,632,0.7658000254857569)
(811,647,0.36424556953782505)
(2286,643,0.4410444523603365)
(2441,634,0.7339418549081266)
(1231,590,0.9269622646558927)
(2046,583,0.34593940761371966)
(1562,627,0.4936075345978552)
(1662,635,0.044678810180508455)
(2468,583,0.337216924802221)
(2391,577,0.3181765938573028)
(2409,614,0.9749125972818821)
(757,658,0.9862415968714361)
(1571,624,0.0025122352305454454)
(637,613,0.48753105433165644)
(783,648,0.9149521379997309)
(1585,627,0.7194710452844418)
(391,623,0.31312718104825166)
(1139,595,0.5400295979284154)
(247,605,0.027165280648097756)
(271,613,0.47945075640333057)
(521,589,0.49262316153913654)
(1531,621,0.12556922059898123)
(2498,648,0.6341249894785771)
(1706,624,0.5393658367530395)
(355,605,0.5475162014069818)
(1220,626,0.8539603385556634)
(57,609,0.04266182135747454)
(298,628,0.6516762809486774)
(179,618,0.9576339226126724)
(2363,588,0.7073573411510702)
(1662,640,0.6102754501460804)
(1671,609,0.051999882421343346)
(2431,649,0.9784282835812591)
(801,607,0.41894570749415494)
(2006,584,0.46629399684791173)
(2121,604,0.5939971315562705)
(1723,627,0.5590509161925157)
(1925,669,0.6759159769640293)
(1152,624,0.972148725897575)
(1727,631,0.2524908907856336)
(2060,622,0.01245402398212525)
(1856,632,0.21461719714696725)
(1859,626,0.3925160391186979)
(198,657,0.9862979986318652)
(974,622,0.179460968353658)
(1132,638,0.06335334031901452)
(753,633,0.7700254729492765)
(1579,616,0.5079179662713035)
(1963,632,0.659893807336773)
(12,612,0.44803771193178743)
(829,619,0.24968407717743046)
(625,687,0.42941455287523067)
(1346,622,0.031795291345732224)
(2448,625,0.5852900696491325)
(2430,622,0.7129567169921475)
(2004,631,0.47756829644724663)
(1715,641,0.29066857285341763)
(92,610,0.9580559387996394)
(1047,627,0.9222091967671049)
(2382,624,0.26562880269267863)
(1076,637,0.6251929652721715)
(1929,657,0.9235933111222457)
(2212,609,0.2802597555883636)
(340,602,0.812716437100448)
(173,620,0.015039570963337301)
(421,648,0.8523365760671617)
(610,593,0.5785588318420608)
(1499,635,0.5332646675821772)
(2366,644,0.4877689002006741)
(436,557,0.8272785361651174)
(896,609,0.10564643090023662)
(141,656,0.2513807744756228)
(2199,625,0.5866663365658389)
(1236,611,0.5555341141911222)
(703,636,0.019797193561792104)
(1956,612,0.09461665984551337)
(2371,666,0.9243359215080297)
(1456,628,0.10767275807004995)
(2401,655,0.10947128501559289)
(1907,633,0.777426839045763)
(1091,630,0.01839613893053349)
(1266,607,0.5876729801312828)
(231,616,0.41853311070100063)
(1936,649,0.45791077922354906)
(1477,658,0.4298562154259833)
(537,645,0.9935555102834444)
(1729,598,0.7004771223368498)
(2084,585,0.27578950310182715)
(1082,617,0.43764842397340986)
(485,613,0.3948230645157509)
(1884,619,0.5399221255589054)
(246,607,0.18465045180370254)
(2321,653,0.897316557434433)
(194,616,0.6947811201710051)
(1471,628,0.26960577566130317)
(519,662,0.5070015628787646)
(1073,621,0.6994701522650193)
(1882,608,0.1101518277839616)
(1344,612,0.08350852935204212)
(1585,650,0.8720965074110171)
(987,644,0.4847985261693507)
(2194,597,0.779944881404968)
(392,640,0.9077789801539612)
(354,638,0.024348150401867108)
(204,630,0.20011423949409235)
(1290,566,0.5567794629043251)
(588,642,0.3659297705034189)
(2422,612,0.5687261909883157)
(2185,630,0.8382038441400699)
(2443,622,0.5535439395241292)
(140,589,0.04048710238922071)
(88,625,0.04588971160871813)
(1115,586,0.28996659037547134)
(2153,618,0.6430174997283566)
(714,684,0.8154950149228931)
(1760,607,0.5037163100179495)
(288,589,0.3512220972999336)
(2079,627,0.7164380282248963)
(731,608,0.10967578175644543)
(916,632,0.806791470167113)
(1284,652,0.28613290206902864)
(1790,632,0.23531395202515726)
(949,612,0.10668018105286459)
(883,622,0.2342559139409074)
(1079,655,0.2274409121279698)
(1550,589,0.5945054923466233)
(1674,571,0.9801613916210474)
(1400,630,0.2996502277228841)
(1480,645,0.7373776609918218)
(449,631,0.8458511802619076)
(1392,642,0.6745405177007099)
(344,619,0.2494033663467874)
(405,586,0.7770333435615506)
(2058,646,0.412724902252655)
(814,656,0.5606967555486055)
(1432,590,0.3138712152311288)
(1544,660,0.37886657424709114)
(1920,616,0.21662403534295982)
(2494,649,0.213782588552621)
(581,657,0.8037694041129647)
(2315,592,0.05721704742943268)
(1861,645,0.10349030761182687)
(1806,606,0.5435152804564044)
(2021,638,0.5713776260049682)
(1594,597,0.7593128159046088)
(1501,604,0.23441356560782622)
(2391,658,0.06193377375107434)
(1127,651,0.951058200543077)
(870,641,0.22460329521139588)
(139,604,0.953129266832283)
(250,634,0.6801896548872318)
(2043,644,0.9774545954368401)
(171,618,0.36819699981535003)
(178,595,0.43163637879373706)
(966,605,0.8531937613637028)
(924,608,0.8316726550205129)
(1176,675,0.7209848912709327)
(1073,620,0.5293118491708525)
(2049,607,0.8170293984999489)
(146,651,0.11810080906811604)
(2158,623,0.47988565205052713)
(273,648,0.3107902705533908)
(1481,639,0.005822326909670439)
(1494,612,0.6265281956064221)
(791,621,0.4217926700593403)
(1873,640,0.7782608734133818)
(2193,622,0.9561649673313981)
(608,629,0.9318808033065868)
(584,591,0.19309778311351766)
(536,638,0.24243892703550018)
(1687,640,0.004362529153202455)
(564,658,0.7170818182406694)
(1995,614,0.631977755114045)
(1797,635,0.11960327479919808)
(2074,640,0.9663288596460682)
(1014,562,0.14284458005685197)
(2149,647,0.28912912826823445)
(2426,631,0.45850872554627)
(2178,629,0.14356376461086595)
(1068,634,0.2682773289309124)
(2276,647,0.16519101315746343)
(1379,631,0.24038518277810839)
(1997,610,0.6210020097730672)
(1296,606,0.5771712744053404)
(1787,651,0.3393588080690695)
(1206,604,0.5670150979750259)
(2000,605,0.4585094222914853)
(1527,612,0.5035734245954966)
(1185,608,0.7414473248440678)
(625,586,0.05769707588974571)
(1227,639,0.572815982198115)
(1545,604,0.3388795193351293)
(463,611,0.8582437194535274)
(1997,688,0.583563153398442)
(275,643,0.1437375448505932)
(274,625,0.090373158985386)
(562,602,0.07403946356723479)
(2278,616,0.47228013285863435)
(837,630,0.11316576004619927)
(421,608,0.28817319044673806)
(2481,628,0.3790453292270145)
(568,634,0.5261657514597363)
(2130,664,0.6293373364563153)
(1042,626,0.6229885239977281)
(1891,638,0.4934733031007045)
(1914,627,0.47003195830881206)
(1358,585,0.4462016935366343)
(2037,586,0.3718255253886775)
(1408,591,0.10199500246506843)
(1411,599,0.5671853283292285)
(1285,601,0.41857403685449945)
(1719,586,0.5627058321453472)
(1721,597,0.08097071277696943)
(650,616,0.17853425091137187)
(2023,624,0.6874783243186918)
(1693,622,0.7986665217489497)
(296,608,0.30779579566998494)
(2117,628,0.38130644108719847)
(2177,616,0.06892638514859739)
(2359,634,0.7628392815349272)
(776,681,0.18356483540970092)
(1510,637,0.6875618992373494)
(614,621,0.20004702285792564)
(2066,618,0.039994971770829224)
(2223,619,0.04658788833141414)
(1610,590,0.6561408552774743)
(1606,664,0.2323586774834534)
(1440,572,0.7234532196077463)
(2412,669,0.15055006855348407)
(320,626,0.18367828686977095)
(1352,623,0.9079855599583728)
(1721,580,0.23801621587876343)
(1172,613,0.6317563430531851)
(2220,620,0.306914042079099)
(478,623,0.4465588318189848)
(2498,624,0.7455973253217169)
(2144,665,0.847926390757991)
(614,592,0.5503433553471289)
(960,610,0.705633431405182)
(1799,617,0.6176278683083024)
(2253,586,0.6586394623056743)
(1247,630,0.07834904016326272)
(2355,654,0.6366466838890315)
(699,621,0.8400914115592191)
(625,623,0.897663953428163)
(2180,599,0.045814139457092895)
(2291,626,0.1759133635627066)
(1629,585,0.16082893539387966)
(1182,624,0.1045107835027641)
(945,642,0.002711140965188985)
(2127,624,0.9614510705064866)
(685,595,0.047567772669744324)
(2400,652,0.19268216861087661)
(2241,615,0.6031043433770439)
(1989,650,0.8438010405963999)
(635,616,0.7958083603362057)
(912,641,0.6045571471064975)
(1948,603,0.7533774773838801)
(612,621,0.6592235028048982)
(97,597,0.15878318835965477)
(99,665,0.6386087276422273)
(132,619,0.22041437931678298)
(2271,614,0.5042713956784227)
(2319,640,0.8603936343877316)
(1018,588,0.3830418005508309)
(1096,627,0.05674884812742842)
(1183,602,0.7689873390483363)
(634,626,0.008658382749628601)
(1537,618,0.4302732209924225)
(1030,640,0.49094143389868206)
(1667,650,0.6534644889377643)
(2120,677,0.16605550717789763)
(463,652,0.4830474864954135)
(1488,622,0.7776791990774009)
(167,623,0.7255695434530147)
(712,648,0.29388160083556625)
(2077,628,0.743916481577443)
(1540,619,0.10362626224597093)
(134,595,0.2126561133844257)
(110,672,0.46996126892970513)
(1718,629,0.660974199326031)
(344,640,0.13912426263757038)
(478,618,0.38715472241664206)
(286,608,0.3417053705617945)
(2422,630,0.5204992784748921)
(214,585,0.8540094030305138)
(445,641,0.684526686269251)
(646,626,0.033184455054284356)
(11,603,0.29464136223668724)
(681,606,0.9172029421023914)
(2019,625,0.6490317412079717)
(127,595,0.055927253524180154)
(705,649,0.37407951527546435)
(1960,630,0.6700429419378664)
(1044,634,0.2458140392074032)
(1074,614,0.29377001078980236)
(1736,578,0.7255860913728952)
(1742,654,0.09925586587477664)
(1099,663,0.30849928532808224)
(2410,627,0.3221516703090248)
(1606,656,0.05590109939020971)
(715,615,0.6773119376244982)
(573,618,0.5438155648037515)
(463,598,0.9559807963597463)
(1235,677,0.9316047617576779)
(198,600,0.7466706288268417)
(1157,640,0.4069896137494289)
(1080,621,0.2910531059753464)
(2331,615,0.10250439100600706)
(177,603,0.34920755457431585)
(711,662,0.9178752040288493)
(2099,589,0.0705427936312899)
(827,604,0.9309806570663702)
(1614,656,0.6551187418078542)
(2392,609,0.19320085706582657)
(126,601,0.12880985175046344)
(1282,631,0.38140232407913266)
(347,599,0.2715299592536332)
(130,609,0.32811077407474765)
(19,596,0.6354633723332217)
(2245,606,0.8862886713729751)
(1161,626,0.5029237016305032)
(1872,634,0.8713766381371087)
(479,625,0.4722269119295175)
(798,617,0.12982750603615745)
(916,578,0.36407324055128665)
(2119,670,0.7323234016401476)
(156,594,0.12776796564161785)
(1522,592,0.20642085076526384)
(1877,635,0.041681520028524544)
(1584,579,0.8858327248073186)
(796,669,0.46928740115032663)
(2104,656,0.343375572456909)
(997,572,0.802680001092256)
(955,635,0.42635782924430854)
(1556,633,0.6295459428026933)
(988,636,0.26455201020130825)
(729,649,0.05515074018154964)
(1605,630,0.3627038302495673)
(1147,623,0.03413930984008795)
(2007,607,0.3157284268155651)
(1863,616,0.3820925295666666)
(929,597,0.0423982621065625)
(2387,651,0.2862150241852556)
(2057,661,0.6726347531676551)
(2493,618,0.8887600122866478)
(2442,637,0.2477962748897654)
(784,624,0.2244576954728671)
(1783,570,0.3090541142721067)
(564,643,0.1310621764595331)
(744,632,0.8156357519252234)
(1397,573,0.9750517259854622)
(1872,615,0.9150865553048866)
(1810,598,0.22551469662991652)
(556,630,0.09757780932752835)
(274,627,0.22946370196732357)
(2019,615,0.6246137953987313)
(2202,620,0.48049840349724426)
(220,650,0.701338240022906)
(121,661,0.29726919407249053)
(1694,600,0.23619991618961267)
(1158,670,0.03408362361005279)
(1966,641,0.7303359759036592)
(2243,641,0.7068815897619937)
(1439,648,0.5931078391718795)
(328,624,0.5354385785207202)
(2352,644,0.174355011899328)
(1908,634,0.25692367097973157)
(929,629,0.9258068703092966)
(2379,625,0.8648471736934518)
(1204,599,0.19453618167264086)
(633,652,0.45711488832493563)
(961,586,0.2542917469836362)
(831,643,0.251619799836726)
(1747,635,0.7930862013708752)
(1202,613,0.23993075436444133)
(137,666,0.3977292562997339)
(480,642,0.9196882314358633)
(125,645,0.7614106592638629)
