(1398,617,0.3290460488100486)
(997,603,0.9389142278820585)
(713,635,0.015396243627740058)
(1414,641,0.021245923024762914)
(1142,624,0.17099136817833405)
(1168,612,0.1582992789510015)
(1048,616,0.9698688007799845)
(2370,588,0.7016689670028298)
(2290,685,0.35922907059217235)
(834,613,0.5263734922617422)
(921,647,0.2860073598399848)
(2251,588,0.1671954177241699)
(2214,617,0.8131661125345927)
(2470,632,0.5090503487518351)
(216,629,0.1784269833382165)
(1238,610,0.8458643894526487)
(1787,658,0.6094702285258993)
(197,645,0.07890862801648824)
(1164,650,0.6277646828580234)
(1665,635,0.6885457547270464)
(2305,615,0.42664732603479805)
(1743,619,0.9554600245765407)
(1420,628,0.8170807330873805)
(1925,632,0.6917076317518235)
(2173,575,0.2266970259397033)
(1888,594,0.7405369174344619)
(2343,605,0.09436317060321886)
(2075,586,0.2976583371667465)
(884,671,0.01612218148276756)
(1293,649,0.6144976018830327)
(1927,635,0.8576000514365457)
(1308,659,0.1527932992401555)
(1260,641,0.42202122924165864)
(2117,632,0.4043987766168232)
(1235,588,0.8338562263462144)
(397,647,0.44714790726784626)
(1083,607,0.5200104638587295)
(446,631,0.40538860068539073)
(271,640,0.5473767263597968)
(290,607,0.8238160985276913)
(481,611,0.31064154290638024)
(1890,602,0.4100519759775405)
(1740,625,0.8585637090180303)
(1986,646,0.5597839252181427)
(1316,642,0.180428872021547)
(73,654,0.30884654831537783)
(1745,630,0.4037887243541629)
(362,608,0.2381053563234442)
(508,583,0.5820403945149025)
(1323,542,0.6656942192480224)
(232,590,0.41192909796370036)
(417,616,0.44668056029502157)
(2245,669,0.25656879955189726)
(1697,636,0.9616135776848366)
(1759,617,0.9389237156071917)
(154,587,0.6709678899281275)
(2438,575,0.22299310180177156)
(1339,622,0.1298861665463753)
(146,632,0.7456149678283479)
(2142,610,0.556534773923499)
(1820,667,0.26275015018479775)
(2110,669,0.14368687911779554)
(2092,655,0.8985643090378126)
(100,615,0.11084465091364404)
(688,582,0.5876168287102508)
(2386,605,0.7751794839675068)
(1126,597,0.16708001512832749)
(1758,679,0.2926824731347014)
(2265,606,0.49513451473019365)
(944,624,0.8236160881398266)
(47,610,0.13971847200158427)
(2104,616,0.0843624055263158)
(890,570,0.73389625657026)
(427,639,0.6953135034171696)
(2088,682,0.3596071139823068)
(1658,640,0.15058014772297035)
(2357,622,0.9882123807044418)
(1574,585,0.5705006337009613)
(1765,604,0.2233577121070296)
(1487,598,0.05092128263002149)
(2101,641,0.2472834453994991)
(2256,594,0.34715982325482897)
(796,648,0.7211218576354164)
(441,633,0.21907914443084842)
(154,636,0.8201749252088575)
(2052,620,0.37056054312644005)
(410,652,0.7194348354451185)
(2200,600,0.42718653339898804)
(573,615,0.9739056563184264)
(1805,621,0.2389567742679366)
(1178,636,0.5445790152300182)
(1616,591,0.31990684908148936)
(1115,628,0.7972846919793157)
(443,602,0.3604476509322374)
(352,615,0.6783315298121686)
(1243,629,0.30025624638797554)
(2152,639,0.06685425132160006)
(610,598,0.5703323669606224)
(1496,612,0.7787429407867674)
(1064,665,0.8847696218712797)
(121,600,0.24904238345394158)
(2480,602,0.5346909199270511)
(895,630,0.15848902966475042)
(1069,615,0.510083807159703)
(207,656,0.8046298953595944)
(1024,628,0.3215707203834388)
(471,627,0.11951288386354053)
(2302,648,0.2855340510712776)
(258,609,0.7490468971278867)
(1222,620,0.14415234267892407)
(359,652,0.4272144054924627)
(548,633,0.6571396396682608)
(1179,595,0.856746141878482)
(453,619,0.4607896613288184)
(2438,624,0.8431406772349137)
(2109,638,0.7991047240890832)
(1181,650,0.21760225671737865)
(2081,598,0.37366707429603785)
(393,645,0.12067222484178064)
(2134,647,0.48717225366324246)
(504,584,0.8403799661442245)
(1532,635,0.6398988062792812)
(764,645,0.11035756256984042)
(934,597,0.878133978143968)
(500,619,0.3657509438080163)
(913,633,0.998982839997325)
(1207,627,0.5550888397458112)
(136,629,0.7891059042708305)
(229,600,0.5968726519051756)
(402,590,0.026025447903613608)
(2452,589,0.8678301404376966)
(123,637,0.268880535344726)
(125,642,0.861743303999787)
(65,664,0.6949150785869672)
(1107,661,0.24654666736504027)
(871,619,0.1388183976665327)
(60,550,0.810370570497969)
(1292,582,0.2468628861101263)
(1273,581,0.5014672570521203)
(1313,574,0.38646117117409284)
(314,612,0.05303357268544184)
(1226,636,0.39930320281268594)
(1314,645,0.6304797872013476)
(1800,664,0.942817642257689)
(2415,637,0.11604855682493975)
(1982,643,0.7942178252246086)
(1919,632,0.5227883976340084)
(463,612,0.8241277560280815)
(2397,649,0.29635597665014346)
(533,632,0.7530530151214508)
(528,628,0.8226451853771047)
(268,657,0.531129383641052)
(1021,628,0.18228883794142225)
(1847,635,0.48094256326253426)
(304,648,0.7991471101643349)
(1382,611,0.1664372014918415)
(33,679,0.0830960019564182)
(2374,645,0.6774094782063751)
(1072,614,0.26734058421059637)
(1507,634,0.985893756313779)
(520,567,0.6330530247742232)
(883,555,0.22813928711931897)
(934,572,0.2781919875280633)
(774,640,0.2479958114148395)
(941,636,0.7426978023716949)
(782,622,0.9682225926906719)
(292,618,0.33949543549106376)
(164,590,0.052528626985535065)
(1188,615,0.3915593284342598)
(203,629,0.3726973761739064)
(2028,626,0.8962441833411282)
(1598,605,0.41634099282954606)
(1238,627,0.3251960948329593)
(2104,603,0.06891639452026277)
(1993,624,0.48879587912446143)
(1943,603,0.6861855666938272)
(1630,627,0.8153658798414783)
(297,637,0.6586451353808538)
(39,630,0.7669683592724148)
(1259,587,0.08707197995187654)
(795,676,0.9618721117981933)
(2449,648,0.4974133947665267)
(775,666,0.9421768782439621)
(2436,609,0.5057317979175503)
(435,625,0.935244682750261)
(1110,649,0.032462392186782485)
(673,608,0.0018486099691183977)
(2010,627,0.7829924872128258)
(2066,620,0.3487304696658644)
(1170,536,0.3903544919414397)
(641,631,0.07787552323945535)
(2224,663,0.773947143065102)
(597,600,0.4833217823462497)
(2112,610,0.6415100333232298)
(2437,572,0.9888061138130951)
(2482,648,0.4327046963534138)
(1043,599,0.3654332957336809)
(1313,643,0.49200720888807203)
(2250,643,0.6173950219601556)
(493,644,0.5638137594030295)
(2471,598,0.36784898501803687)
(2337,654,0.3528044370808082)
(666,647,0.8789851633580927)
(366,617,0.38745447664817934)
(1866,623,0.32887806179382606)
(1350,620,0.6109868276751085)
(1458,644,0.8915871520974461)
(2355,640,0.8510536759375276)
(722,631,0.6765623902446892)
(1694,609,0.630857189270146)
(1056,597,0.585995980451474)
(692,599,0.05719386607297683)
(1913,626,0.05005854188491332)
(1322,590,0.15196598538788586)
(306,608,0.39627336166976324)
(77,638,0.24138381819026045)
(936,632,0.4787396702075024)
(886,589,0.9504302794504108)
(1295,641,0.8652294851006728)
(287,661,0.1507982887854422)
(632,627,0.4501021323477079)
(2017,660,0.8919108797902718)
(599,589,0.3633420190171681)
(1473,587,0.8618889993260509)
(2079,605,0.27835939294675793)
(2033,650,0.5047526486683787)
(1795,622,0.1325754468521858)
(549,625,0.18050968107574417)
(31,650,0.7847010647797971)
(1173,638,0.21647638933636237)
(215,634,0.30200152877047604)
(1926,617,0.5303612413931096)
(264,658,0.9475431993476123)
(1331,643,0.8279985991715939)
(2455,663,0.26805452507168614)
(2243,652,0.22862612304055152)
(646,600,0.5668186068350407)
(725,633,0.43689322119397134)
(2119,616,0.6550675008630872)
(658,665,0.7334169042694533)
(1501,650,0.744676280457296)
(1936,674,0.9847592063989469)
(1851,602,0.7589843408054264)
(747,618,0.17175165959879557)
(2203,622,0.046166210863514245)
(42,627,0.1936241803207407)
(1700,619,0.5712582453983045)
(477,603,0.323043334595546)
(1684,620,0.261886756883579)
(934,645,0.8401026590398393)
(1156,631,0.7321337319133115)
(1344,600,0.050955677053909354)
(633,613,0.13089273142098568)
(1976,622,0.6329935089983365)
(266,616,0.3049558574201662)
(1730,623,0.33985142098871957)
(557,616,0.418820484484288)
(611,648,0.8964837192042485)
(1961,600,0.13812421394109042)
(1296,609,0.5396743435237025)
(1734,645,0.6303957315315599)
(1338,672,0.3767771937791119)
(815,609,0.7913098067524843)
(2095,658,0.07644546466579949)
(806,659,0.13573581218936548)
(1962,644,0.2328852355916402)
(518,621,0.9958789916703916)
(1022,592,0.7935695447733975)
(2110,632,0.42081630258713976)
(1162,618,0.361190842604028)
(1670,627,0.08741284776271896)
(917,624,0.19165012302092088)
(2220,594,0.4702342857747662)
(1860,601,0.7367462295102891)
(567,607,0.3582456157716537)
(2064,649,0.21676766921645807)
(2312,600,0.18162148205850248)
(1028,612,0.9047953147000759)
(1504,622,0.8989047598216452)
(1470,612,0.24424916895851656)
(1912,626,0.5837570034761456)
(1312,624,0.06908337102759599)
(1002,625,0.4264196184012232)
(909,623,0.6942987237172813)
(1445,635,0.03989925400378391)
(2189,605,0.10910185266798689)
(1502,589,0.9894183106450823)
(444,617,0.45377723322765795)
(1144,623,0.35955578291689116)
(870,601,0.8638132022195887)
(434,665,0.2853095821782695)
(2497,611,0.3803511937403553)
(693,627,0.7834455086614682)
(1354,584,0.6860929690821613)
(438,656,0.9571032493439866)
(1387,639,0.15375511241796258)
(1689,619,0.6871251753643274)
(1193,645,0.9057102606004961)
(314,611,0.22714048797664077)
(1952,623,0.9915093612757415)
(2147,649,0.44251628950630717)
(106,668,0.5706829632762944)
(1920,614,0.3687776797744091)
(717,660,0.890256478033315)
(1699,627,0.5458320997547943)
(1227,635,0.09161487444563543)
(1606,642,0.929288696880658)
(1126,628,0.3374025648517217)
(1789,658,0.08389286831210963)
(1731,644,0.004152084206641593)
(1331,614,0.7618480676485972)
(2253,590,0.6050881885181395)
(425,665,0.6675658968891584)
(1839,620,0.6080801890166272)
(1758,650,0.45668345147834055)
(1421,630,0.7209284363839586)
(876,638,0.49840640088134125)
(142,584,0.28143279972952007)
(1651,619,0.7583322860015085)
(1906,650,0.09562569190672376)
(2185,665,0.7363572640819136)
(1507,631,0.8825378748612276)
(1629,645,0.0357742380203937)
(2065,556,0.8003930774578322)
(522,676,0.8292158211035102)
(1666,632,0.6916909175516821)
(771,632,0.2216292857718175)
(1846,612,0.1593279509890113)
(167,637,0.9486723377407353)
(1897,592,0.6695264805964798)
(1597,634,0.6683268387048446)
(115,664,0.9474387066785069)
(1083,606,0.9481716820652205)
(432,627,0.9177901187664119)
(2439,662,0.5037748955590314)
(191,651,0.21497556116062633)
(423,606,0.5378685923483921)
(2132,567,0.8807070189499847)
(1708,642,0.9144025103974401)
(1504,651,0.8852614329854597)
(961,614,0.7531860604877302)
(610,587,0.7812999285589078)
(2175,631,0.661018609437732)
(1418,651,0.7644454867009736)
(2328,603,0.06183188741317969)
(1612,609,0.9934903250275025)
(558,612,0.2773798452499058)
(253,666,0.6867900112508085)
(2163,610,0.38775972587806096)
(925,618,0.27069020248676745)
(2143,616,0.1571839160259204)
(699,677,0.23580504656884704)
(1405,609,0.5621298881954132)
(1893,615,0.5128382434238121)
(1173,636,0.07051157355259619)
(235,623,0.06690220123676793)
(675,600,0.7702626481271097)
(2411,635,0.679772819456262)
(941,619,0.35176132656485104)
(1873,610,0.6374564264353031)
(2303,629,0.8853983538288569)
(1577,591,0.5673363125716471)
(1178,617,0.23240829150079334)
(1080,624,0.6613265837312376)
(287,630,0.28150496199060226)
(770,682,0.7412743881690328)
(1510,597,0.4063574625349514)
(2151,648,0.4059888271878225)
(1977,662,0.11020873354469007)
(1269,615,0.3480519154916377)
(1851,639,0.6366527101566938)
(10,652,0.5792388413111351)
(1379,637,0.09568472883426637)
(994,615,0.10476409380012175)
(991,606,0.6747969590240631)
(709,611,0.6251066114950025)
(1363,667,0.8928047010397367)
(1642,645,0.07509558306468189)
(1789,598,0.8093483328458512)
(270,635,0.30924595867324844)
(1930,631,0.7806575094652094)
(2238,653,0.6132680850092567)
(849,616,0.7403462596806344)
(1952,635,0.8656608980624677)
(1493,665,0.47352275386740394)
(1158,595,0.7389029739853863)
(1300,627,0.4643478622935393)
(2446,679,0.47595529607042053)
(1866,624,0.334529094505039)
(828,614,0.2541175844834014)
(1259,664,0.09368234628588568)
(1799,630,0.46561831902379014)
(561,636,0.050950238511470736)
(1851,661,0.8220073172682657)
(580,639,0.8703757697752993)
(418,597,0.13665632534020256)
(1317,650,0.5545644213302044)
(1493,617,0.6586833484194989)
(2295,614,0.1669125788218513)
(138,617,0.8054859104409977)
(2086,611,0.915605462340455)
(2185,596,0.847021569870394)
(1721,616,0.25935429813678135)
(1321,634,0.40018406835439735)
(1015,660,0.5835180725845432)
(119,620,0.3195638081931287)
(1678,629,0.517569206164691)
(1264,585,0.503989844154029)
(2087,635,0.1381328227046842)
(798,614,0.8308284561388971)
(2385,580,0.824330625483102)
(1901,615,0.3479284836578953)
(699,617,0.09008147194099325)
(393,653,0.12577746184067462)
(763,615,0.6865671259807657)
(1733,653,0.07621418904252131)
(614,634,0.7641705886893013)
(647,648,0.04371034470084745)
(447,666,0.31746444388596373)
(834,623,0.7301065558437495)
(1665,615,0.8761743595576461)
(1197,654,0.261452940536277)
(222,632,0.17779647898579332)
(993,615,0.7012414895385943)
(2053,626,0.09401498353928006)
(666,640,0.5415144779372781)
(2199,637,0.4069094914929531)
(296,618,0.06876135746799605)
(102,635,0.3240192472514949)
(2116,628,0.5838216950608376)
(1335,592,0.29011898417725634)
(146,613,0.3779347632822341)
(2193,602,0.21871777292965822)
(873,620,0.6204584093792684)
(2372,615,0.22417353312801558)
(1060,658,0.6683532585626841)
(1806,622,0.41114201396115624)
(516,594,0.3453333190421165)
(1148,608,0.6528874513477295)
(1153,591,0.39340508489693216)
(251,621,0.0292828026625499)
(1143,612,0.8107297556098522)
(432,623,0.3741687962950083)
(1658,579,0.15510265310746885)
(2161,682,0.9380023419487565)
(1915,623,0.010169702486954924)
(2355,657,0.6545020765512124)
(836,632,0.29000068934325374)
(1038,597,0.8993453594548341)
(776,619,0.3676035244156678)
(2383,644,0.01725103792649274)
(1083,557,0.7102258669553747)
(1673,631,0.45761715704277517)
(754,629,0.16259821189059576)
(1262,614,0.11127649364746905)
(1969,642,0.0038682345459246648)
(796,647,0.9208607710922835)
(2425,607,0.4837732205549985)
(418,636,0.1573771698727482)
(2341,660,0.6675807891520048)
(612,599,0.028187063331037154)
(163,650,0.4513731593158524)
(190,642,0.5143967291344693)
(1245,649,0.8248013804186283)
(1847,629,0.2782523918309032)
(696,588,0.13336231568660473)
(801,634,0.8774228447280724)
(2457,585,0.37559262497285817)
(1607,629,0.4065898677632336)
(267,623,0.7564377530138167)
(1665,613,0.9750693406866465)
(2129,620,0.8721985266209461)
(633,647,0.3799225136573907)
(1475,677,0.13260363014559406)
(844,629,0.07792329067285353)
(1369,633,0.606897068609822)
(2471,632,0.4271877555324991)
(1163,648,0.9888092791731982)
(1510,642,0.2655271395708907)
(2427,626,0.4084530100548164)
(1723,625,0.6256972594495998)
(1027,606,0.3278429436148248)
(1510,681,0.17854008001031418)
(199,623,0.5652026457038549)
(556,661,0.5311443128263541)
(2289,652,0.9909162102839065)
(1761,612,0.4177940226074489)
(2108,647,0.18238856975661433)
(1812,665,0.2691623524048239)
(1672,649,0.4043875709268806)
(278,629,0.49274303053650825)
(1352,637,0.5287153764374625)
(1808,641,0.03836214480081768)
(47,576,0.8447840614201603)
(2159,592,0.028540830483435475)
(2263,680,0.5247592278052855)
(277,631,0.15900272112910552)
(10,605,0.9389343288324967)
(2018,625,0.5563916392591951)
(954,679,0.24816566541682372)
(1070,664,0.5585746320460093)
(662,623,0.931161913263529)
(2487,615,0.4691362608582321)
(2213,630,0.2234357413993101)
(1630,589,0.9566338488489983)
(911,669,0.8030064119434881)
(2080,648,0.7444965029002807)
(103,659,0.8893266656825841)
(1817,598,0.834525551970507)
(1294,630,0.387365613286354)
(1640,599,0.5340199852941971)
(1157,636,0.46874318177214147)
(1918,619,0.2974449504277956)
(833,652,0.023074876779904052)
(1465,662,0.5470649871270347)
(1661,648,0.04015010726240298)
(1648,657,0.5404827228410581)
(1073,691,0.8869920837872678)
(132,604,0.7536339884668523)
(1133,619,0.3578051206553273)
(1571,622,0.7541350180129185)
(1509,653,0.6447526666453477)
(1510,618,0.6233148692302256)
(288,631,0.9515606493427043)
(1034,679,0.18073469352606353)
(1941,651,0.21301050872940297)
(289,665,0.673185349373269)
(1716,629,0.9980476965842752)
(2101,640,0.04738448442444243)
(1545,594,0.3654261813383659)
(2212,669,0.4252906818583677)
(146,676,0.2516481234583511)
(905,648,0.7470876728621774)
(1269,660,0.7445054241562722)
(1231,610,0.5663106122279096)
(657,646,0.5549131342849797)
(70,675,0.8387200203048996)
(650,623,0.2335004311964639)
(1126,610,0.6412012937391178)
(1984,661,0.6185955581588756)
(608,623,0.4346196108399042)
(1659,632,0.4607455277510438)
(730,580,0.6568690654544342)
(2341,622,0.059220964528662656)
(1585,595,0.5514293419066628)
(11,584,0.7532542028849987)
(1770,640,0.909990643596578)
(2321,663,0.875476159276728)
(350,614,0.5312057582142158)
(1583,649,0.09760881840574498)
(2311,638,0.35846863652567984)
(1857,634,0.12340566154739063)
(425,670,0.5123495457898865)
(1565,620,0.9129959711620528)
(1447,623,0.01666895967036175)
(1233,611,0.33250174812797617)
(1301,645,0.14957316922670782)
(436,611,0.010897157492644083)
(2436,612,0.5279555288017764)
(1881,609,0.47475756694837234)
(1960,633,0.0016769135719538752)
(1900,664,0.8868473317129948)
(687,685,0.9260202055600153)
(621,613,0.7387627067895727)
(1986,639,0.7857263813102914)
(1047,645,0.02369068840149835)
(2419,602,0.5718736120776483)
(1065,609,0.5118759354073362)
(1162,598,0.17819269338548882)
(363,654,0.47866447307875093)
(493,630,0.7800233750298071)
(176,645,0.2996801510316389)
(1401,655,0.8638116210550071)
(2209,603,0.6360502243871968)
(1961,655,0.6775810659589322)
(199,608,0.5619795362581446)
(1028,637,0.9858952026555061)
(399,643,0.33424670270182466)
(2141,638,0.8716293225720891)
(90,643,0.3871774225035044)
(317,628,0.8954513001168247)
(2,585,0.6001755793059871)
(183,621,0.6868690973095966)
(1361,580,0.4012764481647605)
(1704,605,0.04001010690760465)
(1390,607,0.3250212186043018)
(1082,591,0.37574486950508124)
(613,646,0.9564406955413148)
(1923,598,0.671090277115814)
(69,655,0.46592740855073256)
(89,641,0.3850166858143339)
(2346,627,0.962956798303608)
(581,651,0.1371750271075992)
(1389,607,0.9078561383361531)
(842,637,0.44975045890454723)
(1575,628,0.9355219793627291)
(2088,612,0.7328886303990637)
(1125,606,0.5687173451181928)
(1327,638,0.08418763548215602)
(2274,656,0.4213664496715409)
(1159,645,0.3622543607533012)
(1567,601,0.7770188166140937)
(1142,635,0.14482337614748686)
(2210,579,0.9371610309840035)
(274,626,0.08361994710915432)
(2244,620,0.9156572134997555)
(1373,639,0.7387906934182012)
(1323,609,0.5069155554503274)
(2258,612,0.5498838102721108)
(2199,622,0.3242527151579915)
(1878,659,0.5238770660814489)
(79,627,0.7898639306110131)
(2439,594,0.9224897323116404)
(2115,629,0.5235969100025117)
(1524,618,0.8411038751871099)
(2107,610,0.5693354838589164)
(922,646,0.5626922240482389)
(74,601,0.4882579929780827)
(2056,616,0.6987225141593829)
(2471,622,0.16600981704866136)
(823,630,0.49177041796411547)
(2282,606,0.18312836648511932)
(354,641,0.818133978226779)
(383,678,0.5551230189712283)
(1457,595,0.6428077800327593)
(2484,643,0.7062805678563231)
(1123,617,0.33272734021226)
(2291,554,0.6627201060384422)
(2151,570,0.07131382766111105)
(874,645,0.46858789288862723)
(931,615,0.7677251048464491)
(425,583,0.9570128214822735)
(2453,614,0.24321382913623268)
(2255,631,0.009323625112937162)
(1434,631,0.4287911810756897)
(1685,625,0.15386236558886046)
(1305,602,0.04653267876371958)
(463,585,0.7173862676370554)
(1608,626,0.3258514115084309)
(306,621,0.05147624006597007)
(524,607,0.9715960311138534)
(773,633,0.673649129481259)
(2057,618,0.0445386976233243)
(617,630,0.07730392425652322)
(2331,571,0.140803328342063)
(2358,622,0.2991350621722585)
(328,647,0.8865190819255441)
(2416,612,0.23037775687146445)
(1637,644,0.9483280298091797)
(1353,590,0.6902121354593111)
(2233,633,0.8625991680879714)
(1658,658,0.5052740465669214)
(2383,610,0.7513469180810931)
(1218,633,0.20599292031511263)
(941,666,0.5420554023680495)
(1922,609,0.506195848834133)
(752,591,0.6429459375582215)
(2199,634,0.18229680712151175)
(854,632,0.5474044814100142)
(651,628,0.005276753336776796)
(2020,618,0.6166774261668604)
(315,604,0.3135777801872862)
(1472,657,0.21229937636539675)
(1769,613,0.05455569812334771)
(2266,660,0.3257114773048704)
(2161,648,0.8931185559587747)
(703,621,0.9848173890073622)
(679,576,0.3443989315043644)
(912,625,0.03680020702450837)
(1659,628,0.8811783195020042)
(133,612,0.342949100163796)
(432,639,0.447143269099913)
(2419,645,0.9795305041855611)
(1199,620,0.8899591474041909)
(1603,604,0.5301219388205126)
(616,604,0.6616854879208939)
(285,605,0.20344201823703445)
(1016,638,0.6373427783921355)
(618,625,0.1468131532850181)
(1162,563,0.6221576013896319)
(2346,628,0.09221114618517057)
(867,659,0.002080742774129618)
(1399,639,0.9734392490231769)
(2291,568,0.8725645786970163)
(2181,628,0.8212777087153023)
(842,633,0.05889960469904609)
(83,654,0.8607737366771128)
(2242,621,0.8120091506739151)
(591,632,0.8948781609699946)
(954,603,0.8165774352981214)
(30,605,0.5739683564000835)
(163,612,0.7207799194450591)
(1859,637,0.7646964667735896)
(1083,605,0.00996186703548596)
(517,636,0.21514323438844796)
(1861,620,0.365238203734493)
(840,638,0.8929182963314606)
(227,647,0.3783669684847112)
(394,620,0.8751740598511716)
(1745,638,0.1908691995329248)
(179,632,0.6841008566444721)
(1298,653,0.7189156469548387)
(1541,598,0.4832761719254246)
(2423,691,0.9200735730367129)
(953,640,0.7454194690224705)
(2092,627,0.42166427923760563)
(873,663,0.27019700687593584)
(635,608,0.055615323772096104)
(1830,604,0.7323716053709314)
(31,637,0.1241195484288864)
(1333,608,0.643214013126067)
(434,644,0.30767574918328966)
(1920,643,0.3798944602420937)
(238,618,0.082475844016895)
(2473,633,0.1672109443874008)
(2423,627,0.8615201348912261)
(2107,621,0.5793505881156146)
(882,635,0.03012770879551241)
(711,652,0.531813976724598)
(2192,664,0.9438785805911435)
(2406,609,0.3941379438758815)
(312,630,0.5093321116289785)
(2240,638,0.3226682726138106)
(810,619,0.5659278232905051)
(1060,654,0.44018057587053805)
(211,611,0.1280455603196602)
(1922,598,0.829875492811874)
(461,633,0.07477381221216184)
(402,626,0.7965408940632294)
(434,621,0.08983877023312237)
(2348,621,0.3824003048774718)
(491,641,0.5622238980434495)
(884,630,0.9448061003043904)
(1045,616,0.5949075645496128)
(2162,639,0.05718928506427523)
(1689,632,0.4852018222517802)
(1890,617,0.5492932063560779)
(1309,631,0.9883024470143642)
(1524,678,0.9699699059061062)
(2133,567,0.776450616416917)
(867,592,0.38961396688273)
(1959,650,0.6961859136397042)
(2403,617,0.39593143303715217)
(959,622,0.524532305891538)
(561,615,0.19231108150126897)
(2058,580,0.8029908435916713)
(712,632,0.33129013194302503)
(69,597,0.3576390732781075)
(367,653,0.2337997761137246)
(262,607,0.13901621590815938)
(436,639,0.697517956316138)
(59,698,0.6805195785581513)
(1721,598,0.44681243403093296)
(996,620,0.3228297835515991)
(181,596,0.420845430956868)
(698,635,0.36481434440763316)
(428,631,0.45251537391448615)
(95,590,0.21407560397482495)
(267,622,0.9855040702006383)
(2027,597,0.24462959098471782)
(1711,610,0.5115239585772583)
(1688,626,0.2673065737819429)
(511,647,0.5301064711671066)
(1854,629,0.8059300869590731)
(2191,633,0.7117512974510295)
(379,629,0.019442309307937555)
(1769,600,0.41927645145863335)
(1603,636,0.06976314594748922)
(1335,643,0.8836073087316425)
(306,657,0.9293500847011836)
(1469,613,0.7333910689458871)
(2279,640,0.8321352895968138)
(1567,645,0.8780147900941351)
(2388,642,0.3907717386277503)
(1860,640,0.2201836210628626)
(942,615,0.29035505847470966)
(688,622,0.11634219810867585)
(715,612,0.7394403592894074)
(2273,624,0.7832905477134177)
(169,658,0.34520845602552674)
(1200,641,0.8644345881311433)
(259,637,0.1480223272695017)
(2118,604,0.9332419409937095)
(699,660,0.8857694252870495)
(2328,623,0.9226736153329202)
(2367,605,0.14856303857784892)
(325,602,0.10339500362728571)
(178,610,0.8883864599641373)
(955,619,0.9422744696204528)
(1361,654,0.47802443733937283)
(1865,665,0.2730822470704851)
(1191,635,0.6335938113711191)
(1223,582,0.28256692341886014)
(2475,605,0.7128372945515344)
(710,575,0.500148078032262)
(522,653,0.33110643110995375)
(688,627,0.4122837267147691)
(2122,595,0.26378346239763273)
(945,627,0.48762507701831903)
(2300,650,0.3197358857454806)
(1845,609,0.40090469493005876)
(1407,594,0.6769613710478785)
(1222,597,0.1494386794941006)
(2260,621,0.35134927418756634)
(1077,596,0.4606501989738767)
(364,654,0.15594136206554354)
(672,619,0.2364767030803524)
(1593,631,0.030563668060887617)
(1293,621,0.23981495473033554)
(874,624,0.9914811664561629)
(595,645,0.07147518023257071)
(424,617,0.03423773434411548)
(1261,647,0.6516862490042015)
(1721,633,0.763912574624963)
(2300,566,0.8187749730967266)
(2086,589,0.7678946154664537)
(2499,643,0.7432870265662606)
(2473,623,0.26733842655106765)
(378,601,0.5565071922081058)
(2071,628,0.07861902868743265)
(2179,632,0.8858876384048425)
(25,615,0.4360725762134037)
(940,630,0.738746409165337)
(507,608,0.5370070421936439)
(95,660,0.46402594679225484)
(388,589,0.9431201779235069)
(2319,611,0.7237755460336173)
(1516,615,0.43332116136907806)
(2316,608,0.3497565636634582)
(2090,620,0.653257971386915)
(1521,623,0.6885519824194125)
(1009,605,0.13105325400637202)
(1432,670,0.08471886580897403)
(761,603,0.11360785091853409)
(2190,601,0.6018348924556847)
(1905,656,0.5073929090629116)
(977,633,0.405181073429138)
(1636,659,0.742965625829946)
(1558,653,0.3899875516574466)
(2157,636,0.8453796326694936)
(2295,620,0.2797702296820421)
(968,650,0.10926283955336324)
(307,617,0.4421541334013478)
(2082,675,0.522861489216612)
(2491,628,0.31032485783447084)
(1624,664,0.11337588927938924)
(979,618,0.4935484426431561)
(1565,595,0.969753774858053)
(1947,631,0.11719856326349676)
(975,617,0.8188947438750442)
(616,654,0.9804791388767384)
(2052,630,0.24442910670317985)
(1470,618,0.0037679496794960077)
(1065,641,0.9209870432398802)
(1029,657,0.3635406742387097)
(1539,590,0.5643338490820609)
(528,614,0.2821392219111094)
(1824,621,0.8572629437922004)
(1102,620,0.878985325766576)
(110,618,0.24473411465881645)
(1166,658,0.5807979531974753)
(2270,624,0.9009695481444727)
(2385,668,0.034744187591825515)
(1075,644,0.6979156211636224)
(88,667,0.2706864003952323)
(1166,632,0.14477210099691573)
(144,608,0.9873186781390254)
(1067,687,0.6694858496271584)
(347,570,0.4753846731339202)
(2241,638,0.39362255097701204)
(2311,627,0.10988689473606461)
(394,615,0.07972394805561034)
(300,645,0.24394904229327974)
(1144,614,0.055479005413379356)
(1088,666,0.40222751291069603)
(2489,614,0.695266359800703)
(1691,593,0.520195877682918)
(2215,606,0.4425040803180611)
(1401,600,0.6439596018826949)
(929,652,0.530188154024585)
(397,588,0.5878792460384191)
(2150,633,0.7362010843511351)
(1021,609,0.8790793485438577)
(221,576,0.5547085601174594)
(1080,636,0.11946189173262034)
(2053,575,0.9570004858775601)
(2052,646,0.011736859782881082)
(373,665,0.14208605543477404)
(1732,639,0.21200406086868984)
(402,631,0.5324558297897077)
(161,644,0.3585948631196102)
(385,636,0.46514699097589907)
(866,586,0.3537699570914866)
(1295,632,0.2117731020406205)
(1359,674,0.13734106477039587)
(1805,647,0.6029302111674153)
(45,625,0.004730761014333451)
(1475,625,0.5076034788941496)
(2120,642,0.2819271603560072)
(535,618,0.48061914560391406)
(2428,618,0.9075726451767858)
(1610,598,0.9122340446528889)
(1117,601,0.8406370080219185)
(1493,628,0.6939943415413777)
(1027,610,0.2034798634858931)
(674,598,0.8859448394005269)
(1961,638,0.23122572979964306)
(185,603,0.39905603421873914)
(1831,596,0.8243462214976548)
(1799,614,0.5211354519213854)
(1968,637,0.7172864588206683)
(2407,614,0.7826828405803625)
(2030,644,0.11601506619288937)
(779,594,0.0935996939752417)
(2237,581,0.6513362979167882)
(994,628,0.04277890069850576)
(1105,586,0.525872045310242)
(2260,619,0.694097265339221)
(1233,635,0.8212102040625137)
(954,636,0.12397052671212339)
(1764,627,0.794328514756828)
(1599,587,0.39412865616359494)
(862,657,0.3460490617363102)
(222,609,0.7510867117469525)
(2443,574,0.11814370985877098)
(2312,616,0.10895189257062832)
(2021,616,0.6396038904521146)
(1330,636,0.026091460624431906)
(52,629,0.15844235244284788)
(1262,607,0.4554229056044691)
(1212,630,0.7680569333183848)
(2487,638,0.955165617323573)
(2204,619,0.21671016831754897)
(76,628,0.22758734853420604)
(299,574,0.7644772900822963)
(238,590,0.8330455098916326)
(1346,634,0.28854977525133174)
(769,625,0.8024675684456286)
(2164,660,0.12651640612265702)
(786,659,0.3634284162663368)
(1326,650,0.47516566990609543)
(1210,602,0.23391557563936627)
(1674,585,0.8463903645439705)
(141,644,0.5667015560915843)
(1144,624,0.7463724933399729)
(1065,572,0.05261945100184362)
(1579,641,0.49401645721814047)
(568,599,0.5348064838568667)
(2181,630,0.717603573581266)
(2294,607,0.1678838239940773)
(1468,639,0.07720627403435432)
(1340,653,0.038047764659292826)
(1173,609,0.9869903708798938)
(1711,656,0.10361263995282399)
(303,630,0.23847005669760202)
(1698,647,0.5754000609540817)
(1121,609,0.2660173843085587)
(798,625,0.6546963447260784)
(1458,612,0.010895554618268521)
(1017,638,0.5205240553716133)
(1360,613,0.17899580167894302)
(271,641,0.24088900738927344)
(598,596,0.6823733102332842)
(2191,623,0.7296645551091012)
(587,585,0.20524635410960146)
(1182,652,0.6753496567966975)
(322,601,0.1430439101430787)
(2492,665,0.12362285208507218)
(1441,649,0.2555369190441973)
(960,627,0.1935672763546985)
(273,617,0.8708238848600434)
(13,649,0.591757665428438)
(1241,661,0.2890105253861418)
(2007,611,0.9239655966542953)
(1241,617,0.20560673315376243)
(1838,645,0.7737783171526741)
(12,616,0.906522378251321)
(1008,569,0.5081948523819808)
(1640,652,0.6185700317330808)
(602,665,0.1862759336547699)
(2342,617,0.08389946075228494)
(240,664,0.58837865146891)
(1665,614,0.26765718122138105)
(1287,629,0.9325875589692446)
(1186,601,0.38461388734404856)
(598,632,0.08424441544279537)
(24,647,0.06690232807830354)
(139,626,0.23724855858761795)
(2268,612,0.14828556205316512)
(712,650,0.3339777723066948)
(579,635,0.9868922121303065)
(405,617,0.839346930373347)
(2217,659,0.9978157119657762)
(1066,631,0.11786962336370532)
