(2033,664,0.3221832186817527)
(492,626,0.25276276122751773)
(738,614,0.25470848009118285)
(1686,617,0.05851104337098956)
(1452,626,0.8778151113613313)
(1382,641,0.7629043606572148)
(1583,593,0.20913955660038175)
(177,599,0.9431419034258177)
(751,648,0.4957697925280925)
(1799,646,0.46725126309452447)
(214,648,0.20079966240485692)
(1825,645,0.9648665259670096)
(1444,624,0.3274350683143529)
(1385,633,0.9736705243343584)
(2119,627,0.8040954547034015)
(1950,591,0.21991086287509964)
(1520,650,0.7251958622209805)
(599,642,0.38788075241146125)
(435,597,0.9560431029411771)
(2213,597,0.21115633198048656)
(128,591,0.7351250031287959)
(1867,606,0.961569965030636)
(1994,624,0.7493820507999419)
(641,634,0.15806025821898928)
(2260,603,0.9964307456008884)
(2454,643,0.317587575081257)
(151,644,0.13378206425980443)
(2249,617,0.36831602227498894)
(806,604,0.3714279005632358)
(2476,640,0.83920623573731)
(385,662,0.7634553133044303)
(1595,661,0.6608838013224162)
(2258,609,0.281394935445502)
(2179,635,0.8243504029111204)
(1501,634,0.10841642994105416)
(1728,639,0.18997649291012897)
(825,609,0.9511263217152349)
(1237,603,0.9666056469241147)
(180,600,0.5685517069660894)
(1367,643,0.9880314305536565)
(611,653,0.2512407224177745)
(1203,654,0.7660512129975591)
(436,585,0.446536989249808)
(1686,653,0.4279613256378104)
(1656,644,0.05271007213471535)
(1492,615,0.2304188537034767)
(929,636,0.28791864329421635)
(592,648,0.45912505563767925)
(984,607,0.6770728978133994)
(1927,623,0.5846821675050436)
(1398,651,0.9193233195086749)
(2478,648,0.045270898982303076)
(2255,674,0.9483784999925681)
(1947,586,0.6550283169912419)
(2356,621,0.8279839340676379)
(680,639,0.7598693207817505)
(373,646,0.4988187563568761)
(1938,631,0.4356673712296375)
(2001,618,0.15968995541656006)
(288,629,0.11214002825693203)
(530,643,0.010533348611035054)
(108,639,0.3105588127620652)
(2379,671,0.891363759245913)
(193,602,0.9738248912474485)
(1288,579,0.059323492949057144)
(1570,621,0.8182213958029659)
(460,576,0.6344073836729739)
(907,634,0.04887104533299147)
(234,641,0.323997435056792)
(427,593,0.5966336066949712)
(1219,661,0.49741130061323724)
(1927,642,0.06534214076865952)
(1974,660,0.6884435302309411)
(2060,669,0.14304537547121687)
(2041,636,0.02278882661050985)
(1322,646,0.8572814419924245)
(2174,655,0.8970833539022258)
(1676,594,0.1719005716135441)
(1427,626,0.9798012111796747)
(1732,630,0.8471469179627039)
(1523,595,0.7981633082928768)
(1417,647,0.746208786982293)
(2233,574,0.8054242620683406)
(1939,608,0.898439790636001)
(1588,609,0.29604102895283435)
(1118,643,0.4829658321398477)
(16,602,0.24431695260211228)
(166,595,0.3768600076790797)
(275,574,0.5573524207024151)
(2294,645,0.6112467353077543)
(2056,588,0.7186270574410576)
(759,624,0.9258436233307886)
(597,641,0.41758425651655895)
(627,620,0.966631893181849)
(1338,617,0.03613964578090434)
(913,610,0.9200010203221092)
(191,582,0.2809537100858308)
(1074,633,0.9998692691347537)
(949,634,0.3423190902942639)
(706,647,0.5831194204593847)
(1847,639,0.4566942212357149)
(1022,615,0.013896399758855371)
(1633,624,0.825607769931605)
(49,637,0.9069459560508588)
(1645,624,0.09757028428911729)
(2465,597,0.6472234977335576)
(1126,622,0.5378853913883592)
(1988,624,0.037561104636660736)
(639,628,0.8043516916910706)
(266,633,0.13195928163277182)
(514,600,0.9223047684434059)
(347,661,0.8892835183929751)
(491,617,0.17735232568243953)
(613,629,0.7355841699388924)
(289,660,0.37334902664899083)
(1967,609,0.6890694830438348)
(2469,611,0.06616649068204028)
(430,655,0.6890763363990144)
(92,608,0.5347121905533564)
(882,573,0.289861238347512)
(706,591,0.9613873119141891)
(371,621,0.6511857061015567)
(1201,628,0.7256830580208663)
(77,601,0.13534181079778007)
(1148,630,0.48791113724445256)
(663,610,0.40962749675575116)
(705,634,0.9583507351509731)
(954,663,0.7754262193368822)
(2437,660,0.40230592756084405)
(2064,623,0.5653036256007983)
(885,640,0.455651053388722)
(1964,620,0.9578596762109179)
(796,604,0.514730684671231)
(1751,647,0.45974242256068953)
(991,644,0.19139393317594933)
(804,637,0.052520153648104584)
(1618,612,0.5210680115712962)
(851,636,0.9341617035128833)
(960,655,0.6773087652863451)
(1672,663,0.42471093803707116)
(733,640,0.266717545768796)
(69,619,0.7576659273371151)
(1347,617,0.18804991739149568)
(432,622,0.8402815810867151)
(1781,658,0.02923590433206935)
(1640,615,0.23206485994960313)
(219,584,0.543703687971087)
(971,612,0.5683897517077237)
(2127,586,0.30024758022790154)
(887,641,0.9164147773845809)
(535,610,0.5294758226658929)
(1650,623,0.4616264184309937)
(2345,627,0.08529449161341074)
(1332,681,0.6368989952049621)
(647,582,0.8851946012211495)
(129,588,0.7027587456444174)
(1833,619,0.6816689575679792)
(32,612,0.9062827414581115)
(2225,615,0.7645808010574408)
(2332,658,0.14450467783081633)
(2160,561,0.2265535151005188)
(1126,668,0.7765035164210197)
(450,626,0.7539473098103393)
(1372,676,0.6637296747126219)
(1367,559,0.076669858984443)
(1813,624,0.035202556849737054)
(2159,666,0.9786762951620105)
(2410,607,0.6740810027451392)
(704,604,0.024491580422217885)
(1295,643,0.4491293355587306)
(2341,595,0.29012649550993597)
(2327,605,0.9180394326098077)
(2200,658,0.21298975006522924)
(2313,628,0.258662681495224)
(2464,636,0.1465925626174015)
(2393,642,0.7780251424813636)
(297,656,0.7426205230012175)
(1383,602,0.9185815955095593)
(298,654,0.41880299389684517)
(916,661,0.4377256084486997)
(2175,587,0.9166255580094963)
(872,623,0.18680937197211656)
(1054,587,0.18996910966071723)
(82,597,0.7143261759455651)
(663,648,0.05296827600805831)
(1695,607,0.2869071754918944)
(706,600,0.12912048401813814)
(1020,605,0.12117805718950414)
(1865,649,0.5389443711168795)
(891,636,0.42408455903127495)
(1912,631,0.29187846460769684)
(1995,597,0.08903294503730497)
(1186,625,0.5051715019723326)
(417,609,0.7360515225083626)
(524,640,0.9311603595620884)
(1219,605,0.074122811569864)
(2127,626,0.6840609198335292)
(1378,636,0.8847930280879963)
(1347,639,0.523024269574084)
(2012,614,0.3732918257366622)
(1176,589,0.7030430067958235)
(41,661,0.23605553307598126)
(2007,619,0.05610952835162075)
(278,642,0.5182897163546462)
(592,659,0.17245141570762768)
(154,629,0.7363046655309045)
(2418,647,0.6215603416548371)
(179,651,0.5144078477197687)
(327,593,0.5275203546023731)
(1615,692,0.9502028429881145)
(845,597,0.07308057243750143)
(2245,622,0.8608219105219918)
(165,581,0.2583738689791891)
(1387,607,0.6212873764997737)
(134,623,0.9588987072171579)
(1958,691,0.007199624773942981)
(549,637,0.9104776063509692)
(844,643,0.7734394457032191)
(77,621,0.6539540252569467)
(392,625,0.2535234260993462)
(1241,616,0.3248737741729647)
(1900,643,0.6715071156597491)
(1806,621,0.869282311826369)
(620,597,0.4308246522186997)
(1025,616,0.14348243604024946)
(1931,622,0.9347834148896044)
(1881,617,0.2850457383885483)
(1733,638,0.3835321603668599)
(1257,638,0.5477329178752397)
(1686,581,0.01392895499698632)
(2436,626,0.9391938293767687)
(482,638,0.07696566263553928)
(723,629,0.9967239281077155)
(2081,624,0.9787550631076395)
(308,609,0.8341652781444364)
(278,634,0.5738074556384862)
(119,629,0.6766237441604334)
(1186,672,0.3258795304381663)
(952,634,0.7266522099386465)
(1327,627,0.3852059835528956)
(110,649,0.6974503921475573)
(2479,647,0.6850216076497226)
(2092,586,0.38339744712735124)
(641,651,0.6237565891574035)
(1879,589,0.023420229541054383)
(1558,624,0.8127177386126446)
(2377,660,0.7698257994392373)
(1497,624,0.2925422443163985)
(390,656,0.9311799715644676)
(1362,614,0.9213480522505275)
(198,636,0.9641397063930937)
(2278,620,0.24707515836602356)
(273,688,0.03514236416427141)
(591,607,0.4284927187759413)
(842,630,0.5673098776637127)
(1274,618,0.4055982820417916)
(1772,660,0.7515500365881361)
(2437,618,0.13703758668941035)
(1996,601,0.02006040208764981)
(1959,603,0.6994953022372048)
(1229,639,0.8400200332330071)
(1107,635,0.8669409053906876)
(1823,618,0.6684592551950908)
(396,623,0.22162501005775026)
(1708,616,0.4294558051579541)
(1499,595,0.028378872887621642)
(1785,604,0.5226403043996658)
(606,643,0.7078164258627982)
(2003,597,0.134671532414677)
(1586,633,0.9433934144155903)
(914,657,0.27904771164939657)
(1470,600,0.9761611529532305)
(1549,679,0.30841728218801534)
(1819,615,0.5009852135749329)
(228,607,0.7228551568890091)
(1947,620,0.01678412977505228)
(1390,662,0.7195799727691584)
(1983,577,0.04632533455866028)
(426,619,0.8131688515837131)
(1167,626,0.2000609312011007)
(125,617,0.7037921840968134)
(672,635,0.36636960976809974)
(1434,595,0.9033249170169569)
(882,617,0.7992408782722049)
(2304,664,0.5848302362365002)
(634,660,0.15653846115315662)
(2245,623,0.23643524996559762)
(621,645,0.6323834813140589)
(869,620,0.8984543044744311)
(1391,599,0.03151672572855746)
(1183,625,0.6752973083976345)
(1817,618,0.8553240370344615)
(525,677,0.0837475487900623)
(236,638,0.3073995368805378)
(1,660,0.052197040996013966)
(1128,626,0.09828991355693217)
(1398,622,0.5925124636203826)
(2498,635,0.3418881151158747)
(2403,587,0.5964225356377919)
(526,591,0.24672759317714454)
(413,630,0.5973794637490234)
(1602,603,0.6736548428376306)
(1607,615,0.23441020867769125)
(1237,609,0.6539571859715023)
(2271,622,0.8178114028570231)
(1468,605,0.09529383748050979)
(35,644,0.010609760379941213)
(230,694,0.2919289801116076)
(1098,658,0.6848638087945087)
(266,595,0.8866799976166483)
(2272,640,0.5634459235451486)
(249,610,0.39950857485254243)
(1548,624,0.737651555802199)
(379,622,0.9004650661640963)
(1388,627,0.2641982482842211)
(794,614,0.6771347774294846)
(2416,627,0.6313882836002578)
(1697,620,0.9622499065044662)
(2253,683,0.3291866381993046)
(202,643,0.7240293867875021)
(1485,612,0.2667479806400308)
(301,648,0.3713268304555759)
(882,630,0.896016302390686)
(101,629,0.0959474109470917)
(1941,629,0.7519005300642647)
(669,642,0.4612982195008981)
(1102,633,0.7006915253691156)
(731,602,0.39465647694803985)
(156,639,0.8867753238160584)
(1091,605,0.4804842664747361)
(1626,672,0.08284084501981659)
(1507,648,0.5942498100920873)
(2268,671,0.23732976758031177)
(1516,641,0.5098734105786173)
(144,660,0.7100350839741852)
(1319,628,0.19442548111533875)
(1922,657,0.3466539584009958)
(673,643,0.902958955433541)
(2203,596,0.9025999723280554)
(1277,581,0.8149644824571927)
(433,629,0.9063026611545112)
(2134,605,0.4150599253781665)
(438,643,0.6422531181915543)
(1741,655,0.21281991532200417)
(2158,639,0.7233803209000188)
(1272,628,0.12885237634462554)
(1918,622,0.5164429612874673)
(1680,605,0.6054902874877978)
(2266,656,0.6101451121184469)
(1549,623,0.2750949972395752)
(2333,605,0.3935829872853406)
(1117,640,0.046801461483656936)
(1802,627,0.46643723721477104)
(1852,644,0.3727087090438368)
(979,636,0.22343541167796643)
(973,619,0.6958021473788167)
(2383,658,0.41768685148276086)
(2089,657,0.3077336463422313)
(921,611,0.09970306253180039)
(2351,641,0.8793408094114747)
(1757,625,0.2878587793380101)
(1077,612,0.17301448920414042)
(1605,606,0.3504834450816915)
(833,659,0.35275413342381756)
(451,633,0.8176415607344092)
(639,635,0.5720291951807961)
(600,640,0.6403276446302049)
(595,637,0.5617547312717062)
(406,586,0.7219998304228535)
(938,642,0.2177660356903266)
(990,630,0.31176724311481385)
(1038,658,0.4143399759052827)
(688,609,0.5234615873522749)
(1775,580,0.9223592288681683)
(1790,635,0.9629439936310581)
(2482,594,0.08434293038095986)
(1278,589,0.6384446721551021)
(1975,611,0.7893294069753337)
(679,610,0.3863100893222723)
(824,588,0.9083022283326285)
(793,634,0.14048944493377047)
(367,615,0.6341114550640887)
(186,624,0.48891421253517386)
(1134,591,0.46966768970132966)
(1902,595,0.5046268053311534)
(152,596,0.8341277607558335)
(1281,616,0.1710905511959765)
(1798,606,0.17584314365119957)
(484,641,0.9969207113772511)
(104,649,0.23034480814949643)
(2320,595,0.41270898159774627)
(536,642,0.03618912003627406)
(2106,627,0.07462240169625711)
(1357,608,0.1222930005829782)
(1055,598,0.32255998181923307)
(1041,620,0.0869961877442097)
(782,597,0.20863907706107687)
(2041,619,0.34871881268514193)
(590,625,0.7790562811371532)
(840,699,0.2840009111838543)
(470,630,0.27990753766268495)
(2141,593,0.37402906925954604)
(1305,578,0.05610196847931803)
(1996,605,0.26374098620777253)
(1203,622,0.48396616943906456)
(1325,584,0.5092324105605018)
(510,652,0.4316770399187634)
(1837,610,0.34751598398499695)
(510,635,0.3019400747179195)
(1131,641,0.3622636598901311)
(1696,611,0.26394706945490143)
(2017,639,0.7329492434324297)
(1326,595,0.30613142197612575)
(2295,639,0.8213557110628112)
(1401,657,0.8976464841303601)
(2362,597,0.8526819914233177)
(1031,624,0.11882684484467443)
(231,624,0.5154914016144809)
(1400,608,0.6152959513511037)
(2372,630,0.2858974350772594)
(1314,624,0.9245184720263124)
(452,651,0.20064560373739648)
(468,632,0.46377901008891287)
(1838,633,0.4706333591509102)
(2113,640,0.6825111359071787)
(2065,603,0.9612313069864088)
(1170,680,0.6145249950948257)
(834,618,0.7334520745007762)
(1794,618,0.8598334267993915)
(1056,619,0.5944726829527058)
(1001,601,0.47012524146321755)
(1356,634,0.6868787919485332)
(2458,583,0.6427707927616932)
(210,623,0.1308255415217806)
(1664,612,0.29894041485895384)
(1532,620,0.49352235879886475)
(811,593,0.46926592011262813)
(145,620,0.9424434564350672)
(184,614,0.05593121415160829)
(351,626,0.49408883201274323)
(1829,609,0.29914356578476864)
(1708,617,0.6329352765481796)
(1648,614,0.384114826526893)
(1509,662,0.014467227946309946)
(1529,629,0.8791953653613231)
(1455,591,0.04779359676177253)
(1937,620,0.8662126057908703)
(1243,598,0.6435523862783405)
(1063,636,0.764794971565461)
(241,637,0.8279611573259102)
(1606,632,0.5451559237381586)
(2074,642,0.16722050656359622)
(516,648,0.22943799672419396)
(2447,599,0.5132464826120201)
(1186,637,0.6909118742716016)
(1072,624,0.5694898160279819)
(927,588,0.9433349233796832)
(1902,628,0.2994453902176367)
(215,603,0.43920353310333304)
(470,574,0.870928036934599)
(2372,633,0.15060762121497095)
(2006,608,0.4113916535349591)
(774,630,0.7740586377296438)
(836,603,0.7576869882942603)
(50,629,0.322063811000902)
(1291,602,0.8976397851992203)
(794,654,0.7097650790579221)
(818,635,0.5472795365479572)
(1181,630,0.7750087200308722)
(2202,592,0.9719330732393081)
(969,641,0.7524396677407587)
(7,622,0.21464977706158694)
(2429,609,0.01567879263623373)
(1651,628,0.7439066616332304)
(1123,666,0.2907812278100552)
(2268,564,0.7335041448366916)
(1647,617,0.22128911481800673)
(1619,590,0.7585508918046119)
(1129,581,0.7855772370024298)
(2290,613,0.7262255436132595)
(185,631,0.11676160166085703)
(1077,652,0.3024863282576107)
(1115,594,0.6486248540612045)
(483,589,0.7027213726589601)
(2349,614,0.12955567288154224)
(741,687,0.20709336389679744)
(708,703,0.2845042069447018)
(1393,639,0.8081450962079628)
(861,648,0.5510025309642745)
(2383,631,0.9962052919189732)
(202,573,0.5964160003982614)
(634,640,0.4198910355054556)
(650,632,0.0204671346550781)
(674,637,0.14683335762226424)
(17,654,0.39848410527484057)
(1314,614,0.5032986329191307)
(258,638,0.6262900123312167)
(742,640,0.29241476532598787)
(2298,630,0.2199923233218929)
(894,600,0.38627262094637116)
(1860,649,0.3792500499902345)
(1785,637,0.32711902739746235)
(439,672,0.13613937093507467)
(1667,605,0.2890620992073818)
(620,640,0.1467090618270689)
(436,629,0.4034592918226032)
(900,602,0.7022212113135435)
(2028,620,0.35989063511457886)
(1844,589,0.0461865896662369)
(1047,621,0.03341055302914042)
(856,593,0.38210927877733303)
(59,619,0.476928272746582)
(2226,616,0.22894236999796203)
(1306,621,0.22414741380309655)
(422,651,0.2516110446948645)
(1157,587,0.5962756293285771)
(1816,611,0.9712515728617201)
(2105,606,0.003060167505566036)
(2483,572,0.3035320626578565)
(1014,610,0.9552691673302287)
(1458,635,0.5111390268645926)
(302,638,0.716039212951159)
(704,609,0.029408407952455806)
(715,597,0.7172981793550326)
(1003,624,0.7584532635906602)
(1830,580,0.5982924639081036)
(1450,578,0.11570323869271115)
(1012,634,0.3851956654244294)
(867,619,0.5458896700691446)
(995,643,0.32146225926344796)
(2251,640,0.27566326985879097)
(1882,590,0.42870117686149645)
(1874,618,0.21159547048251104)
(2385,624,0.04421807630421504)
(552,609,0.5695834508416922)
(216,644,0.3137855651159054)
(1939,659,0.9699828359755858)
(1849,610,0.5238072786565755)
(470,674,0.6326942637356691)
(1194,621,0.46682460393661906)
(1264,611,0.8988472045678466)
(1323,641,0.5123340105064498)
(1854,617,0.28441772384442066)
(1114,622,0.37151885600884893)
(1204,643,0.3178730000535044)
(1533,639,0.9313053804069329)
(1585,663,0.3909512718743994)
(2363,602,0.9984838336385802)
(709,627,0.47107503786413907)
(2322,574,0.3613511373813365)
(1078,576,0.5046302257213396)
(1715,612,0.2117344712594691)
(262,614,0.8639427757164584)
(1895,591,0.5192416280862538)
(257,607,0.46300398436638357)
(1703,591,0.2739385065275681)
(586,630,0.2804833897875366)
(616,600,0.3351309150666757)
(493,620,0.35736897706526627)
(2157,651,0.6688471784891361)
(80,641,0.5486352867368579)
(980,606,0.30621349910473417)
(796,618,0.8007631125409557)
(2221,641,0.9231448978376777)
(500,586,0.7151494355582426)
(2483,644,0.3262201045624511)
(2388,645,0.23617079753144388)
(302,631,0.6323001637827194)
(2334,642,0.8591576987074451)
(1035,636,0.47805599578902436)
(1260,606,0.4066143500721816)
(1578,641,0.36709068269111045)
(661,654,0.9278549855347887)
(2445,635,0.42695014252590857)
(2390,653,0.2939664636164908)
(421,620,0.6656716113852742)
(911,612,0.8069283764820104)
(1037,604,0.8362376669714401)
(746,628,0.6786001705225504)
(1701,630,0.7464103507326459)
(985,605,0.39278691427023815)
(573,670,0.8330917036293469)
(1101,685,0.03444061734476489)
(1256,640,0.7029637770126304)
(1557,612,0.957659511904148)
(2438,628,0.6399815935598322)
(207,595,0.7248726907687032)
(1057,608,0.8719867807148165)
(377,576,0.1600953870629901)
(150,643,0.34072304468283054)
(1406,628,0.5172964643906419)
(1455,664,0.8363560456653457)
(287,607,0.6058501183819052)
(1566,668,0.6824295086796865)
(1734,657,0.9910345386772754)
(1410,669,0.6329859970546013)
(703,648,0.037478444846931636)
(991,647,0.9454217088759211)
(2206,599,0.26555673528848556)
(868,598,0.15835441822325214)
(1123,640,0.5604140881356938)
(869,571,0.45164896622899464)
(1432,578,0.5733454417304376)
(2121,629,0.37563350220044334)
(1723,657,0.23483886852115876)
(514,621,0.16880951944743483)
(2086,598,0.9121174565198867)
(1360,628,0.5987906668991103)
(1424,629,0.15569328116279735)
(855,629,0.3242606466495622)
(1540,634,0.7147313030889935)
(1262,577,0.08494176169297041)
(288,648,0.3250166969564141)
(946,610,0.08424187933282279)
(2356,592,0.35461964064880946)
(829,661,0.6052026703065945)
(896,669,0.9158115556684912)
(685,586,0.1980480459306041)
(2176,627,0.15211252008097154)
(516,641,0.49346618711652424)
(474,671,0.2416675193850294)
(1656,640,0.06314194419783314)
(2322,629,0.004926067428236647)
(16,623,0.38930575245937726)
(1217,529,0.3423615881164084)
(1707,626,0.7038503534448751)
(0,623,0.7883561554269214)
(766,611,0.48657020441865995)
(1632,624,0.009982957549866223)
(2171,647,0.49805292511444466)
(2052,641,0.3591116041277911)
(813,686,0.7738993470450986)
(1155,643,0.6168203948816673)
(746,626,0.8659408139887663)
(1318,620,0.14588723615546706)
(437,648,0.9692797373231178)
(89,625,0.12839488689323597)
(1380,627,0.4985231882994222)
(86,642,0.6634680181845576)
(1027,633,0.7408635686828239)
(105,665,0.4756563572016569)
(631,621,0.481904185025708)
(1156,681,0.38866274898843745)
(1492,591,0.802790310070099)
(1815,619,0.8160756768046588)
(66,596,0.9588037666951646)
(532,599,0.8126782466904802)
(855,575,0.40274240483614754)
(180,558,0.3963839271908336)
(1855,668,0.5377863543336628)
(1733,663,0.6950988258354235)
(2141,599,0.035961393282661014)
(2268,604,0.6767951620637273)
(1492,627,0.5050058586387544)
(568,577,0.07388535302788413)
(168,668,0.513532897898017)
(686,611,0.4662255387386759)
(2310,642,0.11942623711710498)
(1598,601,0.901352983041549)
(1815,591,0.8504245165867891)
(1739,619,0.15910346376628848)
(956,675,0.7842348844633072)
(780,569,0.8089093375706667)
(852,622,0.7892531675543666)
(974,630,0.6466454784508843)
(387,622,0.49789852618435837)
(1763,603,0.10447006392540081)
(2380,604,0.1537605274927636)
(1885,630,0.9446154222109696)
(1333,635,0.5560182316901271)
(61,624,0.40748234359523816)
(311,667,0.1950488433550338)
(1870,629,0.8160540389199651)
(1870,630,0.15652612035989377)
(188,643,0.6804778644972479)
(2024,682,0.08346831729853244)
(67,664,0.9373694682531338)
(226,638,0.5673722324911016)
(208,606,0.8820992272895384)
(663,624,0.7782743772172379)
(2206,623,0.08178224508352105)
(816,664,0.3897430953737009)
(1285,677,0.18206617721598173)
(1336,599,0.22361570448642543)
(590,604,0.4262011232909677)
(535,643,0.27278811391270186)
(2139,628,0.8335109518836457)
(313,672,0.9179130939758257)
(708,598,0.23649675966120354)
(916,636,0.23373765817510728)
(1695,658,0.8442318490509104)
(1947,621,0.8137540535109262)
(2247,627,0.4110969311796008)
(1720,635,0.7619690756363827)
(2317,589,0.9803581876784306)
(1156,604,0.1422478092462216)
(384,619,0.8303854319776962)
(910,586,0.8581445445271254)
(1645,633,0.44643867057812914)
(1541,642,0.8762034296723223)
(484,620,0.8656174289835507)
(740,631,0.49329793080495)
(251,637,0.1003170589362723)
(2106,626,0.578773147010082)
(945,610,0.43743454001870885)
(1807,632,0.13110477986807478)
(1846,661,0.07731032024899032)
(1874,651,0.6825872683915237)
(1522,615,0.18933425655799774)
(2102,600,0.1903619513974868)
(711,625,0.07854286864126825)
(1287,648,0.3977729347115483)
(2440,652,0.8132411368416703)
(2342,642,0.4188465416418944)
(1341,658,0.1702239189819491)
(591,634,0.2005888866747353)
(653,633,0.37381707729953517)
(1912,621,0.8238108215969958)
(1159,651,0.2785202994419119)
(943,617,0.20690103621795863)
(31,642,0.132756286490346)
(1316,674,0.14807004303180693)
(77,643,0.0013010977645779853)
(1683,646,0.14842367674887524)
(1215,623,0.20525509087108684)
(160,670,0.01632082618288566)
(1138,600,0.08665981537909007)
(505,552,0.9481363270124327)
(562,641,0.19094606865970154)
(540,628,0.5135841663814986)
(1551,641,0.5655753613374785)
(1983,655,0.26567338605018553)
(991,579,0.9482457152275291)
(451,586,0.4091322213614498)
(2121,605,0.43342300555283375)
(1417,696,0.43668190098999604)
(2440,639,0.2875864009559306)
(2111,586,0.9667931709063725)
(1141,611,0.19061110669207848)
(1389,629,0.5244032909882038)
(1425,638,0.09917782219116755)
(1279,642,0.4088565894479508)
(938,650,0.06189649311400458)
(672,622,0.9291442884825035)
(1124,621,0.7081094774382105)
(1282,671,0.5381287155815028)
(1811,639,0.3734185062088685)
(1829,598,0.806551142204026)
(2110,654,0.10158721695933448)
(2162,612,0.7842843005845562)
(2295,649,0.18603090784329634)
(69,610,0.7501551633950366)
(1328,561,0.8771258404847487)
(1958,632,0.9527702164104475)
(1720,606,0.6446463076749674)
(1006,626,0.25009514423076684)
(1551,655,0.008052097281270432)
(699,646,0.6417150120618084)
(1622,622,0.43572983415749067)
(1468,593,0.20724945965730412)
(775,577,0.868303729984919)
(223,628,0.6613662533403608)
(99,615,0.4858953949877306)
(2129,607,0.8710773239133562)
(1672,660,0.1823078992254603)
(949,603,0.19291954403891554)
(1462,600,0.9532788983738619)
(220,656,0.9226484952817826)
(2164,587,0.6544419581050819)
(103,641,0.7318818624435587)
(610,644,0.9464769719262973)
(2225,611,0.7208737575504169)
(1734,607,0.14119673640310215)
(92,577,0.7017794993487283)
(1821,608,0.11492385821902662)
(2351,600,0.8666158808608907)
(1102,587,0.5049455336088114)
(1385,602,0.5832072204269872)
(1516,655,0.19852955207655265)
(380,610,0.8164465449644291)
(1536,625,0.7237001823078927)
(2090,642,0.44349795580692597)
(2068,607,0.9391218863492122)
(716,618,0.2696260385221443)
(1227,638,0.6605290572669554)
(1069,644,0.7189142947970139)
(2259,645,0.27717183681297697)
(1541,609,0.2183140408111257)
(642,620,0.7485076301761725)
(622,649,0.3187394943833066)
(448,631,0.39739887326221124)
(940,602,0.8646991635713773)
(2137,667,0.8870295336479854)
(1831,687,0.13235468370887937)
(884,606,0.4629738681768071)
(938,637,0.7237236066251652)
(1890,661,0.07385852907072399)
(1639,640,0.529378370220276)
(2232,601,0.022080130967762734)
(933,591,0.07178443450677063)
(1026,557,0.41007541027355376)
(1153,629,0.2916634318786926)
(713,658,0.8057659228985841)
(507,666,0.5604343113523454)
(93,593,0.16659585474108696)
(1216,627,0.415286722416622)
(1971,643,0.8153552132782583)
(2082,633,0.006079761601164302)
(952,655,0.20182906420924673)
(1409,573,0.684140024646055)
(1925,647,0.7626720944574162)
(1536,637,0.1762047813167419)
(1510,632,0.40678121506687626)
(265,681,0.2761465138250946)
(546,634,0.46245194679903157)
(1989,636,0.3424771674813051)
(241,636,0.6061534524873734)
(1827,597,0.40337487186315)
(1481,624,0.18979206788564262)
(1581,618,0.05579400182427041)
(314,641,0.825678690899274)
(103,639,0.03207175354425573)
(2138,641,0.09667593226942783)
(967,676,0.742612168604166)
(1191,672,0.6844313249834807)
(40,657,0.2393545107134778)
(695,616,0.7922901929122502)
(1314,643,0.2033714524980864)
(899,590,0.7059415955302004)
(900,620,0.957108871085202)
(652,574,0.855624118580849)
(805,655,0.09429311305706334)
(641,648,0.23464100543566313)
(1358,646,0.21864298870033372)
(2132,649,0.04720869697217345)
(978,617,0.019246157773696537)
(846,637,0.9751318845291836)
(608,609,0.34485081165662645)
(113,635,0.5803322326544186)
(718,612,0.7136845962601869)
(122,625,0.5275016408467452)
(1697,606,0.9226384071620308)
(1413,669,0.7168992639410305)
(1785,629,0.2546882473571044)
(555,604,0.03192416203231252)
(1139,640,0.6530758345698615)
(2492,641,0.6217466844208429)
(100,638,0.46211292654831015)
(919,604,0.40147789803900136)
(1479,633,0.8612707580650925)
(1913,632,0.7141563763701542)
(2098,610,0.1276632372208658)
(1416,658,0.5636831157827042)
(529,601,0.9386986811497158)
(292,642,0.5580852528003553)
(19,611,0.39883154152557243)
(1190,612,0.6080749841452576)
(1000,664,0.8767571567996453)
(2079,667,0.6493936706663007)
(40,628,0.3534444218758216)
(827,607,0.7457876260723043)
(470,661,0.8391894051119753)
(2093,613,0.7204061496332561)
(2402,565,0.4389923751875414)
(1493,584,0.43702860708514235)
(1806,639,0.5215097890020499)
(2158,629,0.5888998224241061)
(2013,610,0.8185582762974236)
(320,605,0.7217790508154923)
(2473,643,0.8708897067537172)
(1383,634,0.9998188814685773)
(1515,608,0.04932631664330622)
(1568,574,0.853612095932811)
(219,635,0.6631339218235455)
(1730,618,0.3457935384031132)
(338,588,0.26820527740877387)
(626,586,0.9400358069565615)
(1461,664,0.19327035463262388)
(1155,657,0.20100553645094943)
(1151,641,0.332888368172501)
(400,606,0.2849963841208578)
(2323,611,0.3700246708416116)
(2419,681,0.5714901459584932)
(2210,636,0.61617421139592)
(174,626,0.9146267210043689)
(1935,641,0.4224601459355558)
(1327,635,0.7444564457727403)
(977,592,0.058038991192243206)
(284,633,0.9449958105280926)
(1981,620,0.21346650015774193)
(1512,617,0.10275390630736125)
(903,620,0.14848065804715183)
(2140,613,0.6257327113591857)
(891,596,0.8488289207923752)
(789,631,0.8959610406851264)
(1326,645,0.12681662226336732)
(207,620,0.46312461278884254)
(2057,603,0.3287296748923868)
(422,619,0.11081466243949079)
(1787,623,0.4860085416061949)
(2050,642,0.5026431644125547)
(1191,592,0.13181988617301343)
(2027,651,0.4521892821133151)
(849,651,0.5029695759436835)
(2127,639,0.29721676508912576)
(78,662,0.7303827153871357)
(1969,623,0.7308526202035225)
(1550,645,0.9924935606564721)
(264,651,0.4433288798124443)
(337,641,0.5092414608653372)
(1082,680,0.3297508265863972)
(861,647,0.16631956781611812)
(2230,593,0.5686309943537746)
(1566,595,0.6740722782485765)
(917,651,0.6872375537209503)
(1030,639,0.395255525927228)
(2357,624,0.2629845951904256)
(171,660,0.1521424545576454)
(1869,640,0.7657102959718141)
(87,602,0.24560595234168325)
(708,644,0.3174883573286559)
(915,643,0.5698899010059957)
(2477,623,0.4694641489812459)
(507,645,0.29487302492877576)
(48,664,0.621730604758378)
(97,649,0.47622404395370044)
(1831,612,0.31128230082170116)
(1304,620,0.2238110976012999)
(1453,627,0.17234294783991766)
(484,614,0.4401571156905928)
(1180,621,0.9230801886885006)
(1105,620,0.7720795634985476)
(354,705,0.6362845652545291)
(2066,610,0.02529720479505404)
(190,611,0.8042078305774795)
(2099,647,0.09636971192334098)
(374,643,0.7001684863099302)
(1557,637,0.09125559115218274)
(1317,616,0.5641089163156136)
(1651,647,0.7333511189059517)
(924,626,0.12707145543191534)
(2266,638,0.9332094587452698)
(2456,607,0.6987647927987607)
(750,662,0.22224449478757935)
(1940,618,0.3488287273951761)
(1913,653,0.5402674654789614)
(1805,629,0.7520021621108869)
(532,628,0.6228957017789357)
(854,625,0.24651576241343776)
(907,622,0.817836822173855)
(479,620,0.7195154181765593)
(1562,602,0.22203306775193443)
(2306,631,0.20863276233695327)
(1758,617,0.5182140191257395)
