(1820,593,0.42069098084100465)
(1088,606,0.5547361673574523)
(2072,582,0.8941920968119252)
(1605,614,0.6839923429394228)
(1519,663,0.13077174742785558)
(1186,644,0.30492607141629624)
(867,661,0.6574339077684652)
(1333,616,0.5170802139537974)
(593,616,0.9525863938102498)
(442,677,0.2684159668003797)
(2327,635,0.10435971338615857)
(450,623,0.44618373979186254)
(1383,604,0.21468436360577126)
(1007,647,0.20267873438284423)
(426,634,0.8459604183322739)
(427,614,0.43611053473795236)
(501,598,0.21064751124154468)
(243,598,0.5370214546005805)
(151,649,0.7983519067407774)
(140,616,0.21201466385851653)
(360,648,0.1180939258285375)
(2331,632,0.6874315922665125)
(1676,640,0.1767642315110931)
(342,619,0.5569816636679376)
(1017,593,0.30032815753826625)
(665,627,0.16439320354684706)
(1143,620,0.018669306803432262)
(2323,575,0.8184080243411522)
(883,607,0.30275467363102837)
(2180,610,0.2875062670704769)
(1684,592,0.7617988243567688)
(1676,631,0.3137028683731423)
(2043,599,0.9970661175299141)
(295,613,0.3024242312258857)
(884,604,0.9315041596385422)
(1062,584,0.09930992109598002)
(897,647,0.48883466973704015)
(1740,617,0.028257329787763408)
(1057,625,0.08651298560735154)
(592,607,0.27801258013928265)
(1601,644,0.7498991009408496)
(872,628,0.6660116122680176)
(1170,627,0.14783462978684137)
(339,603,0.42915456487339443)
(1957,671,0.1968418648744007)
(2313,631,0.6202756184361601)
(962,602,0.8649429506723956)
(783,635,0.6783892116824988)
(1475,609,0.9662100591756356)
(1580,665,0.7127791302753741)
(228,633,0.9305169200105999)
(75,606,0.17824189417948466)
(1889,653,0.7722750382076873)
(938,603,0.1939587774190361)
(2279,624,0.7017761318112893)
(87,663,0.2124820716987459)
(866,624,0.8834396419882744)
(1735,607,0.8498505030456102)
(1736,606,0.14790715718197645)
(2344,616,0.2536781882157906)
(2369,633,0.13960665577353892)
(861,606,0.9925764624369061)
(1426,665,0.19944611968285864)
(585,657,0.38872863835190996)
(2000,636,0.6389766802868165)
(1432,637,0.7883076800340063)
(179,655,0.34475320817531896)
(952,599,0.23613336349462943)
(2476,620,0.4660533147131696)
(1347,573,0.11649064785074448)
(1780,629,0.3763895430543388)
(1542,640,0.6717179064663142)
(369,631,0.6128019335760676)
(2491,634,0.6314048885335839)
(2338,576,0.22181369353415403)
(1882,645,0.6250019327438371)
(2151,596,0.7327549884874821)
(2205,618,0.1944633942043691)
(576,660,0.48177465028589905)
(1057,604,0.8730505006467096)
(1642,631,0.20996908491999877)
(2437,701,0.14427582240222114)
(1062,643,0.32703861454167826)
(1470,624,0.612597605022276)
(1359,600,0.6400786360368933)
(610,609,0.7044623313908066)
(2494,588,0.4634122035220949)
(2,604,0.5890047582423934)
(637,633,0.29956087538572873)
(997,589,0.8311357551536964)
(1587,625,0.490564709316751)
(559,608,0.261807513817077)
(668,616,0.5214055770144874)
(22,631,0.21306808025082857)
(1881,646,0.4052524027332596)
(1504,645,0.4298438023065845)
(166,619,0.4109535103970534)
(82,645,0.5983791565660334)
(1315,638,0.4723922339470269)
(1635,623,0.4549920964211789)
(2240,596,0.18128813000794863)
(2386,566,0.4204634803787104)
(567,573,0.1450429846619894)
(1793,607,0.1253948292791498)
(623,640,0.612513012383758)
(1118,628,0.8705226688255493)
(1646,643,0.3072589859734608)
(1451,611,0.9076163673804334)
(1982,648,0.2687341977398867)
(2020,621,0.661143149312768)
(2005,622,0.6522226410119121)
(1220,649,0.003195948388988734)
(1367,670,0.09938013208571439)
(123,602,0.8558928020475038)
(1994,631,0.1573875878606864)
(1451,625,0.134112470981133)
(210,664,0.04159087012204088)
(834,628,0.441652136560048)
(923,651,0.051991747386343934)
(517,633,0.37142886133463293)
(1694,647,0.21894763068674905)
(2347,609,0.4908539167474758)
(1950,665,0.01721293218257325)
(995,626,0.7907790704977384)
(1652,626,0.28660357930795954)
(1973,652,0.05228142216825282)
(740,656,0.30859561857554996)
(2100,606,0.9493383198563111)
(1515,621,0.6244469404086129)
(406,622,0.14536424849385055)
(1787,628,0.43890545308083584)
(771,619,0.8385929045302234)
(169,630,0.21397597462269702)
(1167,609,0.8007556916052775)
(2214,606,0.5960111047990109)
(1829,640,0.7134426604415993)
(2473,594,0.28184794173699457)
(753,641,0.4444018048739672)
(2083,638,0.8809276578689121)
(1945,651,0.5813800759265815)
(1058,626,0.7290969543396693)
(1567,649,0.5923642996142722)
(1721,650,0.44636323428022984)
(1921,611,0.2976150715704051)
(1873,618,0.10502907564427921)
(1545,586,0.3649156414208554)
(2197,640,0.0633648547393294)
(419,639,0.6882462364061545)
(1585,655,0.6983864079659736)
(1084,635,0.030608208411899374)
(1654,618,0.4206893864475638)
(556,663,0.9210983156126273)
(347,602,0.5086264087628962)
(2495,637,0.9304287734101788)
(2382,627,0.8046811038174316)
(2015,649,0.27371968763692545)
(1191,669,0.46507964170428906)
(1467,627,0.7050128691725379)
(988,622,0.7922757364014148)
(719,618,0.12181373620514746)
(532,597,0.036811679922116536)
(1020,656,0.14451851215286649)
(811,677,0.037389127742369355)
(228,625,0.8149784493134425)
(576,603,0.4560786113602251)
(1014,612,0.9389959039090926)
(939,602,0.8886077007943358)
(1518,607,0.8084283086071015)
(1985,599,0.4372608296631406)
(144,612,0.3297224773892524)
(281,663,0.1563623853163233)
(2052,648,0.9254859458520948)
(1182,621,0.31182543992597067)
(1491,628,0.6083222376377777)
(603,623,0.6482692391832626)
(1164,583,0.09924705832032787)
(1759,623,0.9483793237086016)
(380,628,0.052610714537002945)
(499,639,0.4739109563244046)
(1132,619,0.46580297957254735)
(1273,612,0.48262201183555786)
(1085,602,0.21551481808515915)
(1003,646,0.04754869174560217)
(1760,634,0.7869559319047381)
(2123,666,0.41606243630001283)
(2169,644,0.7402284897136568)
(1183,657,0.18031537373228257)
(1413,612,0.40447984957184735)
(600,629,0.5970733592495612)
(644,659,0.5012996831473072)
(1500,618,0.42930359428739895)
(2080,658,0.7682284303125313)
(1972,644,0.3940765082335982)
(2469,644,0.7318371608913864)
(1757,636,0.5260955179881313)
(44,619,0.6287803204606208)
(2190,656,0.6335401022614316)
(937,677,0.9878452615775216)
(1404,607,0.7049048081797159)
(628,636,0.6932071189237808)
(1340,603,0.9617053202353207)
(626,609,0.13448810835192992)
(2406,627,0.3031224591146736)
(640,658,0.13252760362118876)
(711,683,0.8580730999832684)
(1358,652,0.7899066278325412)
(1008,607,0.7847505375840459)
(494,611,0.9374795262834961)
(970,646,0.8496710197228001)
(166,666,0.5750969718982218)
(672,615,0.7673686622870716)
(2495,601,0.6355872981697446)
(2022,608,0.4174571171685608)
(1060,653,0.8173925034573066)
(1118,625,0.41103054681220574)
(578,594,0.9925625485897847)
(1596,658,0.380550327010971)
(768,637,0.04851095398505423)
(890,630,0.013848647072474685)
(1293,635,0.9106168631590466)
(1320,647,0.7234845774100874)
(1614,613,0.5398210300510369)
(1791,616,0.5552420081821638)
(1219,634,0.49432804764642546)
(1169,625,0.8344510808687607)
(834,620,0.15896217490078512)
(406,656,0.2844223163400935)
(2102,624,0.17236153032824086)
(225,591,0.2691205017431232)
(953,605,0.05459032740941816)
(2415,635,0.12586806875268697)
(1937,596,0.10584515160534336)
(88,634,0.2998561027739447)
(966,652,0.7400471985793965)
(468,648,0.17221768627457745)
(1118,603,0.6469503152478121)
(2387,601,0.935000967513773)
(493,605,0.7129622861390309)
(1107,660,0.0463071076980216)
(1008,643,0.3661297277998701)
(2155,635,0.587302654122162)
(1249,588,0.6826611067079765)
(700,648,0.1553988009074908)
(2153,619,0.3295876178702668)
(848,608,0.7328060862331528)
(336,661,0.05678355068004959)
(711,645,0.8673678130094405)
(1681,643,0.8696195135128945)
(562,651,0.7110351024317229)
(1729,594,0.7847448166607248)
(525,579,0.5104987981891911)
(2163,581,0.6974141992664445)
(2108,641,0.33822717822105897)
(1962,617,0.9077116402039487)
(427,659,0.9275714888221982)
(1051,557,0.8901137635664534)
(1888,621,0.4869593872700555)
(2056,655,0.42478935686436603)
(182,636,0.9233909534314944)
(1335,632,0.7751578002774705)
(411,646,0.6519025199769782)
(552,582,0.5495492826291578)
(210,636,0.656456892582873)
(2335,617,0.4246244673599997)
(149,661,0.30160543139280926)
(2132,642,0.9090324599180439)
(1248,612,0.6585340634782822)
(286,635,0.4380576163326947)
(2113,595,0.9332321725593199)
(1126,641,0.6662057399539374)
(36,670,0.26933414390021115)
(527,608,0.2971181402406997)
(2455,619,0.16376612828898018)
(841,614,0.9597200158769282)
(1590,637,0.7939613983952886)
(1870,623,0.32652984361855386)
(982,597,0.5674718228090887)
(169,619,0.5484719314057527)
(2015,629,0.02872107747430752)
(2017,624,0.22964016760910433)
(215,608,0.3502973032912289)
(195,569,0.7504030228643984)
(313,618,0.582922319222913)
(999,627,0.3196236649482366)
(1580,613,0.5203403735183632)
(2493,573,0.05553238324464893)
(1929,625,0.46864359199239025)
(2155,626,0.08622002952050312)
(1903,660,0.11557587699752825)
(1294,617,0.4263949767493602)
(1491,620,0.2928267991053416)
(2103,672,0.24215313770692737)
(1745,594,0.5759998104309828)
(1470,643,0.4055644082803479)
(778,607,0.6187076534137371)
(2403,668,0.2701563876152071)
(935,614,0.9294093216421423)
(1087,589,0.10803623923321415)
(610,640,0.5750148641757817)
(1912,592,0.2723006031094969)
(496,594,0.3711506706790699)
(1026,654,0.4249380962800652)
(1132,649,0.24372817687950932)
(630,604,0.4429273622796599)
(1990,655,0.21607976614962976)
(1681,633,0.9789286795230899)
(2260,674,0.8272287358454259)
(55,596,0.43650502015052706)
(292,605,0.9545694209851419)
(2120,632,0.29899837652513317)
(1878,588,0.3608941330011718)
(765,635,0.35404446774071585)
(1317,648,0.07405783706586933)
(1864,649,0.12797136741516324)
(1730,632,0.8563289489177975)
(428,649,0.5687128562958601)
(2377,635,0.23055214725032958)
(1859,627,0.5671267702900684)
(1827,598,0.2417433726986622)
(141,585,0.4486458609762337)
(868,652,0.8834012854596993)
(1707,611,0.5169733625368379)
(876,629,0.058327526370641536)
(1426,663,0.26169324043936026)
(2399,692,0.02021194783202973)
(173,655,0.1880956143101583)
(2095,676,0.09256985401220374)
(2261,617,0.47680374204093434)
(1057,586,0.632181680636444)
(1,657,0.9113988276516242)
(421,642,0.570627110478144)
(756,602,0.8125935183357006)
(180,620,0.2359512128057214)
(1259,644,0.09988772912151733)
(1563,606,0.39318878150767544)
(750,629,0.6363886540476222)
(2499,676,0.6564391839638157)
(1145,682,0.40527727154110404)
(1917,665,0.015514930370499225)
(1850,613,0.011883945295066312)
(459,643,0.34922000233290584)
(697,634,0.4159069609259244)
(267,605,0.2640158068537126)
(115,635,0.230885751536284)
(417,658,0.9624207715575733)
(1202,615,0.9645609032536018)
(2416,609,0.23491780315954436)
(417,672,0.5683943257912205)
(1886,604,0.7950720402354404)
(971,617,0.07335281951079986)
(1568,646,0.21095744972768793)
(2085,605,0.708342511499514)
(66,626,0.17411790427583318)
(703,624,0.07993233790897825)
(667,610,0.8383536918108232)
(1306,616,0.1442991619644992)
(1858,606,0.4504426979715077)
(584,637,0.13851549013736786)
(2093,630,0.6720416256253061)
(866,548,0.9892275775420377)
(1894,609,0.9868544086158255)
(2491,612,0.7141657630140493)
(785,646,0.27947200231827796)
(2143,604,0.8235334995566931)
(1219,660,0.9325512763276314)
(1901,632,0.8309174596832518)
(1235,636,0.03757985186027113)
(1508,622,0.7040238239406282)
(2312,624,0.7299710060190707)
(1048,659,0.8397463911898898)
(1635,622,0.46051374555099456)
(431,616,0.0699427591603935)
(1973,624,0.08011671558167133)
(2347,610,0.312330883889424)
(186,659,0.6611953967267505)
(830,595,0.505758262485685)
(1314,661,0.5176808738187896)
(1396,588,0.069936151108139)
(1285,646,0.45127204310501523)
(322,596,0.7008689161707105)
(936,607,0.5112435767293281)
(2129,632,0.30764404980725635)
(1975,617,0.9897364311533475)
(274,630,0.3158351322538956)
(2048,643,0.13721327677000905)
(606,640,0.7107569897708753)
(1923,661,0.012455456274065968)
(2047,583,0.8129381190380324)
(407,601,0.686933639311964)
(778,660,0.9827820651052159)
(1123,634,0.22618924809232344)
(1606,592,0.5446373555301098)
(1852,646,0.9183857472009812)
(1830,632,0.08028273801715702)
(852,637,0.012510737539114136)
(1174,620,0.9841219273585792)
(1401,592,0.6248581241716266)
(1946,622,0.6329170823977497)
(1298,612,0.8688332215359522)
(1018,625,0.8887712554569478)
(1048,607,0.5164538846186695)
(1210,632,0.32581841277006707)
(2437,669,0.7363315772301493)
(1677,637,0.4167929380218297)
(902,614,0.5322900009261811)
(2440,607,0.8801818890797468)
(198,579,0.18137333713708503)
(367,626,0.8456677612319274)
(1752,647,0.9145421199349593)
(2341,579,0.5923870709353489)
(1431,641,0.6088569634394839)
(55,612,0.9712792438642569)
(258,635,0.5551476409099092)
(1381,635,0.6276862957417596)
(1097,619,0.8470119477951613)
(2211,609,0.10674804259916826)
(2404,586,0.7437159205204966)
(2123,641,0.4490661864654353)
(1992,617,0.07492110912573624)
(396,608,0.15481810883753888)
(341,592,0.1298573333601618)
(820,618,0.6167793676890667)
(1254,567,0.8672704742549261)
(2141,652,0.9351544790240183)
(2084,635,0.578711325154761)
(1659,614,0.4529516327101649)
(1390,656,0.11348740333889662)
(2141,618,0.6835301171215398)
(1697,591,0.01089693688606741)
(846,663,0.8242315828439704)
(38,620,0.2785041424452622)
(2183,639,0.15461603104682242)
(918,652,0.22153923982468426)
(1451,615,0.2720277826526335)
(630,624,0.8719077657485411)
(1206,627,0.7381503014691942)
(1800,590,0.7677706482730144)
(2430,644,0.9030285927354295)
(1254,622,0.6688507898900838)
(2348,654,0.24691869789071652)
(1541,574,0.2233858536577804)
(1784,612,0.46510786699418916)
(711,636,0.42937179295566263)
(781,614,0.5741501575483429)
(644,649,0.4858954169544607)
(2348,633,0.13501794774260323)
(195,662,0.7660189324203802)
(797,633,0.5525363816420491)
(2234,623,0.2609598421040379)
(1224,600,0.8725580716609579)
(2189,649,0.03283812305451772)
(1075,616,0.05431081813451555)
(280,622,0.32775422429713785)
(1143,628,0.7778612484894892)
(1219,665,0.24207317748639479)
(2448,648,0.7719604048605196)
(1812,645,0.433375540959844)
(1650,638,0.06932713160816306)
(2149,599,0.32190776555478773)
(2425,593,0.20932221784999383)
(1590,649,0.5723154807235551)
(1880,648,0.6424558562018727)
(1570,636,0.37361234256191345)
(522,603,0.2803205812500237)
(1555,597,0.6482780166512825)
(1168,579,0.9458449860975763)
(2127,602,0.917536875951974)
(1431,587,0.2510362392791792)
(2139,621,0.6940730077550163)
(1875,612,0.20283737539831792)
(154,667,0.5920720992292237)
(43,630,0.06924698993983536)
(303,618,0.061342617932698906)
(1091,614,0.7290303721381606)
(1452,642,0.10483742836288323)
(1911,617,0.9545107664549791)
(1664,618,0.2072224712090136)
(1956,633,0.9332225485694092)
(1105,669,0.9502903414127851)
(435,632,0.9249494665616965)
(1780,626,0.5027435798225296)
(575,643,0.0851868574141269)
(1174,614,0.8883317014678394)
(1954,677,0.8814302179296769)
(2030,670,0.2600902635038863)
(768,623,0.8691764014221229)
(464,665,0.3905032755355309)
(1741,673,0.7361558566497192)
(1719,636,0.5404034528272567)
(225,622,0.3090421918857391)
(204,647,0.35656905974451747)
(1930,695,0.5771096662208932)
(1191,639,0.31276932499964594)
(1132,601,0.30800615903197737)
(414,602,0.19794611893560843)
(2125,628,0.8969252911522834)
(1745,639,0.8027065623047965)
(158,654,0.5433445797316631)
(628,615,0.6496555752488702)
(1710,623,0.8809354005828647)
(2272,632,0.6348159079340104)
(554,645,0.1345230777152604)
(216,594,0.07967309348151319)
(1056,630,0.5565557484760159)
(732,649,0.21355091123263314)
(1193,665,0.16807783753668204)
(1652,615,0.5568707229958325)
(664,640,0.7373953973946943)
(974,651,0.37139714703765847)
(959,618,0.17851208357844583)
(1616,636,0.3340607238488982)
(469,628,0.1611213982119719)
(1321,619,0.5190429519046009)
(208,668,0.7967539560076278)
(765,608,0.6637029602330097)
(614,653,0.8618537033783952)
(913,628,0.2771391475713071)
(721,634,0.5683277552267445)
(1148,645,0.7157845578040611)
(464,610,0.7334185734894123)
(1850,651,0.8105480537227916)
(1808,601,0.24076387122402987)
(1909,594,0.7165928922949145)
(1798,596,0.7572735744184915)
(2483,615,0.8027256151916431)
(1448,645,0.5127904495696277)
(228,610,0.7085564618696236)
(831,656,0.08823611018817179)
(1668,619,0.17080356226728244)
(1495,694,0.7995788719810966)
(1590,636,0.5315171892250644)
(2013,661,0.42215429289852524)
(1290,593,0.690534833809354)
(1062,622,0.7418808191448671)
(976,638,0.3880006367445775)
(2312,663,0.8901743264840694)
(2137,577,0.004951227202571018)
(2231,647,0.8447047129813003)
(862,639,0.5106573296497577)
(504,640,0.2513507410591356)
(1473,599,0.8628622439523979)
(37,604,0.24364579290619492)
(771,621,0.6144953569931727)
(1626,656,0.9750358483082004)
(739,630,0.31133835432868384)
(476,630,0.09341620060732925)
(1266,628,0.42663199358353066)
(1698,638,0.11184026470801933)
(1596,629,0.40348385182225055)
(1266,634,0.23439316795863696)
(2360,640,0.474189717856106)
(147,613,0.6470812581268102)
(2194,638,0.8515410111950439)
(69,640,0.11545203238347734)
(237,623,0.32892445485501776)
(1348,595,0.010227882944388256)
(1105,589,0.71769065499225)
(1898,600,0.9121818121409582)
(1746,640,0.20148169589874643)
(82,616,0.42612807092042615)
(291,651,0.18169122677711702)
(1771,616,0.12918871939293586)
(1587,649,0.5876455119641599)
(1940,634,0.16565777139611348)
(1461,612,0.21656220920617897)
(439,679,0.7446161176645993)
(97,637,0.14388968591230678)
(1846,586,0.005328762184862668)
(1769,687,0.7819681785340047)
(2416,601,0.07015311157504045)
(618,599,0.4123939193363021)
(94,554,0.9659529625719592)
(2017,612,0.7886639438450656)
(1989,645,0.47022270285762247)
(611,616,0.9263895222529888)
(1015,590,0.6118547137041672)
(968,632,0.10031521047684566)
(1362,616,0.7446006127863801)
(1177,643,0.18428286470290522)
(1581,614,0.9107635332714552)
(924,679,0.73782897622373)
(95,636,0.8202950668083017)
(426,627,0.6507596326445377)
(1483,636,0.8677685107905668)
(781,621,0.04827468988067929)
(2291,656,0.7404941825765282)
(774,634,0.40030999182788807)
(793,630,0.09334385659582811)
(2271,637,0.22857542217010052)
(1292,588,0.7988800963497121)
(575,621,0.8833708735458243)
(843,664,0.02528366019917483)
(585,605,0.537819912630784)
(561,589,0.2730476600327044)
(1867,620,0.278879737277948)
(605,632,0.594828372341509)
(2025,651,0.10389132930159917)
(2131,630,0.3136453228325763)
(2285,637,0.334859198457798)
(1447,648,0.6029236261641329)
(352,592,0.19690873538267928)
(542,658,0.3409495570286578)
(1308,647,0.14522108887939789)
(120,630,0.08807809182876403)
(1792,624,0.04536012566286618)
(1031,587,0.9422134468250203)
(1652,609,0.4726529784604384)
(1026,641,0.44517350903904396)
(859,603,0.9138463105807385)
(272,571,0.2736568028580557)
(525,608,0.690692310292236)
(937,645,0.9269313704855883)
(66,675,0.13494576745246323)
(188,633,0.7163767496927196)
(1573,580,0.42723344539323793)
(2461,587,0.1462934163217382)
(2318,639,0.8733327187971728)
(760,603,0.8605854382397486)
(355,640,0.8208381665021833)
(2374,633,0.625411076962141)
(1583,621,0.8147687098603483)
(674,654,0.8573501339321655)
(828,616,0.011870959868289344)
(859,632,0.10202102172360805)
(784,656,0.47975644480991664)
(661,603,0.3293871813915531)
(596,599,0.8888110907220571)
(1664,610,0.5449251469182281)
(1367,610,0.7062036896311533)
(1430,616,0.38601248778524455)
(876,612,0.46517072004292603)
(125,629,0.15610706357826787)
(2211,601,0.5650619868963641)
(2160,626,0.8181111408674085)
(62,627,0.5720997287960611)
(1068,593,0.011269588389265173)
(253,607,0.13148748675368493)
(810,625,0.5036046242618563)
(2099,639,0.8602071822575516)
(1357,603,0.6676111348922549)
(532,614,0.1603072776710568)
(2472,683,0.4434366191724689)
(742,656,0.8116408551979927)
(1592,613,0.7000090453189477)
(763,604,0.8666784069000251)
(2109,610,0.6765168105030291)
(1042,640,0.23650470579109628)
(1939,644,0.7501069501306028)
(546,650,0.43543098736278474)
(1587,650,0.13148105492459305)
(583,644,0.1860616378912352)
(39,686,0.9607182632068095)
(2400,623,0.9493782791500686)
(834,637,0.8257222173244047)
(784,688,0.49839882668588176)
(1838,646,0.29034585056558326)
(1011,647,0.4499988132837053)
(24,635,0.025542784001977514)
(2435,610,0.01923828573360009)
(2169,613,0.15236853035803177)
(1548,657,0.6423740721639147)
(1024,627,0.6296999175479864)
(1452,641,0.6415952554729665)
(2144,587,0.6499894585307111)
(2323,597,0.7447336562245152)
(2205,628,0.37039782631714724)
(378,625,0.07954894023113657)
(673,581,0.9694833927650496)
(1741,587,0.3223374992128708)
(1505,668,0.012640277034474345)
(852,638,0.24632212327582004)
(2253,569,0.7683904624064948)
(251,608,0.48283530879426084)
(905,638,0.1400901445144146)
(1167,645,0.8897838543963092)
(384,622,0.28847117952126433)
(85,631,0.5792089872462823)
(1377,625,0.4838350620550168)
(1611,639,0.6513163633493859)
(1606,611,0.027476463053129896)
(163,588,0.7888087284104464)
(756,632,0.1630483911045365)
(2197,638,0.16571930140574131)
(314,624,0.24839097587013703)
(896,581,0.005411729335030313)
(1317,613,0.9722946832757083)
(1994,619,0.9824189279611556)
(2144,636,0.21178287821644803)
(757,641,0.39724084713065044)
(233,640,0.6344781608062531)
(1155,622,0.7663115740645267)
(1977,642,0.8302076926895505)
(1175,648,0.18964219700638074)
(2444,560,0.9176268714550257)
(1050,606,0.5342966005037423)
(235,622,0.5798338544248792)
(704,585,0.9572854796543461)
(2357,647,0.4212532687646535)
(1488,631,0.685448605609212)
(256,582,0.6320580635893036)
(1635,571,0.14590012843819655)
(1228,649,0.31526662566131425)
(1862,639,0.6348664005955306)
(828,590,0.6020557481438794)
(1512,628,0.49082650043859866)
(2030,605,0.9821994915209706)
(535,609,0.3586611696560248)
(480,645,0.9844772827275692)
(800,628,0.402362288333287)
(498,641,0.7128421398093043)
(1484,617,0.1522397850214997)
(474,621,0.7392486686939083)
(745,670,0.16943487856535078)
(1532,631,0.6115211324655064)
(1625,614,0.853315137769915)
(309,587,0.7641314783192078)
(2374,631,0.9366051824619339)
(1670,596,0.11600487496622613)
(764,596,0.38764624541487325)
(624,633,0.2635947675332335)
(2116,632,0.36099565956277235)
(452,634,0.3531259690857186)
(1278,590,0.10283602850664997)
(714,594,0.8355037524100909)
(927,586,0.8882624962339118)
(934,600,0.9756925859465656)
(763,648,0.9969827268984351)
(1145,644,0.6804120179003138)
(312,629,0.8194358964827532)
(1713,620,0.7168515260643891)
(1101,607,0.8081432152188905)
(1699,625,0.32281850387035604)
(559,592,0.4910331808843672)
(794,643,0.5953644664360481)
(322,683,0.08666984562537894)
(627,655,0.9531561148130971)
(2434,578,0.661209895182672)
(1225,622,0.22924431070347273)
(2166,658,0.40356191201974934)
(2142,625,0.4301428856285888)
(307,619,0.3288516131684063)
(125,618,0.07033769468231932)
(2425,638,0.7329505888545095)
(1540,643,0.8504448553460141)
(723,657,0.864933319583645)
(942,622,0.32654559942104866)
(1679,594,0.7970657739013703)
(1731,671,0.815684990655555)
(2499,649,0.3804290514915146)
(2194,600,0.7321651250825563)
(2127,659,0.33540173128479367)
(1261,602,0.9358316769476682)
(1648,630,0.25118589241310463)
(1673,555,0.42647839406752)
(1519,639,0.17917243623230972)
(2205,631,0.4518243756883318)
(564,605,0.3882081705415138)
(768,617,0.27838394719207904)
(706,688,0.37905312181356643)
(801,597,0.01831438874193414)
(1564,617,0.1666524638800655)
(1473,610,0.8361838077905224)
(1071,626,0.49864304523981784)
(1058,620,0.2616259141369275)
(1364,639,0.20908718397204984)
(1986,625,0.9199131225495384)
(1782,659,0.04060665432359978)
(2287,639,0.2584436657777823)
(39,622,0.05989843269657147)
(2288,626,0.47661227707647336)
(611,651,0.6412408880157705)
(914,632,0.8469848379651059)
(723,639,0.8197269042285008)
(2432,663,0.9297721566767029)
(700,616,0.31343038970761683)
(1804,610,0.0947361364612872)
(285,690,0.9518458560451754)
(293,644,0.3739679930929295)
(2410,618,0.1926067154495118)
(1050,664,0.7709598957310527)
(1756,619,0.21629241961482104)
(812,617,0.24738122549317831)
(1867,652,0.48205692826961155)
(1077,589,0.07516743991667885)
(1790,598,0.2958557972764181)
(1202,636,0.6766744815810776)
(1184,614,0.2678602187184784)
(381,583,0.3443556353247198)
(1270,682,0.2117677579964582)
(1442,602,0.19219432514160228)
(1690,619,0.8130922491693622)
(2192,563,0.35696797430415994)
(319,671,0.28402092684094227)
(2241,612,0.19251053259142914)
(126,647,0.12321451778495085)
(1685,644,0.5317570841619087)
(2335,574,0.6469750564370856)
(262,619,0.8483922944637644)
(2045,616,0.9056959978903825)
(156,603,0.10220294226059223)
(2450,662,0.7328900780491872)
(1062,545,0.8757360283075427)
(468,581,0.7077090947625027)
(2447,610,0.2039781375133558)
(882,648,0.21085319016069282)
(631,623,0.600099114357231)
(183,662,0.42620808365009066)
(2277,631,0.8104059638057997)
(1254,659,0.7324708272086493)
(860,586,0.44175754803196554)
(656,664,0.9832197881442675)
(299,635,0.2064070982361883)
(444,612,0.8908442964780037)
(1148,602,0.43931181461298174)
(1024,598,0.3259796900506916)
(2250,590,0.9675957597020955)
(1163,652,0.5831992864831634)
(220,617,0.07392691385054073)
(389,598,0.47843282492282035)
(1826,636,0.04580548668825124)
(1260,612,0.6243872284157277)
(2364,645,0.7332471780154508)
(346,595,0.43531669655985605)
(359,586,0.21293781920454768)
(2212,587,0.5545314375137109)
(947,630,0.41283309317474215)
(607,614,0.8154564618681545)
(1796,627,0.8510240344055079)
(2013,615,0.9242397524156328)
(2253,607,0.476766969467021)
(1234,619,0.10297966910826928)
(2194,645,0.22413361692521072)
(292,599,0.6958418411669314)
(2183,616,0.752362243747183)
(759,652,0.8593750232906827)
(2353,595,0.6985282191045897)
(1097,634,0.9838869322692904)
(2260,622,0.7414614107390066)
(850,653,0.8445744591265629)
(1126,649,0.7996976064414557)
(142,592,0.8787153815342912)
(1032,622,0.46182503283666443)
(405,614,0.5116900003853397)
(694,573,0.39817883303516144)
(758,604,0.06364689133073376)
(450,628,0.4294895166931201)
(843,647,0.4559127837199033)
(510,639,0.8494350481310858)
(466,613,0.5399775749676013)
(1056,580,0.8404224318215351)
(149,595,0.5025593325374043)
(1778,649,0.09350373296539072)
(1515,629,0.5122583511205536)
(1179,629,0.6338956520017744)
(2183,652,0.4022008969368156)
(1882,649,0.7548891552828595)
(2165,667,0.4658145936226836)
(956,636,0.6265171472199267)
(981,634,0.4382819280989202)
(2312,622,0.29967912864796764)
(1775,583,0.21614414051441388)
(146,671,0.23556499628820715)
(2422,611,0.977918401047558)
(2122,689,0.8637154780319738)
(1719,637,0.6721879282755042)
(1632,598,0.1840891361131637)
(1091,598,0.5968229327924107)
(2201,627,0.9403248166394642)
(959,661,0.5591325772399809)
(118,645,0.9382315259054145)
(833,589,0.15054320218067863)
(1470,644,0.3964602049737378)
(423,650,0.8788564887183321)
(315,641,0.9116591441627044)
(388,632,0.058954760297272535)
(960,615,0.6534370326669113)
(801,606,0.7163575206833136)
(793,604,0.303260506966584)
(1830,641,0.7628748710436299)
(2153,614,0.5981882492301844)
(478,620,0.9032529305993239)
(1420,632,0.22261844372368145)
(1431,617,0.1858132273928863)
(2145,689,0.7923963075168924)
(229,609,0.6489981809557619)
(1896,641,0.341368307069692)
(1447,635,0.2181404535434408)
(1824,645,0.720892479314001)
(2116,637,0.7911248401192013)
(2355,628,0.4504930848109292)
(1196,593,0.8800962143845131)
(1165,607,0.946959827559982)
(2202,607,0.470701290950884)
(105,641,0.5731475005817669)
(187,618,0.6408319818984155)
(1809,629,0.17258532659437276)
(69,625,0.8399048417011078)
(893,603,0.6729082596909279)
(1711,640,0.48424160943621064)
(2414,660,0.20301933447531428)
(1022,647,0.20004075676151856)
(643,640,0.6014778965639435)
(476,687,0.9765462310790269)
(1283,675,0.5206765548348571)
(419,623,0.38372941596600285)
(134,572,0.4519599446333489)
(1745,616,0.6867145771009477)
(1972,596,0.3923590251708339)
(654,578,0.40411909668788526)
(2338,644,0.6372934070466147)
(1960,636,0.552293869764583)
(1295,667,0.8141242208514685)
(2050,622,0.6667218021936314)
(1173,617,0.3311255336205762)
(455,618,0.5520250651759112)
(552,681,0.6086224270805887)
(2171,607,0.5789037524773772)
(1368,598,0.8608730389582862)
(1141,679,0.5082967851537425)
(2214,641,0.2507371948869118)
(941,597,0.94676408186984)
(1897,663,0.08609674607305473)
(851,637,0.1297399566630597)
(227,629,0.29385067045012747)
(1817,637,0.7721174421431234)
(303,593,0.8015458574828125)
(1608,637,0.7091619215275512)
(1608,646,0.6718670290698372)
(2266,622,0.18459635239438899)
(1475,600,0.6722059995413848)
(418,639,0.9784032280589468)
(1369,616,0.38423988233932493)
(1374,619,0.3253292067344091)
(1623,602,0.27260620594847595)
(1180,619,0.11831850386928788)
(1564,625,0.2611777230078023)
(1961,624,0.9476169817344045)
(1030,672,0.4808865021938685)
(1301,629,0.3341443864980709)
(1974,603,0.4307234404592294)
(2204,614,0.5242188720959831)
(142,653,0.3085365296793723)
