(1166,634,0.11480957862965513)
(1321,579,0.5736449423191072)
(1958,621,0.11747604547141877)
(1702,600,0.022965936770655726)
(1655,661,0.5607187445785762)
(1711,644,0.36510292577573267)
(222,607,0.750753925320125)
(2429,617,0.5668182032953291)
(1889,584,0.1699837282270691)
(2428,595,0.8336969503543329)
(851,648,0.9509736257685472)
(1516,648,0.5257740400210283)
(613,591,0.9268013733752137)
(1281,634,0.9711280827522735)
(440,608,0.06314014305976567)
(1781,609,0.010216369093018818)
(988,614,0.611993171836917)
(1355,661,0.8172152892663518)
(977,639,0.3359103699726508)
(836,640,0.584789114557657)
(2481,607,0.5803277609107558)
(127,597,0.4363933698193456)
(582,618,0.7895591901845389)
(1473,639,0.06611785014768923)
(694,631,0.9623924578782451)
(395,631,0.41464094570704413)
(146,605,0.21574398810641526)
(636,630,0.053388543390852194)
(1883,618,0.9698272759832043)
(439,639,0.33508100883331127)
(25,633,0.8377137159967736)
(1885,654,0.17236874126116963)
(1537,636,0.4912621037142786)
(345,608,0.46423734729482713)
(1399,628,0.33008674438849683)
(68,608,0.6027504280992817)
(1161,606,0.157136243807942)
(2217,627,0.3709280013888998)
(2397,594,0.6119392940355275)
(2448,624,0.9606002198111019)
(123,587,0.9820667292668711)
(1467,635,0.3811509794199831)
(1004,658,0.057699680322486624)
(1294,634,0.1982128164040977)
(805,619,0.7169493945403543)
(2174,568,0.6231137635104758)
(564,593,0.06692384794609108)
(952,629,0.02650130110439619)
(1018,637,0.12096743942547628)
(2082,591,0.7369805399149483)
(1153,630,0.2312219608302175)
(2039,603,0.23366715771483537)
(1658,641,0.37625183867184664)
(424,654,0.5451689866759737)
(1359,660,0.9017881620567016)
(2233,630,0.9544222266409115)
(518,640,0.5843131996685264)
(2386,645,0.35600666505511647)
(789,664,0.09309451126325974)
(2369,609,0.00878647730690707)
(369,641,0.05407449040857615)
(589,619,0.8003782869814774)
(1408,590,0.879187793822543)
(21,614,0.20032672928616602)
(691,624,0.5492691420071144)
(455,584,0.28130318811081856)
(634,666,0.7678270628351607)
(796,610,0.5383637376237603)
(221,606,0.2878644966286237)
(202,610,0.8822085746142638)
(252,617,0.9269640536051494)
(2282,618,0.35854557386592767)
(1710,655,0.20899413638066644)
(335,643,0.005787239581138803)
(182,701,0.0844654654831708)
(185,634,0.4473982254551716)
(1288,672,0.7709478638001241)
(531,608,0.7701591717614503)
(759,613,0.9323297831534887)
(2091,608,0.25024598739394166)
(87,642,0.21304942513934955)
(1272,591,0.9341482570134462)
(1784,624,0.342200709254773)
(1381,660,0.31247980281270205)
(793,646,0.9709012836265661)
(30,627,0.9737861206500074)
(2384,632,0.06564719399469754)
(844,591,0.7461025225282346)
(2367,627,0.3160922200573283)
(1728,608,0.1366261916134811)
(605,610,0.9800700203045593)
(953,633,0.9205618066370161)
(1140,627,0.46476163299537254)
(148,628,0.05253237173988179)
(16,579,0.9533302276388926)
(1792,600,0.9935163446055193)
(350,593,0.18896523181416236)
(1105,676,0.7318617967900004)
(281,607,0.1353227146003243)
(1506,664,0.23918988448112066)
(629,655,0.2829270995818438)
(1450,646,0.20169937729941034)
(1166,618,0.40458077437805806)
(1739,600,0.07709361270182158)
(361,623,0.6642678963025462)
(1891,651,0.8889179848618846)
(1941,661,0.7071038476542845)
(692,649,0.8614005794490436)
(1263,617,0.7473407863721898)
(656,628,0.5070496428074892)
(2194,602,0.20945880979648934)
(758,642,0.8688812456289199)
(1723,628,0.6064333456482849)
(878,622,0.5357799558042838)
(1011,642,0.6134287571896535)
(381,639,0.48111416138903484)
(2301,588,0.80376138142686)
(1409,634,0.5922441249831806)
(2034,591,0.11424130082757089)
(2001,615,0.6441002234348587)
(2040,620,0.4293702810905441)
(424,606,0.5429807726935949)
(1335,636,0.4712222553248919)
(1995,654,0.16684222545321692)
(823,608,0.002549785633446988)
(735,643,0.8367146255393884)
(364,635,0.9541050078413241)
(618,609,0.762312845495351)
(492,613,0.8790081607581661)
(1219,600,0.17289038504757892)
(1809,651,0.88123742584858)
(675,615,0.6829921625458609)
(794,619,0.9228606226316376)
(1446,647,0.16138733348067502)
(1542,636,0.9368648146160159)
(239,548,0.5142170831471966)
(172,592,0.5625233094349893)
(1649,640,0.04150796861288275)
(2334,628,0.5992218946745915)
(1178,657,0.21788667389400185)
(1412,641,0.5404055180363787)
(1366,626,0.9836921218767104)
(1733,622,0.38098144412616886)
(483,651,0.7579040412298128)
(884,608,0.4148481445662048)
(2422,638,0.26041435742248)
(901,607,0.13409964863237234)
(1416,663,0.9536109533932298)
(2239,665,0.5918672308050583)
(2340,662,0.6095427392105961)
(230,665,0.8810348727515454)
(1516,611,0.9040217602026778)
(1409,640,0.9819967187400039)
(32,676,0.9946204920134093)
(755,647,0.23813652348255765)
(1890,657,0.8237390166364679)
(671,612,0.8958564923850436)
(428,592,0.32994372282578477)
(1996,606,0.13237792496134593)
(2254,624,0.9028828520886525)
(730,628,0.6017215222684361)
(1856,643,0.48322346318306875)
(2481,616,0.7164239145071285)
(473,579,0.14070676362029988)
(821,587,0.5192955887723865)
(1509,632,0.6252891542363772)
(787,605,0.3518669603254948)
(1619,629,0.710651891467265)
(828,628,0.7458748860853261)
(909,615,0.9360524449597731)
(1715,605,0.0030006254282086697)
(747,635,0.6117594375275145)
(1153,622,0.4096181394867806)
(691,630,0.567456637909659)
(2456,649,0.05096477871204064)
(57,586,0.16395353594833384)
(2136,635,0.9468485647895044)
(1700,628,0.5241942350260275)
(1018,627,0.3169977079739409)
(281,605,0.3508359917926229)
(1206,583,0.07989439921687735)
(822,603,0.434052786613645)
(272,622,0.6426374231142145)
(1998,607,0.35333935524783533)
(1928,667,0.5309999738111176)
(1267,628,0.8195360747268186)
(2450,634,0.8191358706473002)
(1767,635,0.48386420113273376)
(727,607,0.3606289224103435)
(1939,616,0.3842904124014751)
(2343,621,0.062219770683536124)
(829,616,0.8471529647283389)
(2162,623,0.3725258662847861)
(467,577,0.6885396107957011)
(437,644,0.5730469212697723)
(39,618,0.32718911253174343)
(2294,608,0.6395588457004814)
(109,592,0.9530945757020061)
(1469,641,0.039999854881841435)
(2235,627,0.22191458187770108)
(1135,644,0.426091277908085)
(2344,641,0.2820210902460709)
(306,598,0.9479666458943112)
(1212,624,0.09144786268220173)
(877,583,0.452300973533044)
(1566,576,0.12466504967330871)
(1734,593,0.037449660465897705)
(1061,622,0.02199141499128887)
(295,632,0.8231898351441733)
(2287,626,0.7547906173416666)
(2374,592,0.14581289696884392)
(2125,654,0.45245380755200104)
(2103,634,0.6068639982291272)
(179,641,0.6926471861321933)
(1957,663,0.6321499681145933)
(268,640,0.9124164872662128)
(1799,640,0.7095191536213017)
(732,656,0.44424365846333547)
(2355,615,0.9336043888843442)
(1007,600,0.33549225197884514)
(2063,642,0.7022720777454686)
(2023,628,0.3211280372791262)
(632,598,0.6760347769255655)
(2434,626,0.33130225372564504)
(876,588,0.4378122847910314)
(1715,622,0.045721906991825656)
(284,593,0.15936223784805525)
(1821,649,0.8448234812198261)
(1614,623,0.42672975002690805)
(1342,579,0.08972872531055842)
(201,658,0.4080672769695586)
(917,630,0.48389566072463386)
(1811,606,0.28996858227060185)
(1770,667,0.8523207260585219)
(1294,665,0.8969886057067027)
(682,611,0.7254905290161686)
(774,639,0.5518638934296259)
(1632,608,0.5920720561152006)
(2165,616,0.6058770694205936)
(1923,640,0.6322438865545)
(1283,601,0.37289517181077136)
(1928,612,0.7643448265929608)
(295,641,0.20868859579906418)
(68,629,0.4621287128585767)
(2199,621,0.2017388114708083)
(1539,601,0.3141948228440199)
(1046,581,0.9272983932009559)
(155,633,0.23402145974493083)
(97,603,0.3395660556385145)
(29,669,0.7925220393930503)
(801,662,0.33034052584078943)
(2083,636,0.02500661975718521)
(1297,613,0.17358046237908265)
(1042,616,0.502540086730993)
(272,599,0.6484332563287704)
(269,569,0.8350930666580234)
(377,646,0.5821137136409131)
(145,611,0.7201435777633961)
(2162,631,0.6483521743402795)
(1715,618,0.18804723238422416)
(160,642,0.29612825174309865)
(372,657,0.5508442907554997)
(1662,646,0.43884785469204535)
(2263,622,0.705822900385706)
(1603,620,0.3882273193802729)
(2314,607,0.1299122664620589)
(288,608,0.26886599352300466)
(1357,643,0.6520425609197076)
(825,615,0.676113468359716)
(2449,619,0.25764547548507)
(758,636,0.5384787196892833)
(1148,584,0.8521000281256604)
(264,588,0.9916382350266869)
(1007,649,0.5164515669308806)
(909,643,0.7061789164975578)
(761,626,0.6731537835070285)
(1237,636,0.3280491492978068)
(560,615,0.2910678140389815)
(1635,603,0.7060959299805935)
(1286,602,0.6784432869901418)
(733,625,0.05913661821983818)
(1148,628,0.8793333462211345)
(89,654,0.06910033804218862)
(788,625,0.3436902671535821)
(1111,632,0.3532532720789141)
(704,634,0.3254158811594339)
(307,625,0.9586422047328028)
(511,629,0.030051215284235044)
(845,662,0.5946396341088619)
(1936,663,0.029485295738774342)
(2384,638,0.46089979937544945)
(2226,642,0.348126692157515)
(1227,643,0.6823198747806962)
(1367,632,0.16858972562061825)
(1758,618,0.1821226958570915)
(2400,650,0.9236866699131236)
(1357,607,0.7596045569208981)
(1049,668,0.597644440936166)
(2193,629,0.7817475709596675)
(1394,599,0.8614884594264105)
(277,643,0.162595948202935)
(940,606,0.700751896401179)
(1744,622,0.19391831621601308)
(1361,604,0.34064493982408595)
(224,609,0.4630309077968412)
(2262,642,0.6345870959455218)
(1316,613,0.865019066867085)
(349,652,0.6930362020652548)
(589,614,0.7253567457828154)
(1458,603,0.18570855848543344)
(994,617,0.2550670509591626)
(474,630,0.7938297099600921)
(1906,660,0.7802355717352883)
(1516,660,0.6258619176720134)
(1408,646,0.016758455618210433)
(203,659,0.0715097607885331)
(2364,636,0.23144334306670933)
(1357,623,0.3505669323653028)
(774,589,0.5163015936581771)
(1433,605,0.732463047618143)
(820,644,0.7480523138429915)
(1946,610,0.1328675203769134)
(565,660,0.8775482294887648)
(2018,606,0.44137776826757835)
(1691,599,0.09150140164124376)
(779,617,0.8255387874103098)
(2066,611,0.2785955514727938)
(222,624,0.3003541823274679)
(842,634,0.6656103237500391)
(2349,582,0.8927710703392797)
(414,650,0.45932656760646273)
(2000,628,0.23357379333052963)
(1397,666,0.8617477716582775)
(1836,635,0.13373374139799166)
(2381,604,0.6666818165909904)
(74,615,0.2993267169763387)
(496,599,0.23038040150056738)
(256,629,0.4620369719037757)
(322,643,0.14390565362217111)
(1515,632,0.5186951450549072)
(1899,603,0.5373366000911064)
(572,629,0.4514893903436331)
(1428,621,0.8122408023421436)
(1095,600,0.3566459961472963)
(705,604,0.0822695264196529)
(988,627,0.4043373206598161)
(1906,628,0.3703692112238707)
(87,624,0.6133400629364304)
(1335,644,0.07628837291884527)
(1333,625,0.008024427972133652)
(2106,607,0.20311439961957445)
(1180,609,0.4592417820481274)
(967,630,0.5484490980777794)
(255,653,0.6574927654825191)
(368,658,0.0343628297629055)
(2411,654,0.12721130320956586)
(27,602,0.04692572880623069)
(180,595,0.08281822541434414)
(2038,645,0.537042627657663)
(2039,627,0.7717129878285904)
(1089,634,0.837848181441865)
(2076,631,0.4821283528337711)
(755,639,0.2397273303773353)
(2046,642,0.4005687187670556)
(1806,597,0.2884427382934347)
(674,636,0.49049313252214566)
(43,620,0.9275300252847742)
(2082,603,0.2702301012181765)
(2322,620,0.6336652521268852)
(166,654,0.8870331038067774)
(1284,617,0.6539007746474446)
(978,634,0.21142913723840562)
(1134,626,0.858123375439731)
(2434,639,0.5976162984954847)
(553,609,0.9373465120362088)
(335,575,0.6784151603949302)
(1368,652,0.5585144881627042)
(1597,612,0.812825152432773)
(460,561,0.9035035445347288)
(137,634,0.3412461248242802)
(491,655,0.5453551730263929)
(1815,618,0.36638538225897144)
(1976,664,0.35456349467334236)
(190,632,0.859456860550753)
(1255,611,0.233683962821981)
(996,644,0.3225608620896008)
(1280,628,0.6583095630693837)
(435,649,0.9906580059754377)
(1120,615,0.9719492540487443)
(2064,653,0.7842870153603592)
(1025,627,0.09368890851176437)
(103,600,0.22846116876517786)
(1727,625,0.7200152078616083)
(499,597,0.5666642340092946)
(483,635,0.26603403840364526)
(35,647,0.1186347116719425)
(963,623,0.541098520808782)
(1671,631,0.736144197889102)
(1147,636,0.25915686809161365)
(2131,593,0.18828694043306016)
(1093,623,0.8908132821737075)
(1797,615,0.5471141009048196)
(2115,636,0.565304754712084)
(1190,640,0.7623606232831318)
(1460,631,0.48299681151456353)
(2059,636,0.26009626743273107)
(535,583,0.9924577235203323)
(2293,603,0.5663488830500096)
(1425,622,0.8215377788245227)
(487,655,0.9617194025891438)
(1353,676,0.018760656777225382)
(674,618,0.7705091293767589)
(705,670,0.9073872704593048)
(2483,602,0.05483597426610798)
(935,641,0.6641104639627741)
(382,597,0.23036210016689707)
(544,624,0.1818789138756789)
(988,633,0.34686047355574756)
(462,676,0.9750671703148646)
(1608,611,0.4027440794050262)
(1290,599,0.008114984647075163)
(2434,619,0.7779492840687214)
(1929,664,0.11546012984402709)
(930,614,0.011724630314486117)
(2049,644,0.2549900535391407)
(880,597,0.18240511888123112)
(2074,603,0.008184390865133562)
(1270,586,0.09476326119114065)
(2117,624,0.3084532439589194)
(1558,644,0.8673095975057559)
(221,647,0.3029578854074654)
(2391,641,0.09718668870149616)
(93,600,0.3872304206299052)
(2405,632,0.6924763119744519)
(2252,623,0.6786259713136024)
(479,641,0.22609067490861068)
(1549,611,0.5177571516981708)
(2357,681,0.9352184125647981)
(699,611,0.6040491178216328)
(1236,602,0.2687004149744009)
(861,611,0.16787792989566042)
(24,590,0.5066452073512793)
(906,626,0.036880036898623625)
(592,606,0.03718014328080477)
(953,617,0.2352215877369861)
(845,628,0.8553386526293536)
(2387,619,0.45584553771521996)
(2204,646,0.4746962000165995)
(1249,650,0.6376806210625541)
(1329,667,0.7194955456992359)
(809,652,0.2892687014520001)
(2043,630,0.40476900171108166)
(592,592,0.6111601365208348)
(618,658,0.172786517121716)
(2489,635,0.7021532481699625)
(352,647,0.58076841920029)
(541,637,0.7248414936798908)
(2436,621,0.607839925530845)
(2498,633,0.5874510797431522)
(111,662,0.9867635545605148)
(2119,606,0.3124224718267993)
(1328,672,0.5509336552892394)
(409,592,0.8779137916678116)
(1240,535,0.2518455374728007)
(423,593,0.8141249035004743)
(2239,633,0.29240010162441765)
(1525,655,0.6373743404157471)
(2155,646,0.9929139802175404)
(1373,620,0.808558859958542)
(1059,659,0.23727614934063057)
(1565,652,0.8474176713813386)
(2282,658,0.02336319149953492)
(1422,581,0.3039786836133158)
(990,650,0.49358824509683397)
(780,664,0.9253514799551976)
(1934,651,0.9166614070359216)
(1503,637,0.719365999920862)
(339,636,0.0711415443054827)
(2158,620,0.8758295037815562)
(2467,635,0.8285341752895594)
(2302,632,0.07333780016838631)
(605,595,0.3959912578559406)
(676,647,0.6809894673335355)
(1248,643,0.6742156041963916)
(970,632,0.4598274000092921)
(445,626,0.2546651119142571)
(1203,679,0.5921787047800454)
(1966,608,0.025336793629965437)
(1360,629,0.7186679264201115)
(1011,631,0.7430151801380844)
(1566,633,0.22475203904028962)
(486,596,0.5340112061327394)
(1702,617,0.6585849626922438)
(987,626,0.3121249178637774)
(236,603,0.5449145665031032)
(233,659,0.8055922980998946)
(514,680,0.08518991867779513)
(1096,629,0.47613588694014786)
(518,598,0.07294068183298497)
(2091,632,0.998364299299285)
(1721,641,0.9205753641676556)
(1754,614,0.09806769403869198)
(2367,613,0.028375708999903604)
(642,634,0.16237352554710216)
(527,643,0.6450167517794777)
(20,647,0.43347085548186226)
(2005,650,0.09630639112604233)
(1540,652,0.8364907073369089)
(1771,659,0.4672907820214468)
(2208,607,0.9635132942588573)
(174,630,0.6657709739415031)
(2249,581,0.5957297643834538)
(232,610,0.4249141928364415)
(2306,614,0.8803445322400952)
(599,656,0.5203827868692661)
(2180,619,0.8706364305640781)
(1127,584,0.6462536695986011)
(2390,612,0.4788152427007182)
(1003,640,0.7945256738153902)
(1671,626,0.04805652927678139)
(1513,622,0.10350887916204055)
(1342,626,0.1747890297314122)
(2268,670,0.289856435646891)
(10,634,0.41652763467988674)
(662,648,0.6761064764512973)
(2328,626,0.40763363325264745)
(2406,588,0.07675129229428035)
(758,592,0.134079109177212)
(587,623,0.7850559774881525)
(103,638,0.65450120759638)
(2007,675,0.9587659517567114)
(267,578,0.9311993187392639)
(618,619,0.8858695207907447)
(909,591,0.3557004809375469)
(551,639,0.8713438915342053)
(201,640,0.8559820309726051)
(977,659,0.7870755162632324)
(1591,662,0.4343518642371773)
(936,613,0.8270114064353226)
(1510,602,0.6674852791373093)
(2246,629,0.9718291767376255)
(228,640,0.10325228648959484)
(1216,599,0.0998969907182683)
(690,654,0.7657906502426933)
(591,629,0.6174579547642102)
(2485,640,0.11259504033412981)
(553,665,0.42120652730271946)
(1240,640,0.97097959008651)
(373,604,0.23940563501567913)
(427,578,0.19823243880424302)
(710,609,0.4812944784749845)
(329,633,0.7301125414660153)
(326,622,0.4317036348377127)
(1003,649,0.7647906991130466)
(2186,591,0.8157055830599123)
(1391,605,0.733448796930797)
(1071,625,0.12138648710023003)
(1520,641,0.6889425843737308)
(161,586,0.1130710443652242)
(1193,646,0.02217907239015182)
(228,612,0.9364911709871311)
(504,605,0.590010789185887)
(2057,651,0.024943320921066325)
(237,648,0.21062455752591003)
(1011,626,0.04066261465598475)
(2071,643,0.03539213459742507)
(2158,609,0.24272191761982098)
(2448,664,0.08972717147066489)
(116,618,0.7778683801165854)
(2254,608,0.41434048524501355)
(2167,547,0.9229783796354403)
(1037,613,0.18134403832071155)
(643,684,0.18191807700828055)
(616,656,0.5143814299352073)
(1339,637,0.5102804140711468)
(146,630,0.2853081753036676)
(551,661,0.18161325203371004)
(2462,627,0.46321880413397487)
(1878,648,0.6031913332907852)
(2052,652,0.12953515232668567)
(2087,662,0.7193482103846393)
(298,667,0.010195023437749584)
(163,617,0.7113966042669438)
(2369,638,0.834809414146355)
(1778,657,0.1965483770396057)
(393,611,0.08456584879334206)
(1870,622,0.44275667236563876)
(668,668,0.4158141931978321)
(363,609,0.3571451640497896)
(1291,625,0.48655686690873445)
(1639,618,0.34994128503653743)
(1112,640,0.4537071462379192)
(1012,615,0.14764629426496745)
(2138,620,0.8138035665898701)
(1640,629,0.1915776020600486)
(101,594,0.37247489553524293)
(2102,613,0.5818409988453)
(1645,631,0.07300943134458504)
(976,639,0.44450343096506695)
(2246,653,0.012779340315761667)
(83,627,0.0010624457847410174)
(1747,622,0.5008439757311139)
(764,635,0.11150269550328595)
(573,645,0.770136326207786)
(1,625,0.9943890803281697)
(1345,639,0.7482662736687672)
(13,634,0.9756010488170452)
(2194,648,0.08488445528749733)
(43,633,0.8038340312476631)
(2126,590,0.264553909314603)
(2203,599,0.9069739731196844)
(334,639,0.7993602967865159)
(1469,635,0.9115831852784688)
(1555,662,0.8162118272100036)
(1552,628,0.671623124327386)
(1092,612,0.032797211862632514)
(850,644,0.7634179808399478)
(1972,658,0.7408975230938659)
(1902,631,0.14321297531177413)
(834,626,0.1774706852278719)
(2030,620,0.46224378545947553)
(781,654,0.6549820001313235)
(1693,602,0.8538636627359023)
(962,605,0.43103040574318485)
(1677,642,0.8925073651489625)
(2393,684,0.5098830628371982)
(2077,635,0.40171635159415187)
(1558,630,0.20235587581185233)
(2048,614,0.13540863159991323)
(1772,646,0.063828519459464)
(57,597,0.16406174104427684)
(581,614,0.5363252310115719)
(1974,644,0.6397308825225376)
(2336,630,0.8416484607784077)
(564,654,0.23523088908279943)
(291,639,0.16232854956372078)
(1734,600,0.5916335782833022)
(1636,593,0.301181287572168)
(222,596,0.9705714026824692)
(1163,675,0.6680048392144882)
(1506,639,0.31430463382395024)
(1201,653,0.5424672569384191)
(1091,609,0.8520112312554029)
(2081,635,0.9494295426231151)
(1364,609,0.11147030339716979)
(2071,620,0.14067201662480766)
(2373,644,0.6591806814937016)
(1230,591,0.17541694362639226)
(1641,604,0.10857790122442157)
(175,628,0.7601215495066639)
(1513,615,0.7097963655149879)
(2230,616,0.48426822396155067)
(1225,640,0.36340615556515465)
(1121,637,0.6277480204875051)
(1683,634,0.8422702072140923)
(1184,622,0.7595304526801221)
(1758,589,0.9627465521384372)
(349,624,0.7536194040824569)
(969,613,0.2822480394931577)
(1088,615,0.7925314815564152)
(662,624,0.5309236163739711)
(340,671,0.6963296408425952)
(936,682,0.6533217891728627)
(356,674,0.8897335314821696)
(281,626,0.7994636309116209)
(1082,693,0.9589616502342583)
(1660,646,0.5019449698616575)
(482,679,0.6367449848096834)
(287,638,0.2321067721286354)
(1197,614,0.7100432965569474)
(1367,677,0.703502750776976)
(150,663,0.5409797320880869)
(1628,616,0.8986139834021709)
(615,652,0.6136730287260013)
(2405,621,0.29896368935464934)
(1631,614,0.6789549625385545)
(1456,607,0.13231314032548813)
(452,606,0.2785547438493553)
(1628,654,0.6188239891636035)
(2262,638,0.697794101800052)
(2052,657,0.46531679414691285)
(908,633,0.6002532090353233)
(2084,617,0.2479715618666316)
(1299,621,0.4742139286605618)
(1820,682,0.06283029138434881)
(2135,599,0.82632662824781)
(1923,618,0.32003865068783877)
(2377,619,0.18276581108201995)
(2317,638,0.57481349556194)
(1208,687,0.6131157339618089)
(1659,610,0.4995100488488202)
(720,633,0.09975434487769974)
(2054,626,0.4119892840659356)
(888,680,0.02316285170585597)
(1583,636,0.7585031884239041)
(1778,660,0.3633804047644472)
(1440,612,0.9190716979696555)
(1090,621,0.6129271360601249)
(1595,628,0.06128573705689799)
(2020,593,0.6841692050820478)
(1840,632,0.30505520726370927)
(32,580,0.464458579833112)
(388,616,0.2827883237232389)
(1486,604,0.424771511555575)
(316,624,0.7494280582025794)
(2083,592,0.7145360127294064)
(1768,629,0.6089365738116417)
(1559,619,0.9515875661086964)
(1257,673,0.6092305902326536)
(838,610,0.9914176640965666)
(2182,627,0.2602804248227544)
(738,609,0.37405390675453876)
(54,645,0.7674828309303917)
(682,636,0.6944160262068803)
(2146,603,0.3602064716868578)
(219,596,0.9174045224366685)
(2398,630,0.6294677912438214)
(761,701,0.94685581946432)
(1964,621,0.26105101718841617)
(2374,617,0.8368435921263642)
(380,618,0.31392969364770473)
(1253,597,0.06804036324872664)
(692,605,0.2466849973099483)
(2394,594,0.4153733207740893)
(114,640,0.47439968858124526)
(533,608,0.44875341547035175)
(1473,624,0.14278154710696034)
(769,651,0.22789207265958267)
(1242,630,0.8894340380310639)
(2242,665,0.9161247130648003)
(377,616,0.792795943063231)
(2371,638,0.04296763632750733)
(922,658,0.5909713423719694)
(398,629,0.9845732845986492)
(2254,686,0.7787162004481124)
(418,626,0.5829251483287813)
(477,572,0.08219943093000037)
(1671,617,0.5229591745105333)
(1031,636,0.2229857961080749)
(1138,617,0.5241598341993242)
(71,641,0.2931354907363989)
(1745,608,0.6364548881407385)
(974,571,0.6991277120862521)
(291,588,0.4664224116916903)
(699,613,0.3973165968682947)
(2121,610,0.02908158886201706)
(789,585,0.5570103735086773)
(1152,615,0.281452867676686)
(1163,654,0.024985447336921318)
(1866,629,0.5365671959983715)
(238,632,0.7336781089323161)
(401,640,0.5235605180703832)
(2438,636,0.73926609439458)
(310,631,0.02033166653999885)
(1738,624,0.7752917210249197)
(234,615,0.3095518367717335)
(1199,690,0.9213058184964539)
(83,603,0.45244330984628656)
(1362,660,0.6829947477894754)
(1046,621,0.7328640123970961)
(576,626,0.5879705699322967)
(1217,649,0.544462874649761)
(2409,588,0.7188291512094258)
(1263,612,0.402828111872953)
(936,634,0.92322682821409)
(1594,627,0.94297737240457)
(1351,592,0.011638437420447456)
(523,618,0.7240798718250581)
(1637,643,0.3198064204560742)
(813,572,0.5702723685035681)
(2151,661,0.7331195985203937)
(1588,603,0.4203468440018713)
(446,593,0.5826232596518343)
(1897,607,0.046054243326458355)
(506,596,0.32290762961525354)
(2453,609,0.31450718959285107)
(1172,623,0.9134207251030014)
(1695,622,0.4340222767890606)
(1770,641,0.8357390003701894)
(1208,603,0.49318846544657713)
(1994,623,0.34871235788668764)
(1486,617,0.6183845925912236)
(1510,596,0.34744389651399277)
(675,608,0.24066502679568724)
(895,673,0.09148187978487754)
(1604,604,0.5603270272637051)
(758,685,0.7361359370836198)
(44,667,0.28025454399563476)
(2047,628,0.4529544377581797)
(2166,565,0.813861229058475)
(67,641,0.8788063534035152)
(1761,618,0.3518365464582668)
(2343,619,0.7143619674155497)
(1752,644,0.3591958349370219)
(2250,635,0.4315610941214755)
(254,633,0.4986011498929851)
(2475,617,0.7202002290970081)
(1498,599,0.5225717944392857)
(924,644,0.20529660762586455)
(1226,630,0.38715633505831304)
(1086,655,0.8276981986288258)
(1517,634,0.22905669164351639)
(41,627,0.6789344598158733)
(1574,667,0.13923178163105654)
(875,644,0.8872265911254867)
(1252,651,0.28332690880014744)
(1471,660,0.5376432398800053)
(20,626,0.2596804397224014)
(644,607,0.6831909333617942)
(2428,628,0.5373671969309872)
(2215,627,0.8567546937347646)
(671,607,0.40607968000031625)
(1090,615,0.13171864905990338)
(96,638,0.38023349723143385)
(2184,591,0.150587237203351)
(2327,594,0.17529695557342184)
(1296,605,0.9825142419717058)
(1982,626,0.8034474960316035)
(1599,605,0.5730741981710755)
(1198,621,0.06078041401239542)
(268,638,0.7465381904005655)
(1596,636,0.4555957121606147)
(1764,628,0.5101193194995154)
(491,631,0.28223515395418775)
(1432,653,0.8999981517751047)
(1257,639,0.965356340656045)
(2213,560,0.9975263031877036)
(1988,632,0.013064855725246627)
(1679,605,0.8449322315130973)
(1276,625,0.5307049672743286)
(1231,550,0.9166276317030717)
(17,647,0.8696557951179692)
(2265,639,0.4709769636502522)
(1393,650,0.8185548016463468)
(763,610,0.6353687552310917)
(1253,631,0.6450522332204042)
(366,623,0.5410830371903756)
(2049,643,0.40942681448349694)
(330,629,0.18777612645524921)
(675,589,0.20979758871961884)
(2320,621,0.8779949827916296)
(1837,670,0.44850727928726986)
(2403,677,0.9268221100017504)
(326,656,0.19909210930164623)
(46,632,0.8722586914457223)
(1213,665,0.7232428084534528)
(1400,610,0.3449003424473802)
(925,617,0.870231982731558)
(528,645,0.393102137375266)
(1398,639,0.7898550980180288)
(1862,685,0.06333472398283257)
(2488,605,0.010431677249550964)
(1047,602,0.6186125781081644)
(2100,598,0.9784699727484876)
(920,571,0.15162440999164306)
(1413,619,0.036268225356151707)
(1993,621,0.7640852208650114)
(2339,633,0.39721587955456206)
(1380,590,0.3236196549650263)
(1138,649,0.9678771355384996)
(16,609,0.7882843977364639)
(2030,621,0.029914180694042614)
(351,578,0.1348718917614281)
(662,587,0.8580675926040147)
(1870,607,0.6868097569010715)
(1793,651,0.0047784825452666935)
(379,647,0.6361220121467621)
(500,592,0.46028578438915324)
(1547,611,0.5022361011443938)
(779,601,0.8995737855210988)
(110,607,0.8429977919248323)
(774,663,0.061264812246826006)
(615,635,0.1630657986238695)
(1575,634,0.3334479238179666)
(1582,593,0.5781878864485365)
(1067,635,0.007052668272767959)
(1210,614,0.11171882008119671)
(517,686,0.823572586264699)
(104,674,0.5938164704427611)
(991,618,0.9686058934238434)
(1075,652,0.3680945536389648)
(1555,614,0.6711143580332368)
(396,606,0.7682371792019095)
(1961,641,0.9599487633710362)
(1442,663,0.74776661678802)
(1502,617,0.732425950994253)
(1043,596,0.9712455250182631)
(468,601,0.48501122237512373)
(2481,603,0.23956624100540724)
(1659,631,0.18129103973297322)
(898,572,0.2535817779570242)
(1456,616,0.9285511006378302)
(2366,648,0.3920250584575381)
(780,614,0.024400613425641704)
(1225,626,0.4855405267015005)
(748,640,0.7666479195614899)
(772,667,0.5132638141805153)
(2068,604,0.7299621058883083)
(512,643,0.18746297907281728)
(1735,630,0.5697547232211762)
(2425,615,0.7065786765721161)
(1918,653,0.031538704175292476)
(571,599,0.1396483655758275)
(796,595,0.9511691899546528)
(902,700,0.4288290980956153)
(1867,625,0.2101611069948296)
(971,623,0.9373560249691814)
(1660,610,0.06351785821928047)
(1551,626,0.7996694024604636)
(221,618,0.12262132759823341)
(1589,624,0.634370546734447)
(1454,634,0.17533604619955345)
(1028,640,0.2024699322213992)
(1672,576,0.27745984284316305)
(838,617,0.2936525558007411)
(2325,567,0.6586954038158706)
(437,615,0.1618141765224168)
(2466,655,0.17745353490890947)
(1062,594,0.48921007199978983)
(202,617,0.8249595883355042)
(1785,599,0.06686539710815143)
(2260,629,0.7076681372386864)
(1760,610,0.3424524254928448)
(523,622,0.7760973560188074)
(296,627,0.37562068358468925)
(347,635,0.9352536490217)
(1674,632,0.08643701592714381)
(2431,618,0.8737049082091054)
(2068,601,0.32934330490074637)
(1533,620,0.5568743940666562)
(1536,616,0.46735108977564976)
(2420,587,0.24052174217970912)
(1643,642,0.38679769028050937)
(1056,636,0.8442118818616393)
(1584,634,0.19806346228510352)
(960,608,0.6397375697904101)
(653,618,0.8346653027408005)
(260,632,0.16366628010066053)
(846,602,0.4433901113599479)
(1591,631,0.3594417221235)
(1846,624,0.4353441635083831)
(809,633,0.1882079291123645)
(885,607,0.13854280694311083)
(2493,583,0.4439554342676706)
(765,604,0.02657191860113306)
(1812,657,0.29495799428707115)
(1066,624,0.11807970457540351)
(2426,603,0.768657777379853)
(397,632,0.3014656861578573)
(2157,609,0.41723794258854496)
(403,599,0.0899240791334972)
(2372,635,0.5621822981889945)
(1955,593,0.7544180497502648)
(868,604,0.1992449318342533)
(471,612,0.37635243352930403)
(1077,661,0.30609222406663095)
(1973,612,0.13747057889218506)
(492,633,0.5660620622074954)
(1331,624,0.7332530696232528)
(681,600,0.2192584761722539)
(2079,631,0.4590392606722271)
(2036,614,0.21417098864801165)
(930,648,0.19247269901862551)
