(883,620,0.8490189474797455)
(2257,602,0.13921184986929958)
(2203,628,0.8901778634782261)
(780,600,0.006570453156924727)
(2468,666,0.3962009748907269)
(1390,628,0.9144622939523217)
(6,636,0.9651193293864426)
(1435,614,0.9539753866479997)
(1980,671,0.6938017797888931)
(2344,627,0.8457945042695045)
(1749,625,0.8645540328757005)
(2473,652,0.786013534107807)
(1596,611,0.7754462727190813)
(327,654,0.26081964600794305)
(2280,574,0.9695392742673362)
(16,630,0.4674665793188969)
(1086,631,0.6100824084784848)
(2349,643,0.7061441510699961)
(794,668,0.6169899393402947)
(1575,606,0.8706129382319154)
(2009,632,0.8975334869724609)
(1290,579,0.5321294675109934)
(805,643,0.9860815482551304)
(1312,634,0.7973832960677817)
(2000,621,0.426579152216081)
(352,634,0.2149684923748698)
(649,650,0.6063622328935537)
(1624,637,0.885320695833494)
(1346,651,0.08319967472405732)
(168,572,0.11524142664043668)
(1377,619,0.7909618454889561)
(2228,626,0.3885818355538265)
(833,608,0.085569135802822)
(1268,670,0.09093193380040476)
(2012,644,0.7022151669321699)
(1287,638,0.30025886807693447)
(1024,601,0.19973217116720765)
(1099,658,0.9768395444356197)
(2146,646,0.17046882704987687)
(346,624,0.8023078666668358)
(167,631,0.5582100800257774)
(1097,612,0.3242667929723476)
(2045,636,0.7827916683785784)
(1956,647,0.8170510106268213)
(1538,604,0.2766836556655834)
(1476,601,0.29911368093378)
(1971,658,0.29957807942882864)
(73,617,0.5981604785414755)
(71,672,0.3441093374556454)
(1730,597,0.8417026613427525)
(2407,620,0.7758782056422688)
(1446,625,0.9605932320142726)
(122,619,0.6078891365303948)
(487,635,0.24438009562227458)
(2398,621,0.5741009095495703)
(2048,628,0.34648517788502053)
(2118,603,0.8329301120624615)
(443,635,0.28221491236639906)
(2250,586,0.4023149203557044)
(2294,590,0.7879036619159694)
(1814,610,0.9916706276092285)
(1358,657,0.0652388138054294)
(1823,619,0.7881396266486356)
(2084,645,0.8174595144005845)
(115,641,0.19307514790781666)
(941,588,0.8717049927532915)
(1434,591,0.42591505699068155)
(1319,613,0.6575937663068862)
(762,630,0.17765311909881265)
(952,602,0.8098007927718635)
(241,617,0.6057615453948721)
(1841,663,0.9902796376449994)
(193,612,0.10061364760974822)
(45,637,0.19139613170433123)
(364,601,0.3731827971544138)
(342,601,0.695393837852346)
(836,660,0.25723491128365783)
(1491,623,0.8384502559438765)
(1404,616,0.830478689781367)
(1256,641,0.3561327125734758)
(2404,615,0.2572878142349083)
(562,663,0.2910295654023942)
(2487,677,0.31268352002172317)
(177,590,0.44436712851559723)
(1256,593,0.6534668019753495)
(158,637,0.14936254109880798)
(1607,646,0.6869678206942719)
(1055,613,0.5464447037004654)
(1515,582,0.13408938723301578)
(1676,622,0.8043973765102801)
(1457,621,0.6818669282521473)
(1410,647,0.12354326303152019)
(1708,659,0.30223585117014873)
(553,617,0.7484965510503317)
(1964,626,0.03184551226025756)
(1866,620,0.289457557432071)
(1982,604,0.4816168440414583)
(1974,630,0.5633040188769174)
(1401,616,0.9010442440189124)
(18,649,0.7725645363524297)
(1519,640,0.06777536215786473)
(253,667,0.0020551512409734407)
(2425,595,0.8810346589079024)
(1835,615,0.19302528071531533)
(2195,624,0.7461800497411808)
(496,617,0.7056702631215236)
(1459,631,0.6263125976840641)
(327,642,0.7112848936686892)
(2179,627,0.9717963309203469)
(1559,611,0.6975859881580896)
(1225,584,0.7426555946196307)
(1872,594,0.8050611573621219)
(493,659,0.6004574831468347)
(2235,619,0.8495687622883008)
(449,654,0.4008250891774554)
(1692,603,0.254490201866574)
(1431,602,0.04143410355773647)
(1632,614,0.14660546961294152)
(1828,608,0.21622149987173667)
(807,622,0.00588446617783267)
(1976,619,0.020844828011637673)
(2060,638,0.6527162269877252)
(1195,648,0.5371022770001929)
(637,625,0.657854368619397)
(1221,667,0.8994656287446892)
(1950,642,0.035141432900499425)
(2452,584,0.3655912339254044)
(2025,638,0.41241897720756093)
(2362,576,0.18959750284767551)
(2126,612,0.11709573048229516)
(704,631,0.8896272933583605)
(1297,598,0.45205215491893713)
(2332,631,0.10352470338447373)
(1926,645,0.9229703080600369)
(564,639,0.2495071756857129)
(2261,655,0.43591785936908467)
(1394,647,0.383741570194038)
(814,669,0.35449560170206973)
(156,588,0.24481262038497675)
(338,606,0.878518289711011)
(266,611,0.7746727979520581)
(69,627,0.11872709729012532)
(676,621,0.008499501601373027)
(1784,593,0.46861495674256637)
(2407,626,0.26939895477826425)
(1346,592,0.027600781604105062)
(2163,604,0.5384668240301402)
(2377,637,0.8251531448114519)
(1270,623,0.2620864997425637)
(1065,604,0.5985619665719917)
(310,645,0.3679795844120626)
(2008,623,0.7506914387656994)
(2499,621,0.651238567984402)
(67,653,0.8358043203400872)
(1981,630,0.3758505932185887)
(456,624,0.40516141443776443)
(1732,616,0.108788012731872)
(1336,639,0.8742024828361392)
(312,636,0.617875850670486)
(775,645,0.6472566711327665)
(329,627,0.21388516707960925)
(537,640,0.6600530732567057)
(650,622,0.8292616006359785)
(2175,607,0.38736104310387076)
(1037,608,0.5384326512646606)
(315,631,0.6848025054230564)
(103,631,0.671048546613291)
(1758,612,0.4145698194186421)
(237,592,0.8336793698978586)
(710,645,0.537952844612277)
(473,591,0.492449172345631)
(1679,612,0.9922648012144274)
(1289,612,0.8267570537376849)
(467,604,0.8129429088290743)
(928,697,0.40347242083697377)
(1368,643,0.08879671808253131)
(1616,618,0.9087348052679967)
(1145,640,0.9188222433525164)
(1224,623,0.06506218287152099)
(925,639,0.7079445218785896)
(2189,634,0.4069372448050347)
(201,614,0.4989705312521918)
(510,643,0.4137372327581169)
(1417,645,0.9858651116598037)
(1960,632,0.9392813751895096)
(1042,588,0.8161764349651951)
(32,627,0.5949988577675825)
(796,633,0.4258287654957299)
(1866,617,0.6517631273739127)
(979,605,0.9608055897320588)
(31,600,0.12627204124371594)
(2064,655,0.17715171898753956)
(572,603,0.13191971786061163)
(1581,638,0.32481487687652444)
(407,627,0.2391025443898157)
(1845,636,0.8026622071135936)
(981,599,0.3622001210247755)
(2293,598,0.1135863511878481)
(861,634,0.5801928578088767)
(2151,636,0.24811159332963162)
(2059,652,0.889051832841811)
(1868,632,0.4114782494121023)
(234,610,0.11134671314670352)
(636,668,0.5346517577652407)
(1552,647,0.6347427948363874)
(1391,603,0.510721698209973)
(1811,647,0.12968115357173526)
(1276,676,0.8245758173417542)
(2226,601,0.14110115371769494)
(1361,636,0.6355400877178863)
(2448,629,0.5679229997049158)
(951,599,0.35262896056368165)
(2430,629,0.6014853553392772)
(1783,600,0.942959929864921)
(1886,577,0.44682991349059886)
(432,610,0.282752304130114)
(1253,653,0.5040584486015182)
(27,615,0.5952509142285286)
(2326,609,0.21316666598325718)
(1262,639,0.06872733478819737)
(767,602,0.23414910980416337)
(2425,628,0.43180415224756974)
(792,629,0.7192265479140514)
(2047,663,0.4407229220889053)
(740,608,0.9338751754273278)
(1844,602,0.15996665721767567)
(2309,614,0.7401203385007646)
(2410,622,0.19211517169759829)
(1537,623,0.5525777438486233)
(2460,601,0.19294530592652193)
(1543,613,0.2267430482293551)
(2113,578,0.21446837606075186)
(1983,609,0.01645799789679181)
(1839,630,0.9019251050030802)
(1629,613,0.7436515892826235)
(25,651,0.5940220065664071)
(710,683,0.03508843650277926)
(533,639,0.12212003652806391)
(2156,643,0.024332837116758377)
(1829,615,0.6898470672901882)
(8,651,0.8080247768722353)
(988,703,0.7942123925353615)
(615,665,0.5957720243533001)
(927,591,0.8536745129886805)
(1704,586,0.9612239852594688)
(788,629,0.7213753110537111)
(808,619,0.4861133265575558)
(2020,608,0.704169709562627)
(142,686,0.27060834558338476)
(1690,692,0.6109381462856501)
(1109,638,0.5852663526216696)
(141,631,0.09560307675158775)
(544,653,0.9245251003678232)
(519,603,0.4596059235088683)
(1858,598,0.44185577045875457)
(464,653,0.6154531307886225)
(2068,621,0.2812572781313426)
(1460,653,0.36106545268323764)
(1268,632,0.03464936259549878)
(1501,586,0.9358306388790549)
(1722,596,0.10895735174103283)
(988,615,0.3684238506027291)
(1794,607,0.11231642363872774)
(324,618,0.8107916742251067)
(1228,614,0.4058619955148247)
(113,642,0.7207001371159605)
(153,616,0.7017968512220055)
(1768,614,0.07842887751343341)
(1597,607,0.8503540322142888)
(2428,634,0.3866724145254876)
(2125,598,0.14090085081074377)
(2365,645,0.9216011901969703)
(1497,599,0.25921452965595027)
(92,603,0.24782301907380255)
(261,602,0.9314387692694436)
(255,650,0.24497666583031552)
(1146,626,0.05226991961122174)
(1289,642,0.7080547805680386)
(41,617,0.3429436186825824)
(1704,637,0.500049045798237)
(1178,662,0.11729162489998235)
(1379,676,0.4994803700088877)
(2015,633,0.8805370266017816)
(2488,651,0.2538915626156478)
(354,620,0.029022157796867343)
(664,632,0.36310045385551126)
(1880,635,0.5276266160357956)
(634,587,0.4653647832032334)
(510,653,0.7415341974934941)
(2219,597,0.7226485251716566)
(1760,593,0.42423305073775675)
(663,607,0.2807408463466122)
(838,659,0.09949054106388855)
(2235,591,0.19116407568398197)
(1163,598,0.932423240610236)
(1098,635,0.13294234960189755)
(2170,607,0.8323421194883827)
(543,599,0.35576730412490665)
(1229,608,0.4362921501682753)
(1409,600,0.9373088708339679)
(1459,626,0.0521984628644897)
(2261,629,0.35238437990455873)
(1287,646,0.23768982904660718)
(2130,621,0.6333398309225294)
(607,612,0.5841209124552322)
(1381,632,0.1860026285596661)
(92,599,0.38312170976341176)
(2083,603,0.15885013408893778)
(1757,606,0.7202676783114575)
(2318,611,0.7939812739790733)
(442,641,0.1144538860541322)
(1766,624,0.6012407693500869)
(438,602,0.3371756595825558)
(311,635,0.8379337553638861)
(482,596,0.4307744466013106)
(1429,634,0.7831630152628312)
(1636,621,0.22866555108793218)
(1508,606,0.8779039962586491)
(695,633,0.9009028469968451)
(465,678,0.5085032124465357)
(1371,636,0.6196380927429681)
(13,640,0.5942394837206922)
(343,623,0.628257707645249)
(2338,623,0.32580805523740264)
(2052,610,0.12170445812993791)
(121,616,0.605396908645151)
(417,578,0.03214472367693022)
(1907,620,0.03532785627637858)
(260,645,0.999872310602195)
(2055,648,0.9591208616799083)
(51,651,0.9370115096994416)
(221,636,0.44746512404127414)
(1977,610,0.1768166762698976)
(1621,618,0.19353269861167433)
(871,653,0.979409668352282)
(853,606,0.9528349073868153)
(2173,640,0.22302594547749077)
(1580,627,0.7063065422652783)
(1015,621,0.17400303497092018)
(2247,629,0.665651218065188)
(1081,616,0.06773145400316127)
(1749,621,0.9340691577953069)
(2301,605,0.8201102346945338)
(2438,623,0.8600613265511113)
(1315,672,0.06584542781483427)
(2051,606,0.03651113466386724)
(2077,650,0.2689123481092218)
(28,616,0.8879393473496352)
(1460,599,0.6437177966192055)
(1400,632,0.6943122927938644)
(2105,622,0.5750587488214287)
(1554,635,0.6121895597750159)
(764,638,0.4902692844210951)
(2263,670,0.8726662971164166)
(1847,636,0.3584376773109066)
(1364,602,0.6077191916064171)
(350,673,0.16544535498535395)
(824,655,0.5015223612071628)
(1755,629,0.7626316237354285)
(1961,647,0.45660432956505403)
(700,599,0.8885214218116692)
(456,673,0.01075079918621058)
(1164,643,0.5369333393249073)
(1668,624,0.5920398165201711)
(1925,659,0.28368875336699517)
(284,652,0.22193285204230506)
(2135,619,0.18794819289573284)
(99,617,0.38729577378557956)
(2381,670,0.011884828541587122)
(1736,638,0.271588397395784)
(2476,630,0.5448134850063064)
(178,612,0.2957794235436825)
(1430,598,0.9700660112102588)
(508,645,0.9862356105377816)
(571,608,0.5601927442929437)
(1572,605,0.7966176227929282)
(68,626,0.2724350986336913)
(999,584,0.7109885933105131)
(1586,610,0.5753802698670661)
(2216,628,0.7180621000288476)
(1185,589,0.455913431022689)
(921,645,0.7061028891473204)
(689,638,0.5131349501324739)
(1413,668,0.26074580852617646)
(1350,656,0.46367196103182584)
(180,631,0.4845434099928352)
(531,617,0.4766599221006338)
(1095,556,0.046536968210385665)
(1997,648,0.8972202514326401)
(2472,646,0.7377256490333579)
(229,592,0.22554710843543702)
(2110,629,0.8048785232044813)
(2053,606,0.3354286257324779)
(2174,673,0.3122164877160868)
(236,641,0.44573952825873897)
(460,652,0.3792998014623402)
(840,669,0.17098382506012322)
(873,628,0.19385901295185248)
(507,615,0.6680912137506264)
(1818,613,0.2861722813446519)
(1434,620,0.09619067320690022)
(1572,672,0.334881340340629)
(337,651,0.2861993419666825)
(398,604,0.6005096571529748)
(198,623,0.16227353222382856)
(381,668,0.3014679495230569)
(1886,660,0.7578987106112621)
(277,617,0.4827594982951965)
(2292,606,0.2065157490304912)
(530,625,0.9154938395671679)
(504,636,0.6239435956639207)
(1503,606,0.2125861116736264)
(798,621,0.6911774884975094)
(2224,636,0.6232126066503028)
(1696,624,0.06902971121131729)
(1417,657,0.24865599082451673)
(375,608,0.7861023135524098)
(1745,643,0.6622193911611647)
(1652,619,0.23297320365838692)
(229,616,0.0568947468518064)
(588,640,0.7352001199370417)
(679,653,0.6762767715112468)
(1390,631,0.6444543964227077)
(1685,598,0.610407422533154)
(2243,604,0.8022940453005081)
(1295,622,0.15809751077340806)
(852,621,0.982859415533272)
(1031,592,0.008122912709123908)
(1532,618,0.8397308995992904)
(947,608,0.6506279102888604)
(580,638,0.06469653877991766)
(1323,651,0.5893003744362247)
(1343,671,0.8115475075817256)
(1163,637,0.4695808931061184)
(1391,571,0.04818240373078109)
(1039,652,0.019207269703094276)
(536,641,0.34434712388203614)
(2280,625,0.5959420551202013)
(1916,623,0.23604455032987204)
(35,611,0.8247931847329826)
(1233,642,0.26378381586824806)
(2263,624,0.12918607058221687)
(857,623,0.9343415248473071)
(2335,638,0.29543265943540997)
(2330,629,0.8876552688695422)
(1171,666,0.2041777293564523)
(1071,629,0.1557972383911702)
(709,635,0.12187157920783687)
(1928,630,0.6117834611063964)
(187,641,0.8720089077162618)
(644,633,0.6412707580569499)
(1295,616,0.44352732251206284)
(2297,672,0.4222927052015174)
(2472,692,0.6360576848915604)
(2446,621,0.9151137347511956)
(1926,548,0.46664143568167726)
(2337,637,0.47063991526068394)
(2076,621,0.6885672495073204)
(1214,618,0.16051211400388732)
(1926,611,0.9811253647418067)
(392,651,0.31692983806676245)
(1343,645,0.20363442498165785)
(2211,616,0.2560002904875961)
(247,657,0.6372360318601942)
(1217,656,0.10571694449957669)
(1016,599,0.17237469757646762)
(193,671,0.18614898919083578)
(1695,598,0.22678779721322662)
(2378,642,0.2608613464050432)
(597,570,0.33032695794136)
(1673,693,0.814098109809222)
(342,613,0.6478776775475764)
(1374,628,0.1096752299134085)
(915,608,0.7233146025646404)
(603,641,0.6571641600629553)
(808,615,0.8218567310891981)
(1630,652,0.49523061561508386)
(1122,618,0.5641896850434592)
(212,628,0.21644917007016296)
(914,627,0.189709463561909)
(484,615,0.9214000764761806)
(848,692,0.4873783885480638)
(99,642,0.9848371658939489)
(627,609,0.7590473171591757)
(562,668,0.9190317219513665)
(930,642,0.6891355790945567)
(2361,628,0.4927593324394013)
(2387,600,0.15726020080369096)
(2294,658,0.28923349180808167)
(200,624,0.5742238028285286)
(2056,633,0.24465478566392296)
(979,635,0.397116226228831)
(1100,660,0.6647933811863886)
(1623,561,0.3670491303085186)
(1795,631,0.7547377743620807)
(146,619,0.8210399231700256)
(996,613,0.9825770324418547)
(815,589,0.10177964897211067)
(43,575,0.6531096738368284)
(1393,682,0.6392594194256489)
(665,648,0.9138444573684906)
(37,642,0.6540508995239341)
(2206,588,0.3413965068023964)
(212,642,0.5114192517832769)
(1979,641,0.4665696564397661)
(1386,631,0.6326872456329335)
(1950,601,0.9606878202989417)
(2134,603,0.17776603774198452)
(1854,627,0.785849599549969)
(944,585,0.9027096085044867)
(195,609,0.9710968600399175)
(1556,634,0.6961383699573893)
(779,606,0.10892117288873615)
(121,622,0.8677731541346183)
(1230,648,0.8567157289953001)
(1732,617,0.8670780406293768)
(1294,639,0.8956987975964398)
(2180,667,0.03395648283048025)
(2058,597,0.30613617886424194)
(2089,614,0.31700365656255847)
(108,616,0.21452560275805654)
(1703,630,0.36129799316157674)
(2118,585,0.5866125045637878)
(806,633,0.8143129387860213)
(2083,648,0.4190226717285196)
(5,594,0.6600887816478564)
(2336,617,0.47015381583938876)
(564,652,0.8696605097703962)
(2331,565,0.8968372148296548)
(1467,643,0.6453346200791396)
(976,625,0.8735419435110311)
(1899,648,0.20605176396877767)
(1793,628,0.3239154374923253)
(1123,608,0.6434798994514257)
(1482,630,0.7098904159833508)
(319,629,0.6740480861660805)
(1482,621,0.4764695110108429)
(1411,620,0.06130913734471688)
(230,611,0.1398367006557698)
(183,601,0.7946336264704105)
(1666,659,0.5820246566164734)
(771,637,0.7348851128270409)
(369,632,0.41715263424254956)
(628,629,0.11231288165147357)
(1645,671,0.8809673779289068)
(1177,583,0.4820956977861748)
(1078,632,0.7679176944620115)
(31,677,0.4553033698779938)
(1547,661,0.3614519112338198)
(1176,583,0.5780466280200179)
(2186,602,0.5639513417983352)
(1229,627,0.3792720921610365)
(2006,623,0.989872464841289)
(1749,634,0.7915888893877144)
(1099,626,0.26121782651961445)
(1005,575,0.9169589520720876)
(2297,612,0.8053916001871511)
(1116,612,0.19872281580894358)
(1045,627,0.6740564306390552)
(1959,635,0.8065970568044908)
(103,629,0.6665882615206086)
(942,652,0.018186154783465636)
(1763,604,0.8040246322693647)
(622,644,0.45970488382927455)
(2261,624,0.42144982888839366)
(1099,629,0.2503960827880777)
(99,621,0.09168310361351806)
(2338,622,0.4164137051419864)
(1045,636,0.5824692726118698)
(237,647,0.9043494585838764)
(125,611,0.38268856418269814)
(614,630,0.2910795100809671)
(1500,617,0.8389671857888764)
(547,658,0.722256638178178)
(2443,642,0.30108420833640126)
(2008,615,0.7108004472482522)
(1288,614,0.2608822982757272)
(785,625,0.37348587806202427)
(9,612,0.8946574389702187)
(362,633,0.3865791535901757)
(132,616,0.6047457917350147)
(832,619,0.7052387367723439)
(1915,625,0.8182127862534843)
(161,610,0.3693531481862862)
(2366,643,0.015448655993733018)
(1577,655,0.3018859806143107)
(1222,611,0.3973349334822256)
(2275,636,0.7103812538881245)
(750,655,0.030858787533488696)
(2353,606,0.3039004731580447)
(749,596,0.11027425660098711)
(1118,657,0.7697699252032998)
(1855,624,0.6147727870266031)
(1440,638,0.45780461577244647)
(588,617,0.7269736320131136)
(1758,627,0.15527360166879645)
(1299,653,0.9453585515719017)
(1342,614,8.773829288107882E-4)
(1493,627,0.05343567955523898)
(20,641,0.09685854449734077)
(1512,621,0.07371971570700497)
(1613,682,0.9399976744153609)
(2271,612,0.670327002125067)
(1083,661,0.9924274323537909)
(790,653,0.21658956109265004)
(2184,574,0.7683058872791615)
(736,666,0.5087447481483974)
(2017,633,0.2608992186067398)
(1146,658,0.927468560852337)
(1785,667,0.029416069203787587)
(517,625,0.06485084419440978)
(674,619,0.14792622025793967)
(2376,598,0.7786532419885654)
(2172,575,0.8200699552033115)
(1747,650,0.08299289692001632)
(82,646,0.3576957248136008)
(1784,641,0.07075101300002329)
(2248,592,6.520321401126683E-4)
(410,620,0.5319749459632406)
(1793,602,0.3617009366699955)
(2457,610,0.31345579820715863)
(2217,624,0.9332595273965718)
(571,629,0.6518396167059869)
(1380,635,0.49268969910937144)
(1220,606,0.9262093049596488)
(376,625,0.9903997195108784)
(2229,597,0.9720170408306401)
(1303,587,0.05506306402092609)
(1718,691,0.8659301476328035)
(826,586,0.5926235719911356)
(2447,674,0.6849590444621454)
(1853,666,0.8755277954181672)
(2252,658,0.8224067867977498)
(431,558,0.5208046339164312)
(1181,636,0.5638080316372389)
(2103,595,0.2026746959846626)
(790,616,0.28725294984031036)
(232,608,0.38162757735472175)
(710,604,0.4358146176985872)
(3,622,0.4081800474586966)
(2151,657,0.9027699098675778)
(2480,628,0.14878225521578514)
(1505,643,0.6296591193731256)
(2408,625,0.44648179744657746)
(1424,583,0.7623995905351182)
(1738,641,0.4908959774961992)
(1618,651,0.44802476724450657)
(694,619,0.05552065319519206)
(1637,630,0.41600668532854157)
(1874,692,0.2971283512622416)
(688,636,0.08799578961303411)
(1090,614,0.5659626951260219)
(2301,649,0.8556068974678501)
(295,597,0.22602614626578732)
(1413,635,0.2904572688047301)
(1090,625,0.14429473859992425)
(909,596,0.24074892607778164)
(2098,636,0.40831863158585857)
(101,673,0.18083200431077395)
(1190,658,0.23062147224760665)
(1828,649,0.10727946531905563)
(1241,645,0.1629355224470428)
(447,636,0.7738074325898874)
(631,612,0.980398602765558)
(2443,614,0.891381651684699)
(2429,607,0.5754613756247187)
(1952,634,0.09438282898946548)
(2071,622,0.9750250927129501)
(2273,657,0.17393521603778006)
(1117,616,0.2947623975811824)
(1524,612,0.0038142789444883807)
(1611,589,0.7741300242578227)
(1159,611,0.930186100247821)
(2360,612,0.10007091162828885)
(464,626,0.09005456299141867)
(533,593,0.405299827367118)
(1210,641,0.20499088407655985)
(1155,631,0.8282155128895734)
(1494,602,0.9547563511808554)
(1969,671,0.7041688556836748)
(1236,637,0.953737963159948)
(2205,597,0.7998444383892289)
(479,592,0.7431175813472328)
(1794,636,0.38090543423946743)
(2347,600,0.20732408768888144)
(173,624,0.7010179746627085)
(2379,661,0.6196456520844518)
(2250,610,0.3305891415219334)
(1756,578,0.136694923678904)
(1417,676,0.46526617975319784)
(1836,685,0.8503337926482811)
(2151,591,0.15744537557160632)
(92,595,0.7169866552125965)
(79,623,0.4974573566212904)
(454,666,0.5336567662383004)
(1465,627,0.7835306137916527)
(1759,570,0.15804467949931467)
(2216,669,0.7493046318589874)
(1801,593,0.4777378261691616)
(776,602,0.44319325817432653)
(1295,653,0.8313854746910232)
(1447,646,0.9270853669236675)
(993,620,0.7128286913502285)
(846,669,0.039254449710066974)
(988,628,0.04838183033822041)
(51,622,0.2439044672176548)
(1554,632,0.3289171926261715)
(1679,650,0.6119734106314578)
(1572,633,0.6310455462114036)
(169,661,0.8796815096034337)
(1619,579,0.5115135020627106)
(1382,607,0.3359597351443865)
(188,624,0.6561274902150733)
(628,654,0.12868507483563973)
(765,638,0.5707694965254394)
(943,608,0.6235265800971559)
(925,623,0.33381682333904306)
(80,580,0.6024266077750083)
(398,640,0.9124556010003033)
(823,583,0.7124195959510086)
(2191,648,0.4840833079118606)
(1647,635,0.37640563763914636)
(2323,636,0.41909291332577814)
(1566,626,0.8656287148024121)
(1809,623,0.19784153410351535)
(1000,628,0.525415517346628)
(1911,630,0.09476303953875431)
(1992,645,0.5769690589074186)
(568,603,0.39481992746437555)
(1562,559,0.9506022372552098)
(1349,601,0.3598685260836698)
(2209,619,0.515625237672213)
(386,614,0.3403199484533219)
(817,597,0.8852757078931605)
(11,660,0.23293289459606792)
(906,606,0.2986264511019946)
(2305,629,0.5099640966303267)
(316,598,0.7686047242250691)
(1231,593,0.1501871487030454)
(1633,582,0.8299058897045484)
(1090,616,0.6448778341150955)
(1571,604,0.620821335989197)
(559,600,0.4118958385076248)
(1319,593,0.7584428896158657)
(2039,597,0.2735433388083127)
(2105,609,0.40863315818122115)
(1610,609,0.2063531528472241)
(1325,624,0.2885806246656044)
(809,645,0.3386701838747278)
(2075,593,0.4219948249884641)
(720,641,0.3168998784257925)
(781,622,0.7469730649228902)
(1307,594,0.0827572541300049)
(1459,620,0.6837842887652109)
(2233,643,0.3379277570859208)
(2008,646,0.9319429943578624)
(1246,603,0.48529853858934136)
(240,641,0.7506832030277767)
(581,639,0.022715950971171628)
(329,611,0.7404039288419323)
(1383,561,0.7782086053602245)
(2115,648,0.515129150654455)
(2211,605,0.42712432881163287)
(2284,615,0.12641989287958566)
(2327,663,0.773656060331175)
(1822,658,0.3137580155651616)
(2486,630,0.5443074463414296)
(568,620,0.28535011881645755)
(2097,621,0.050334050575803424)
(859,627,0.18064748760432825)
(195,592,0.28360362312134646)
(2468,605,0.08399428418478716)
(19,605,0.8498616005345576)
(777,621,0.8964944442819461)
(1412,631,0.043650181967388346)
(187,615,0.32490377349361)
(1993,634,0.004293280538149369)
(1121,612,0.9119669806781655)
(366,682,0.8581004388288326)
(2405,602,0.9594994736874412)
(616,593,0.22561310666735468)
(1354,616,0.833890814003223)
(1581,608,0.3040002209009708)
(1335,588,0.051219603493119714)
(207,667,0.5924279669810079)
(1797,642,0.60435551943396)
(1645,590,0.32974506958619687)
(2148,663,0.12110207784660365)
(884,613,0.3737644301762246)
(384,625,0.702851158784435)
(851,619,0.39840886739683334)
(1035,579,0.9416540517809237)
(1975,602,0.49333883043505766)
(1680,631,0.01876246779261892)
(1368,637,0.20281364116432044)
(1008,614,0.9610585792240028)
(2409,639,0.03549185280420608)
(2005,634,0.2526216939422694)
(2469,596,0.19732060347972558)
(1093,686,0.3913230327192594)
(1248,610,0.7310195937887558)
(678,621,0.37721779407771283)
(13,552,0.7730703481335144)
(806,625,0.43733455456907233)
(394,655,0.8200085028433864)
(181,601,0.7111585289484856)
(2159,605,0.3589095023811133)
(2465,627,0.5881534977758979)
(2320,631,0.19964141938086766)
(990,599,0.45538093629961085)
(1553,625,0.333018935310918)
(1191,606,0.3381669505730306)
(2476,626,0.3268869733661638)
(713,609,0.3594342977035806)
(466,650,0.979006419510664)
(490,618,0.6367223877409257)
(520,655,0.5931443514330081)
(1087,629,0.9459370885059503)
(2376,597,0.28230428812466224)
(868,625,0.9944024038395654)
(494,635,0.024984931979529335)
(2372,640,0.8288470781264835)
(1979,642,0.894468714930538)
(325,632,0.6033249095485589)
(659,603,0.3648390490082217)
(1858,616,0.6570403130912558)
(699,675,0.051683621749529896)
(841,689,0.5942679050947416)
(1809,610,0.8891421812429403)
(161,618,0.881671055359829)
(2382,615,0.37533354647529615)
(1434,648,0.39826649659188995)
(812,545,0.1731376468904482)
(1373,578,0.3219467574690418)
(53,644,0.7273291503068648)
(1379,629,0.4340075841131966)
(81,622,0.3188017803341052)
(1311,635,0.2545339382285786)
(2255,650,0.615110158996735)
(1579,624,0.6296617690061562)
(374,626,0.2010126370427644)
(224,636,0.8248382744847639)
(1422,599,0.899724056124716)
(2147,678,0.4504608281239727)
(1758,608,0.5568989303721471)
(2414,632,0.7203356650450278)
(2068,637,0.8344087815800838)
(2042,592,0.7876509729056536)
(965,631,0.006485857085471336)
(2282,580,0.07917844868051482)
(131,643,0.7413211299835744)
(920,654,0.07488167308225824)
(2021,600,0.09469963329770459)
(765,626,0.9040043415864242)
(1338,633,0.1591189310605131)
(1942,664,0.7338843152045551)
(723,644,0.8357051222270704)
(1215,619,0.6486918914801462)
(650,614,0.7412774287073925)
(500,657,0.8285584854477697)
(1350,660,0.5950689054243696)
(1145,663,0.10024135690768343)
(2146,613,0.011642265052832279)
(2473,614,0.20983286319743)
(1819,617,0.785441377267815)
(1228,610,0.8654042782865666)
(1178,640,0.21368123348470736)
(1161,638,0.9643563521699897)
(1242,655,0.029352918927751825)
(2283,627,0.8703089295848881)
(1763,642,0.7252753325834034)
(1355,583,0.26166629661733465)
(1667,604,0.20870663333839568)
(2273,622,0.5375926082575521)
(1367,626,0.12251043372864445)
(685,647,0.1600437481640199)
(1994,647,0.6674495884491674)
(1003,631,0.12926418639675363)
(1938,620,0.5633215706632053)
(1903,646,0.14194085100738174)
(615,622,0.7983648004021346)
(2007,680,0.4908087214130681)
(1080,622,0.4708366318604328)
(190,651,0.553808870099095)
(126,633,0.43724454307842064)
(1048,649,0.7891873506000041)
(331,617,0.024678596679770903)
(1937,641,0.2659122949092374)
(2194,619,0.7122617861141343)
(1879,617,0.6094470070193638)
(14,654,0.5013239807603965)
(1100,599,0.5326599230468486)
(1697,658,0.8722469470090325)
(1408,636,0.9688908779841872)
(2034,615,0.17806407128411073)
(2292,599,0.5339876294201756)
(1413,697,0.1398972040728731)
(2172,621,0.036277391512134605)
(2486,597,0.1177402718391054)
(446,612,0.055543502365532293)
(374,634,0.12764685800627618)
(2226,653,0.7805470794352087)
(1924,600,0.7041558697185746)
(323,645,0.9789706389975039)
(1278,619,0.6035080642769189)
(11,616,0.9001435066770094)
(487,625,0.7499364892663296)
(2405,539,0.5528831787050249)
(2209,580,0.9050818667107693)
(541,628,0.8937690158778687)
(1248,606,0.24965342187918194)
(1993,596,0.5834575721499476)
(1773,639,0.5627181006700464)
(1740,623,0.8739377662754059)
(1687,629,0.3262482699162329)
(169,590,0.3886342703819211)
(2484,577,0.9060409766204096)
(2275,652,0.5203672566245899)
(395,638,0.18351845508889408)
(392,654,0.421090925842167)
(926,588,0.11223650573600641)
(2061,624,0.6376624004274395)
(2108,663,0.1576819716546305)
(810,680,0.14172878897000007)
(2057,687,0.4015190621522542)
(2052,619,0.3360194032129612)
(699,618,0.1924896205403136)
(676,619,0.6866173841538916)
(316,657,0.6164041352825833)
(1383,632,0.7087404521391384)
(1618,621,0.7976633261740707)
(2316,646,0.14177171911253905)
(266,588,0.4483764709724746)
(693,561,0.6619018278656377)
(1755,590,0.5873898363762198)
(79,617,0.7783661503320708)
(958,633,0.6229942063045802)
(937,590,0.5133780294324543)
(602,615,0.535661604425561)
(201,606,0.05209254636651628)
(2145,661,0.2435224409219925)
(1238,604,0.44539805488523065)
(1538,625,0.8812199228092595)
(1650,581,0.47290244468280995)
(2228,609,0.908946775423438)
(576,545,0.6961753926172238)
(2346,652,0.26837948098408404)
(1030,643,0.5524369444814923)
(1369,635,0.7733945280572131)
(2000,649,0.7373772004389866)
(1191,637,0.33331187598654954)
(1645,677,0.5845237320857417)
(1,612,0.5797627432272351)
(2309,605,0.9506044080539797)
(890,637,0.04103395617181904)
(2073,607,0.8606821331763845)
(1175,664,0.3092489690150826)
(2018,621,0.9040539958562488)
(1112,593,0.8848413329494234)
(1699,634,0.6741319516501904)
(1590,635,0.561744070576496)
(655,561,0.3433022309698809)
(1209,608,0.24123242337483541)
(2055,642,0.5977898407531832)
(1940,654,0.021776677500094266)
(39,652,0.58294261687829)
(1222,592,0.6139048873400907)
(2268,598,0.21998563720695918)
(851,653,0.915419492153184)
(1174,576,0.8586130971674659)
(1107,607,0.24604329166345928)
(2321,649,0.9003646483806025)
(56,617,0.4442585769430738)
(354,646,0.512643444981738)
(2015,656,0.7965876697008162)
(841,653,0.4157218635594154)
(1330,647,0.07384390651627226)
(1667,612,0.012808790359238542)
(2439,615,0.3954670594727696)
(199,625,0.01691265943110165)
(1602,625,0.5788702561448951)
(684,603,0.9110143560721178)
(30,608,0.5910602870770125)
(485,612,0.36221873246320346)
(640,607,0.39397235307579737)
(927,629,0.5910157873253494)
(2020,583,0.26486965464202006)
