(477,589,0.3376021594344225)
(1242,622,0.6240265670095378)
(2146,632,0.9413000241098446)
(518,646,0.9445909640450405)
(1809,622,0.4397903592284528)
(1231,612,0.1932588922058187)
(871,616,0.8650257807099916)
(1385,649,0.1733435718189824)
(568,626,0.25466770777078207)
(704,603,0.9495440891658765)
(878,632,0.07847540487473526)
(1278,633,0.16272090545057105)
(1423,639,0.49515031517275776)
(2401,593,0.5162520415041992)
(1131,655,0.7823491820639481)
(1735,633,0.14896147873045873)
(818,612,0.8540910818649992)
(1431,613,0.5712612714894237)
(647,595,0.8490248455637474)
(761,623,0.8065266035918947)
(1497,607,0.6207762418337506)
(1331,610,0.1426362432388385)
(295,658,0.40618771392340136)
(239,671,0.7412550400737501)
(1805,636,0.24425583888468272)
(588,641,0.007315002557399364)
(2167,641,0.3171088617418373)
(2259,613,0.7621035852111365)
(1495,604,0.7937586311106808)
(2135,653,0.6802592697084894)
(1239,636,0.9251545786310701)
(1177,663,0.28361900311085564)
(146,579,0.16291025366817802)
(894,601,0.3149384278526305)
(2144,594,0.48187643319890316)
(2227,633,0.6490512808371036)
(281,619,0.9716710687079566)
(650,589,0.4531418216839267)
(644,624,0.08601120602324108)
(2007,599,0.6623121125621735)
(1796,616,0.2956682908627407)
(2328,590,0.812758206252576)
(2094,608,0.10333338478824083)
(1091,629,0.7619414908642053)
(1087,623,0.08661979306780399)
(2281,638,0.6078759050842738)
(1257,601,0.9560271974355725)
(85,622,0.3167472917572587)
(1041,629,0.8139616610375193)
(364,602,0.1803986182897136)
(1620,662,0.19844252892129088)
(2346,598,0.8097073802525719)
(1948,630,0.2844651485802143)
(2221,590,0.16618242611247191)
(790,602,0.9721379857161998)
(2486,650,0.5953512153071451)
(767,623,0.5850350221224621)
(376,637,0.5571566372836728)
(1393,599,0.15174116512145586)
(10,616,0.7562030622508318)
(912,647,0.17508784770759267)
(2442,600,0.04307996251959445)
(2084,623,0.353906631057584)
(1728,587,0.08031778368873532)
(609,627,0.2143102606598053)
(1213,614,0.315607013340508)
(1148,650,0.3730638009843211)
(295,586,0.7200248738445646)
(43,617,0.9521877056715508)
(763,634,0.8981499996220463)
(586,660,0.07580832461871478)
(1470,609,0.8600797285930145)
(1749,661,0.8472725392181257)
(386,619,0.2791517642878478)
(371,638,0.5082481280332194)
(1174,664,0.5689827246649346)
(1179,607,0.0286379015755146)
(1850,578,0.44176841477039397)
(1902,607,0.5027104195821628)
(1216,676,0.14016630375519257)
(376,641,0.435277190180702)
(1798,618,0.749796716114235)
(955,663,0.26070614161861116)
(1769,615,0.24245499160568074)
(2158,618,0.24205693627265323)
(1616,606,0.49106013066486276)
(2329,623,0.8595688669626627)
(296,606,0.11426246924406314)
(2050,631,0.2980282116667282)
(674,621,0.7693430494884932)
(1608,612,0.22973180738921173)
(814,620,0.6703120966596582)
(1967,561,0.390363207898341)
(59,626,0.7859983015760104)
(1284,595,0.10092225593965654)
(2283,615,0.8613677220749808)
(1922,570,0.5547576985254371)
(1183,616,0.3965246671006305)
(805,607,0.7904925078014889)
(80,639,0.01373842903590361)
(1313,642,0.34360057763181395)
(872,636,0.8634266367945965)
(2475,646,0.18456751854831122)
(1633,598,0.6616427572628165)
(1581,632,0.8119151940462639)
(1629,615,0.7975756279530394)
(1942,625,0.18914687043888734)
(106,599,0.10126986373226543)
(504,629,0.48766034655761414)
(945,662,0.09081728980106019)
(92,611,0.21355062074004583)
(663,604,0.3478432093094155)
(1764,604,0.10175425858376608)
(490,672,0.2009723341522771)
(206,674,0.5669253631357559)
(1954,578,0.42327732391101347)
(155,632,0.23334256449516955)
(1641,647,0.13737977768231124)
(60,642,0.7308300089601374)
(2425,623,0.7673556175283376)
(2173,635,0.45353967601770173)
(629,673,0.8873250252134737)
(1784,605,0.4651857189888925)
(276,627,0.4582487188016253)
(770,610,0.7744926896690265)
(1054,630,0.9716284501669266)
(1320,641,0.055944810920554366)
(81,658,0.4079857403113758)
(1736,589,0.6649034894969382)
(957,599,0.4745177560044963)
(63,649,0.4885703727481946)
(2019,622,0.8712207124782025)
(1572,608,0.04693626988844346)
(2236,611,0.41596846089299166)
(1788,604,0.6308413857528273)
(1821,655,0.6728614999454952)
(106,610,0.33753211796046845)
(771,624,0.6057238215158784)
(1532,638,0.18210393838025418)
(1776,673,0.8566720034496994)
(297,592,0.4392923807500574)
(688,635,0.02844308326368228)
(179,645,0.5299628285245609)
(962,611,0.321513911997206)
(1267,636,0.3579211359469251)
(1795,616,0.31125453563355143)
(1149,633,0.45376879617963395)
(1813,589,0.1604025669236533)
(1859,657,0.5660100848799177)
(1707,620,0.13903864592228965)
(1820,592,0.8715164676916822)
(91,632,0.2251696438362938)
(1195,623,0.439834076387128)
(14,643,0.7365399027789453)
(1651,639,0.29049805632558345)
(1014,609,0.20520881352600984)
(924,627,0.10939601215544403)
(1794,657,0.464150262198493)
(2257,609,0.6692904548055945)
(399,668,0.30333451843554426)
(100,570,0.963344103855224)
(530,614,0.5851903560855414)
(1392,613,0.15612609817755907)
(891,599,0.5272999708983225)
(1807,648,0.3009361116925394)
(1167,625,0.24561644529747606)
(130,679,0.6143602317353185)
(2007,617,0.33330771543704574)
(1792,645,0.3740460011567901)
(2194,663,0.9629129943959434)
(1821,617,0.4903993033815879)
(1427,643,0.7205805239671504)
(1271,653,0.2493318839232771)
(1881,627,0.9523605993742311)
(189,649,0.5319112501589588)
(543,621,0.711644105943068)
(1657,587,0.744841998109494)
(426,653,0.15332680535614562)
(123,600,0.31476745081432267)
(1521,664,0.5013737937881804)
(2255,649,0.771695098531393)
(1324,667,0.43321808417964536)
(785,629,0.4689448881891388)
(1297,640,0.568088951702406)
(1652,578,0.3924153350146825)
(616,622,0.3785243907131626)
(985,640,0.5883996675388647)
(2205,646,0.896268911255286)
(1045,623,0.13716718526372407)
(427,620,0.5920829164221841)
(483,596,0.8656150667826945)
(789,600,0.7197302870731447)
(2320,615,0.03260154281207739)
(583,639,0.3836146551459466)
(325,628,0.2133238488874143)
(1208,591,0.16604143048191822)
(1977,655,0.675770077162388)
(89,603,0.7100563748634245)
(415,620,0.4085597698569895)
(358,634,0.789118293105996)
(963,602,0.9269535898410076)
(1158,604,0.9460726589967249)
(2339,621,0.10739463986925213)
(1134,632,0.2563553387971754)
(1404,601,0.18179713316359147)
(486,634,0.0805438444995179)
(793,625,0.8489407600219829)
(1845,638,0.049964209790777314)
(2314,644,0.7331480065273216)
(1377,646,0.3089299398013723)
(399,623,0.22546253652169912)
(1229,616,0.0016510666374182081)
(764,656,0.7113581086646061)
(555,615,0.2806745160508318)
(1406,645,0.8417329176616245)
(998,638,0.2935432786384943)
(287,690,0.3971613343102557)
(1886,624,0.949748290808029)
(42,677,0.37751614160064895)
(1106,594,0.7804103434246067)
(591,612,0.03289910557583786)
(1847,643,0.24438352653751794)
(1794,649,0.4245685236808002)
(1391,632,0.20221709389234122)
(844,623,0.051224267816902924)
(481,622,0.44394402021936985)
(2320,652,0.10666643268677434)
(1068,626,0.7266309473332258)
(1371,654,0.7178946722220507)
(1414,604,0.8496315279084835)
(234,611,0.306631284661397)
(925,675,0.842873629930628)
(1110,654,0.8583746751081653)
(810,630,0.04530032713983634)
(1270,622,0.05328791818258072)
(1744,602,0.3918567586328171)
(69,617,0.5454019103365729)
(1290,610,0.2957264772787078)
(503,655,0.6658852048369636)
(1843,656,0.96790045278733)
(1708,605,0.7253600995057955)
(2173,581,0.9740510615085958)
(1064,605,0.9910510937586507)
(713,623,0.09047349648956904)
(362,635,0.49280921783710563)
(997,610,0.6868990400622227)
(1552,617,0.3285536129973827)
(1127,634,0.2789536130553979)
(32,623,0.2258985393735058)
(1356,565,0.7276266042013975)
(646,631,0.7115008602536295)
(1859,635,0.2500210932965812)
(2,643,0.6606431323069945)
(2030,602,0.7267107321977304)
(962,665,0.205473365601482)
(1286,633,0.7209000085863556)
(1673,633,0.8374988839111778)
(1792,641,0.11736329142202795)
(2396,660,0.6870508667254559)
(1330,628,0.40658573831648326)
(544,634,0.7329056889335119)
(1030,599,0.9071497781272746)
(41,608,0.030673224247009467)
(834,616,0.2354103950734996)
(672,605,0.9473380467890214)
(728,666,0.7122834703246448)
(1667,630,0.9037425893982611)
(723,682,0.6646447136334293)
(238,637,0.034104589680140185)
(291,625,0.794439148413478)
(1698,633,0.6401033329467488)
(1729,635,0.5108741691996915)
(1797,597,0.25798944854458483)
(52,637,0.4483272769342552)
(825,645,0.9918859666564301)
(321,622,0.9829881156311335)
(2135,586,0.31981581858828134)
(2207,618,0.11752385495657935)
(420,601,0.13633662918512834)
(855,646,0.8746594240438051)
(1865,656,0.5726870504356966)
(2385,632,0.3997731022465376)
(326,580,0.9922707596753905)
(802,615,0.09280837867774994)
(91,593,0.20720756103107807)
(992,647,0.08527900636799157)
(1605,615,0.06606012032489483)
(1386,643,0.5094416373735221)
(492,629,0.054209082788155616)
(1679,616,0.18612641798492002)
(2437,627,0.5338295404732106)
(111,644,0.9287882032634539)
(1365,619,0.3084685279761791)
(479,622,0.4454382366241767)
(2146,636,0.24116201830427142)
(2101,657,0.1390353206124233)
(1129,640,0.48849488745737635)
(1957,638,0.6221105105547546)
(1496,627,0.72982788584508)
(101,667,0.9198749087350817)
(2469,641,0.8913339811974603)
(665,641,0.056383483880164675)
(472,621,0.13729559029811622)
(37,588,0.5616076407087888)
(1210,617,0.396632773728988)
(998,633,0.9314736265542992)
(1925,646,0.12465075733737252)
(570,571,0.7638396506774503)
(2085,687,0.3231616195611845)
(968,580,0.7534082682282279)
(511,595,0.4901660522759178)
(2495,617,0.36582709326400975)
(553,596,0.9559609349341344)
(789,641,0.6743550667994741)
(2073,638,0.3163477414793945)
(301,610,0.9323791101908491)
(1793,641,0.8804175577833222)
(192,635,0.5721812803887862)
(1099,628,0.9419860251952792)
(1335,568,0.992459422063989)
(398,627,0.9917538260332245)
(1896,658,0.010631924679173066)
(1771,610,0.9630048189342012)
(231,599,0.4211802734244522)
(1454,667,0.6240266820647408)
(39,639,0.8351979761296712)
(431,615,0.38015381588867814)
(498,627,0.3043069220716601)
(2418,629,0.33334306139891434)
(617,636,0.4430336988412449)
(2198,628,0.9760149229114972)
(954,619,0.7496757156277979)
(2240,672,0.27869383676548976)
(1899,584,0.33553856321458786)
(1409,597,0.16302010342137918)
(2111,643,0.11882909168695599)
(238,657,0.20687779831327513)
(871,661,0.3210148911074451)
(2229,624,0.3225596057003295)
(2231,594,0.5091410869663693)
(1022,619,0.3372362237907115)
(106,639,0.8375684229714048)
(198,596,0.9086027927665429)
(262,620,0.29378665948526683)
(2182,618,0.3677601364982531)
(2267,704,0.48866001194995023)
(2127,660,0.19879759867953284)
(1387,617,0.21748204117141579)
(670,634,0.19757274012589998)
(1822,643,0.5812102955309324)
(1097,617,0.9466384867935778)
(1673,605,0.4773662108011709)
(1731,637,0.3189513954651103)
(1413,630,0.7250498714843979)
(2311,587,0.9568807506274487)
(897,651,0.8878545749849209)
(2174,629,0.3442607883589248)
(394,666,0.7156067931472084)
(1031,611,0.532431308419912)
(1664,595,0.4859852922096449)
(2377,622,0.21475331108967488)
(2037,574,0.5553718139608318)
(2432,643,0.6978637374473577)
(1135,643,0.41951701581444034)
(1681,614,0.599563235839473)
(178,648,0.655203076028061)
(1741,647,0.06480697349034592)
(778,605,0.7241624500150242)
(1592,603,0.611711284500122)
(299,601,0.44483319435080804)
(2423,613,0.8891824807328921)
(1033,608,0.3291668704021459)
(1399,588,0.5387491930476388)
(2172,604,0.06083867973708701)
(1745,614,0.9415020461151037)
(81,675,0.2863080290689902)
(1687,686,0.7886576467934217)
(2399,614,0.1765934697779784)
(2028,630,0.564828838055908)
(2347,617,0.24294929734419812)
(1385,642,0.2044049102361215)
(187,582,0.5288438140588061)
(716,605,0.5919908420315824)
(404,626,0.5974509582707538)
(1687,627,0.3541778753932664)
(2095,594,0.5560782629049731)
(2146,651,0.011346457484907035)
(502,658,0.31535833006587066)
(663,686,0.9466706765253786)
(866,646,0.6050817853537873)
(482,625,0.4836630757074809)
(879,655,0.41989785243395983)
(1021,633,0.511694533748545)
(1247,657,0.9793689267267921)
(1346,577,0.9202204593791573)
(517,578,0.9646555171068181)
(1391,647,0.6234037354396942)
(1133,654,0.7770195553447172)
(1103,607,0.4218879702885526)
(2159,626,0.6049170569043846)
(1413,590,0.02426538029461167)
(2262,609,0.690245070973906)
(1019,640,0.4010485981784645)
(1955,599,0.6939926417320569)
(2205,635,0.6162727959174771)
(620,610,0.5666916076666344)
(299,608,0.2136295862262959)
(1106,658,0.7500338869345229)
(1624,643,0.7601162121853736)
(1417,629,0.047135279273220476)
(1886,619,0.927169559130323)
(2074,595,0.1602359328600561)
(1658,605,0.7494727035881067)
(2375,627,0.07705041332458129)
(637,653,0.4903162112922659)
(569,643,0.3195980816125109)
(1308,649,0.044020590146135796)
(1807,578,0.9418555673762244)
(2132,613,0.9890029208867767)
(653,627,0.7348575777956454)
(867,612,0.4485185207527088)
(819,665,0.771025937268208)
(2461,644,0.6576277778535546)
(1691,637,0.06980655048585593)
(382,622,0.8641178410054705)
(1645,626,0.9969700942002093)
(992,643,0.5173797564985069)
(365,604,0.36381880723660487)
(517,672,0.9737290223283067)
(1591,611,0.4858300023917026)
(280,584,0.15471934581302005)
(565,621,0.5563982514370912)
(228,669,0.09444562404963341)
(308,633,0.5436976245243631)
(277,586,0.8239048950914786)
(805,616,0.12445562645046371)
(1794,613,0.782065079995939)
(1151,645,0.684597737164149)
(472,612,0.9586405706506957)
(1160,595,0.8747783800187651)
(1326,641,0.7504090552289346)
(848,577,0.7799658234638617)
(739,642,0.4140730740954569)
(1535,648,0.6346408815848809)
(1857,602,0.3231980947565385)
(177,627,0.6643677372984576)
(1234,576,0.6351631942030157)
(2484,652,0.10439832251774395)
(1843,614,0.8243943042597811)
(221,645,0.19072748980413068)
(729,622,0.11012832745034762)
(1456,594,0.7473352513911273)
(1996,627,0.13451539409537927)
(2176,611,0.3554045891445463)
(1955,616,0.9476102421507442)
(1831,630,0.9605881957163251)
(441,618,0.2165158641966437)
(1409,661,0.35626549929887585)
(1374,614,0.36330654367472626)
(832,584,0.16663874099869402)
(1313,624,0.9730360668698365)
(74,613,0.11899168201333643)
(1918,616,0.020436453947093924)
(303,626,0.1621636837916337)
(1825,623,0.7156125703280034)
(357,613,0.20807040849536573)
(2230,638,0.026770052044766124)
(1537,601,0.2774074494552965)
(1557,603,0.9548610483041114)
(206,604,0.8324168067084383)
(484,627,0.18451667205646272)
(973,633,0.5660695035496108)
(1286,693,0.5273070544334466)
(651,587,0.8324225643333033)
(2010,677,0.0828753306996528)
(1776,608,0.8117777835543595)
(2436,613,0.8838890167845755)
(432,637,0.5036674131348841)
(1391,586,0.07873285378853623)
(2363,654,0.6378334387708038)
(2026,637,0.9822513447130957)
(1729,595,0.07593970498108304)
(936,599,0.9337457575386235)
(2285,649,0.8274405881219291)
(2092,635,0.4939178611677958)
(1043,644,0.9117080924442276)
(470,618,0.5736059147992306)
(398,608,0.7711430427707978)
(1802,626,0.7535282859297703)
(508,683,0.9023068945627657)
(1776,620,0.8542522471702882)
(2328,598,0.0605945592617384)
(321,605,0.7393917163755963)
(653,634,0.7630798599062345)
(1826,605,0.964686238025476)
(1884,637,0.2238560273556185)
(1488,633,0.2020527881342422)
(977,614,0.3644872132281932)
(897,582,0.9738916045521272)
(1393,571,0.3311687043293381)
(2222,597,0.18383773187494568)
(2011,638,0.6494509147112152)
(1740,608,0.0884604926298117)
(602,617,0.6430523423054375)
(315,608,0.023801941109570568)
(1822,631,0.024017556767735537)
(1377,669,0.5632228225793184)
(1020,634,0.8865683715141126)
(1555,617,0.9873203555926539)
(1430,595,0.33852741143206744)
(1552,592,0.8062222015045655)
(2496,629,0.09542449508837325)
(2197,578,0.9601300053633237)
(1496,649,0.11399150843270756)
(1457,625,0.9254581405228842)
(652,593,0.8139876767130398)
(1521,620,0.7569712865501926)
(166,615,0.2075479102602018)
(1475,592,0.42770195803851774)
(1754,618,0.9435140332324671)
(17,620,0.5127135080965629)
(1398,634,0.8731451531768871)
(2086,637,0.5531743272043034)
(1847,621,0.9127166266405904)
(367,621,0.6245681280025859)
(950,614,0.8827276202071063)
(2041,635,0.15373424898450938)
(342,624,0.1643821855483537)
(1103,609,0.48511137679129723)
(489,629,0.05566778084429791)
(564,619,0.49212650999171137)
(2208,587,0.40331678368044566)
(1347,651,0.6804395337695934)
(641,610,0.155201240487294)
(1037,622,0.6515405943277264)
(2265,578,0.31522207785428835)
(509,585,0.6868808187578789)
(1694,604,0.5786631551217727)
(1711,622,0.3049692919847672)
(129,614,0.6729732214263912)
(1106,625,0.49832461548319107)
(686,609,0.813032411227583)
(36,648,0.09248143182052182)
(81,619,0.07798554752397635)
(346,619,0.372058712128129)
(1330,658,0.45215747993860844)
(543,642,0.6164487266885551)
(1570,648,0.3151268960192367)
(1616,608,0.29475879764322577)
(744,608,0.41500664180468305)
(1147,630,0.31341832534998326)
(249,632,0.8889686701884827)
(1828,639,0.38646334301954655)
(287,635,0.35018686834083834)
(676,680,0.9734255366681347)
(2218,590,0.5067640805459208)
(261,581,0.8093114488334363)
(624,656,0.35576030523225344)
(1009,612,0.3423424378735852)
(1100,607,0.21154601977154053)
(213,633,0.9732857871518215)
(1228,643,0.30103176000844833)
(1642,622,0.7019497733173409)
(998,610,0.3717401782530767)
(724,655,0.7235189374747273)
(148,623,0.998120820516923)
(2118,567,0.8846927516817844)
(776,648,0.3926315304487872)
(1754,638,0.865262473900074)
(396,574,0.003866417561024349)
(2210,622,0.18388604677988662)
(2405,629,0.10518560217994477)
(76,647,0.46559644751173057)
(303,642,0.43517221162543673)
(1443,607,0.21899084723740414)
(390,594,0.4167054465134964)
(1958,598,0.8313531472816159)
(815,579,0.2868595838997724)
(1580,653,0.5023574946895817)
(228,584,0.6546192303926192)
(2368,649,0.6109315271905309)
(824,658,0.7702748928397957)
(276,648,0.7974407864148683)
(1667,626,0.24331782197207974)
(135,612,0.5324832366370151)
(967,613,0.09189410430386102)
(1396,648,0.2105524526212268)
(1330,621,0.7241658500993062)
(586,613,0.3319854704945423)
(1928,656,0.22912092323808586)
(395,670,0.8428369428319238)
(795,686,0.9322285767123597)
(1749,605,0.7013883421310042)
(1722,636,0.06560862900682729)
(2486,654,0.8417530289660062)
(1831,616,0.3212813954257949)
(1674,651,0.7302507420980895)
(1277,600,0.2773930345243353)
(454,677,0.5462945487330142)
(2363,620,0.35344238883980494)
(438,634,0.9195044317827796)
(1764,623,0.6631429981137348)
(1728,620,0.3361436879826566)
(2199,664,0.23955340316902518)
(1832,628,0.26291967653148596)
(1795,627,0.5715699404744373)
(431,600,0.3158881739500776)
(559,614,0.868243065652282)
(1558,629,0.3308870902844888)
(532,631,0.7208945848914068)
(2411,603,0.227874579654755)
(396,621,0.888181543980828)
(467,633,0.07693166246183047)
(546,630,0.8095787732131078)
(1048,610,0.790244769237588)
(325,580,0.9086740569452679)
(1548,629,0.26804270287917176)
(2320,624,0.2885564325068537)
(1069,610,0.26129391195300267)
(1598,666,0.3814227795502473)
(1975,583,0.7560612404236231)
(668,652,0.12667410863244044)
(608,643,0.4416488923550972)
(310,620,0.5498117777597236)
(274,606,0.8980012825584072)
(707,606,0.22995907095063495)
(117,611,0.7065272595641712)
(250,581,0.25699588641291493)
(733,607,0.45308755310293414)
(1758,663,0.9544510897263763)
(2222,648,0.27254387337214936)
(722,607,0.10254497812216712)
(726,607,0.18005617802408147)
(507,642,0.5237952894528016)
(1453,644,0.7737115378655204)
(1924,614,0.2909125067513395)
(177,640,0.4362383822249354)
(1892,595,0.1434554437420974)
(1976,576,0.3341311159120314)
(2069,654,0.1634839734290573)
(343,622,0.9923446785209086)
(2358,604,0.8769285025119458)
(1620,650,0.8913293348472869)
(744,609,0.9555100547821741)
(52,644,0.14394563059601495)
(1073,638,0.4327264516632673)
(1752,623,0.6780879921400985)
(1775,617,0.9868604777646842)
(1974,648,0.8052319429530823)
(1549,643,0.6333856925051697)
(1512,634,0.07372174838613965)
(590,637,0.4506194113387566)
(95,603,0.014262419536994253)
(672,597,0.9602390119126438)
(379,595,0.4521959557178171)
(1370,631,0.6160366588773191)
(1483,642,0.050380074069008685)
(2067,628,0.09472727370185807)
(1080,597,0.3037995343624943)
(1340,626,0.28235505306837494)
(1794,642,0.33993664664478085)
(420,632,0.5392019061476864)
(475,592,0.04590776105542216)
(2156,630,0.9165958199248803)
(1988,607,0.15586182105607527)
(2278,637,0.8521030913421141)
(706,616,0.5956572905519839)
(638,637,0.04799496509921175)
(1428,638,0.18792962527864)
(2281,636,0.8827614564772713)
(2159,648,0.3648759732699167)
(1966,617,0.8759358202855263)
(1152,650,0.7699626469360986)
(1693,574,0.20386502599698886)
(2392,606,0.8139845288459088)
(2431,628,0.4566737649847443)
(1292,637,0.2789227515202768)
(1595,653,0.9631217651108168)
(2319,609,0.8612830896882102)
(1321,636,0.9998449913909515)
(1385,622,0.32869889328442814)
(64,626,0.3112243514312526)
(2068,627,0.6282592319837913)
(2480,596,0.6874657985684228)
(1697,630,0.607243868503442)
(2070,587,0.36459191853578554)
(1425,620,0.7565284883919298)
(765,623,0.6999417243958367)
(672,661,0.06576787468399292)
(2069,620,0.1927679915446805)
(221,639,0.041169289963693734)
(2026,684,0.10539614782000639)
(1788,619,0.7366450795741)
(51,609,0.47001507953726795)
(312,643,0.586890805898647)
(868,668,0.6031075520794147)
(117,612,0.7687178552687185)
(1182,669,0.3156799545402096)
(568,622,0.4368823781145925)
(876,624,0.9999265401517408)
(88,654,0.2722718620489498)
(1763,590,0.05845890772533335)
(633,607,0.07241482875082528)
(192,613,0.44498286777376683)
(1594,599,0.8572360923923962)
(2260,636,0.14733517346140523)
(1693,634,0.21823383175286737)
(97,654,0.25110524195799966)
(2090,618,0.9484851644570055)
(1115,613,0.9503520905846419)
(2282,710,0.6460860819649333)
(2192,604,0.6363924933622447)
(73,632,0.2018856037212413)
(2441,583,0.37436674979220264)
(1095,593,0.9585555371032737)
(1122,640,0.4608617839030117)
(773,621,0.9855565485806517)
(550,650,0.42461567570647174)
(2283,670,0.5010859546030424)
(2416,566,0.10167692088434988)
(2441,676,0.2871234934995155)
(1124,652,0.8770575598717782)
(1348,574,0.42924188232494076)
(2233,627,0.6851265169882365)
(1105,679,0.5712691550325408)
(946,637,0.09436433684536838)
(1247,644,0.28484365950754287)
(464,590,0.1991654493777022)
(2133,647,0.023468565583946943)
(2114,609,0.2736696067807908)
(2154,648,0.31222824062561116)
(1651,615,0.15349327676318247)
(1883,658,0.08972622822130272)
(2378,660,0.4544679238491631)
(1693,606,0.6553646044655622)
(1240,620,0.5240024101824181)
(724,592,0.699604601093077)
(1026,627,0.8314575535831613)
(1520,671,0.36875826492023345)
(217,627,0.507359433511787)
(795,652,0.007853964668633306)
(5,624,0.6426624685975522)
(1517,635,0.3778551383100571)
(1905,648,0.49996630130125985)
(897,634,0.47030170531927096)
(1179,612,0.04784775355904691)
(39,615,0.09566042059295199)
(1340,631,0.5923549296654735)
(564,610,0.8938602735004026)
(549,627,0.5459298697276875)
(2203,617,0.6013865477409702)
(269,630,0.2799922567574923)
(1134,660,0.9967952823774524)
(2339,628,0.4998521232951064)
(1886,623,0.7369741547806451)
(336,612,0.37973565446958824)
(1366,664,0.6964628912389732)
(1143,647,0.6813456637956649)
(444,638,0.9001531275316865)
(546,673,0.756574493102286)
(2383,617,0.25639916556610876)
(252,611,0.251857023906353)
(1465,615,0.9775431725467555)
(896,574,0.6057060614623073)
(1264,595,0.751472290127313)
(70,683,0.6643070767965318)
(2431,573,0.5643115939702585)
(1851,645,0.5418772633851455)
(975,601,0.2822940279355999)
(2491,603,0.7597607879353374)
(1775,660,0.0540007213574466)
(1425,581,0.24950524157110676)
(708,607,0.8572059546166635)
(2300,675,0.801493708478764)
(2047,616,0.2969516881420077)
(2272,622,0.6306990776818081)
(1672,581,0.4563450634320523)
(843,645,0.8902918007492779)
(83,597,0.4261881045083561)
(472,646,0.7408524005019165)
(1565,615,0.2998823858520411)
(1115,608,0.4326447737534056)
(568,615,0.8144225346533336)
(2081,602,0.2149608822418253)
(1513,632,0.05247843758130588)
(264,634,0.12405008963368902)
(31,669,0.7654922933414582)
(2199,612,0.763554296367585)
(2461,600,0.16251619194233202)
(617,603,0.19896304148282218)
(237,675,0.7278544638490848)
(963,615,0.04857838517372137)
(332,632,0.637434046597965)
(1610,630,0.028301276682144216)
(180,641,0.3955701162880203)
(2361,658,0.7690657206393396)
(1126,663,0.706003967781389)
(1220,583,0.7803383493455877)
(383,621,0.2061733551375141)
(1294,592,0.3338844056307565)
(165,639,0.5063195671331285)
(643,567,0.7393906984303066)
(2051,619,0.8040318907561719)
(2018,626,0.13268182816044471)
(1879,660,0.38604726073948203)
(1527,675,0.683826484207056)
(2235,637,0.12450650626191362)
(779,636,0.6788128606013473)
(1029,599,0.5877504628039782)
(815,650,0.6991900276616697)
(1687,610,0.15978125043150615)
(1035,627,0.32836977198435036)
(1197,579,0.4849569966479259)
(2213,671,0.6422655517436336)
(1361,624,0.5771524766272247)
(1312,646,0.5755950493218044)
(1974,606,0.7100234213878617)
(1173,640,0.8417684027081511)
(637,632,0.07780875351405625)
(1732,637,0.4369691755579086)
(798,624,0.12443775294012971)
(891,594,0.48227809137815003)
(604,645,0.14297376520619698)
(2312,598,0.22585665876788008)
(1517,618,0.4221491361999674)
(2100,646,0.16616094155250294)
(185,610,0.9376840739782063)
(1238,602,0.895903211569922)
(379,630,0.5097272236371826)
(1134,645,0.4720940161346995)
(316,630,0.38652869385096245)
(443,658,0.15275846557110773)
(2021,602,0.11502392691706476)
(1345,644,0.7004084238014946)
(1420,640,0.6777614724887653)
(1031,609,0.8140301844692507)
(1314,625,0.6835157018890887)
(1912,603,0.3058192316451197)
(1096,600,0.45125640058114413)
(945,600,0.6277793679919083)
(2381,641,0.6009346405450218)
(2371,623,0.9641131291304765)
(306,624,0.7906050615384137)
(1019,632,0.9498828625989195)
(1236,641,0.2761647042034645)
(660,597,0.9185014916796579)
(1812,616,0.6069611560139808)
(1139,642,0.4722187560948182)
(854,584,0.5047552561036643)
(1476,623,0.8801192790174813)
(1089,655,0.15741388369466647)
(2160,613,0.9596469997386614)
(287,672,0.8733355000054982)
(1877,606,0.922675327775245)
(2062,583,0.5304873911613294)
(1860,632,0.5533513066398055)
(121,591,0.3654098625403447)
(2107,649,0.33746811162116885)
(1786,644,0.5223743509430556)
(2052,628,0.4830658592474687)
(895,627,0.9325530964676708)
(1452,592,0.876256067926372)
(2495,655,0.5497261356650693)
(654,576,0.4255537151420832)
(92,636,0.5886545365233348)
(2294,650,0.6369614648813808)
(1259,654,0.9539427885015762)
(718,605,0.04179063159797192)
(35,626,0.2879687755200908)
(921,679,0.7357469276819357)
(198,674,0.16342092983798873)
(489,670,0.16223219884268936)
(1091,656,0.7949338075119384)
(1336,628,0.04002322060518071)
(1929,601,0.07210827868347258)
(1674,608,0.6738781038464666)
(2024,610,0.26849296028169656)
(4,627,0.5642556433701722)
(999,601,0.1715639391836593)
(2352,693,0.4677241149989746)
(614,640,0.7850395105803539)
(1925,585,0.44934650062867243)
(1047,678,0.3931777235335102)
(996,639,0.050658424703750926)
(495,627,0.8164369621679184)
(2323,654,0.5295228020545173)
(1672,619,0.2629982943574858)
(1875,664,0.8696095088922211)
(44,613,0.9568619979925878)
(1993,625,0.9913841734213796)
(746,621,0.6749005939266064)
(1716,640,0.43928926796491896)
(2178,584,0.03214585090304978)
(1532,624,0.5228151692162633)
(1105,651,0.4605320837575725)
(2210,603,0.8319549960207672)
(2221,596,0.4087590969385049)
(1234,642,0.6677428727511655)
(1619,575,0.34943613567522347)
(366,605,0.8583700926211824)
(1797,592,0.430314508393114)
(44,669,0.1374946918485752)
(1820,623,0.4942094499613888)
(385,605,0.005390441722372019)
(2414,665,0.26052926859175163)
(836,620,0.01469729425353139)
(1113,618,0.1058134594564546)
(1183,651,0.09588581203910607)
(2266,578,0.23556977046463867)
(1231,647,0.042610282856560544)
(971,642,0.9464882963293032)
(596,612,0.3038872715343871)
(2490,627,0.7000015730860987)
(1827,614,0.7136433553276377)
(2211,663,0.4301941360593611)
(1003,642,0.8288634425320481)
(1819,632,0.20687720650463948)
(2071,659,0.5114767190594277)
(1740,636,0.7888334879021092)
(318,599,0.07958241284401835)
(1976,641,0.18272060797119805)
(1803,595,0.5443201760032383)
(1939,626,0.5092238678427153)
(1830,669,0.8036057522683547)
(1166,651,0.011234886309274827)
(866,634,0.024106067249007546)
(2468,624,0.4038085612934481)
(255,617,0.9286873782577779)
(160,615,0.9345924744561862)
(143,647,0.8592432021238008)
(62,604,0.42460826236180016)
(1805,641,0.6944551716931013)
(946,601,0.4203506391262759)
(1027,644,0.5786485478871993)
(711,637,0.16974701961453886)
(1500,657,0.7057167253728779)
(1186,628,0.83698150238552)
(862,641,0.8258656617899034)
(665,592,0.5356553052458354)
(1498,649,0.5936725357969833)
(351,609,0.8873319641659065)
(286,634,0.4621580519895051)
(904,631,0.5933136795950504)
(1132,666,0.6456772583483222)
(2411,624,0.7815445547130999)
(1353,611,0.43548338975121914)
(1929,676,0.41296865232410374)
(1701,592,0.6635689403339463)
(1328,622,0.866947787235899)
(2014,622,0.2679306342355836)
(1237,619,0.8531172955000562)
(2224,622,0.3011864518961729)
(2343,618,0.7462091852097907)
(500,587,0.9172883301280956)
(1972,626,0.8178443149289573)
(1737,625,0.5009228099457443)
(1865,635,0.6174403305932974)
(1708,673,0.16841584824164302)
(149,642,0.20195053701686028)
(183,559,0.8403727935389324)
(1168,631,0.11336745578907725)
(2383,660,0.6370882336651543)
(650,618,0.974701906445805)
(1242,604,0.7859834788866954)
(1118,593,0.8216400571373327)
(1079,629,0.6887085459929269)
(1873,616,0.402827056797865)
(2371,574,0.789365832906902)
(97,625,0.5796259017754511)
(393,622,0.17401370823826412)
(54,614,0.5601471025621475)
(2388,638,0.4514221040796489)
(1491,618,0.2767489218747734)
(1497,622,0.13042427378327237)
(220,625,0.5272563983132705)
(2457,662,0.6672777108392541)
(1592,641,0.2934688946322296)
(1773,570,0.033417008031743856)
(2314,631,0.6853319837536763)
(80,618,0.7914552160908132)
(155,638,0.29179257231179556)
(1450,627,0.7895775239684268)
(679,618,0.4234577724623164)
(448,618,0.5744705625788976)
(567,674,0.1789436432780973)
(1141,631,0.49185874779850214)
(2154,627,0.47633108912483135)
(398,600,0.4097385347008873)
(1385,611,0.5312662910625493)
(80,607,0.30376268160403674)
