(1709,594,0.4446451820360694)
(576,600,0.12678570374605613)
(288,624,0.36992584406780915)
(609,654,0.22496133174206256)
(1678,613,0.501544916747001)
(1174,612,0.20143409311471272)
(16,639,0.22093747432080424)
(1012,598,0.8800751519762186)
(1248,589,0.5283492556592845)
(615,591,0.40156382282781933)
(1927,581,0.5988446671454543)
(2444,647,0.412327837669614)
(1130,599,0.17171233207289616)
(1356,613,0.7950599845768559)
(2417,599,0.6293334580764415)
(866,625,0.3889829604105276)
(1970,591,0.17006099320619017)
(524,604,0.07495865697689452)
(270,584,0.8651132645830066)
(1619,594,0.39354986505079326)
(992,636,0.8225902910693292)
(2321,643,0.9919180905889096)
(1640,621,0.05719696520218809)
(393,667,0.07663528528597907)
(897,637,0.18352698922891586)
(1704,609,0.7890298020284784)
(41,591,0.29808914299646305)
(218,659,0.8845179638198781)
(188,629,0.8140407490681759)
(1878,611,0.5035187626453522)
(2256,595,0.9967652617964718)
(113,625,0.1818727755298929)
(2474,640,0.04999453189283265)
(429,630,0.730341576143127)
(1896,567,0.45281002407478976)
(1744,617,0.9207154221637728)
(1897,636,0.7496981534501446)
(2263,599,0.9042346968502787)
(70,628,0.23114898425289898)
(2137,587,0.9985573848276522)
(490,636,0.6116819183802251)
(201,647,0.6940648164436499)
(1097,620,0.013067736965746035)
(2359,637,0.7118648413489364)
(185,602,0.2607339335678188)
(361,606,0.2521742613067216)
(2121,621,0.7265167476977713)
(1487,660,0.7095178016784853)
(334,645,0.23759598807362703)
(84,610,0.09609274787022104)
(323,590,0.1786911642629586)
(697,649,0.49426916323827297)
(1603,550,0.7468771064094606)
(1289,600,0.663877190838415)
(482,583,0.1644764897535621)
(1850,653,0.49838787521373584)
(715,619,0.6858018760864889)
(1356,655,0.5736294856809794)
(1431,646,0.9928178832700308)
(1264,602,0.32025475761316546)
(1794,602,0.33657704193756977)
(1305,596,0.6138176524893559)
(291,634,0.5103291640724565)
(196,625,0.9436676256716999)
(727,626,0.3202292544479467)
(2061,635,0.20601913103186742)
(2218,609,0.8228652725725178)
(1930,615,0.9335722377521948)
(341,640,0.8827588097027113)
(2471,633,0.8960596290631871)
(1687,638,0.5396733578698978)
(21,631,0.47025832068265727)
(1519,646,0.8654838600244819)
(2448,617,0.581668460277813)
(121,654,0.8100572515144665)
(1975,655,0.7627876838239546)
(1349,645,0.17995546725004608)
(1996,624,0.029753033907615634)
(2126,646,0.7114507904552094)
(646,635,0.7869630213671323)
(1184,665,0.2566138493279877)
(840,637,0.21584255813622366)
(27,620,0.5053248888134503)
(219,602,0.2570774162958215)
(2408,627,0.4876041019181885)
(1409,622,0.9259132256543594)
(2088,630,0.7095876355753635)
(2171,654,0.12562709872949485)
(405,608,0.4659520191903336)
(1693,654,0.8735617262321834)
(2294,602,0.5937705646536496)
(2206,659,8.724083697045915E-4)
(2331,639,0.06795796674460752)
(151,652,0.8643256603609345)
(2202,632,0.11644303129537925)
(1248,647,0.25248271979552406)
(163,658,0.7643022021807412)
(961,634,0.5768243991911235)
(1435,628,0.0091679387472402)
(2117,621,0.8531645932795413)
(1802,648,0.8741505236755559)
(1493,560,0.8518001748183683)
(250,659,0.006317125321656514)
(1348,599,0.37831268326645684)
(1131,621,0.05841450459949071)
(1818,626,0.9487726070166368)
(1396,650,0.6347194392000167)
(866,642,0.78653276210828)
(1709,636,0.3700589970559697)
(2185,616,0.39393054661627747)
(2030,619,0.5792103589432857)
(661,657,0.5843247342610802)
(194,619,0.5304544916034972)
(1703,584,0.02188270410580584)
(1519,589,0.7062551690018806)
(1016,622,0.4305145513766405)
(847,621,0.5108771286733127)
(318,618,0.6435287842767065)
(2323,640,0.7569246341726238)
(2357,607,0.8613200479456303)
(1866,653,0.6927858080975955)
(1981,611,0.33665728571699316)
(504,613,0.3509364168865664)
(567,639,0.3672958003070056)
(189,658,0.378494808779653)
(2114,607,0.6496214416672266)
(793,641,0.8708837745429094)
(2142,644,0.41030657016902483)
(1418,661,0.8075429103572589)
(1083,650,0.817594510152683)
(740,611,0.030932094794780762)
(2496,619,0.9149265546602798)
(1258,640,0.25006743500837403)
(1559,631,0.5859175442365019)
(1888,665,0.9712570126573359)
(939,575,0.32220402112807667)
(2417,636,0.9694280619627504)
(2024,622,0.9969909692237393)
(2482,608,0.7812044315279801)
(1414,633,0.38665350670484744)
(662,635,0.7807416220095966)
(493,633,0.4416997965904139)
(158,592,0.3577244269469635)
(1597,643,0.4650505303710488)
(2432,631,0.9537362813111795)
(1787,636,0.29943302038171304)
(163,561,0.508403147541258)
(1151,624,0.2942594452226981)
(522,650,0.028425564630414568)
(743,604,0.04790609878164942)
(1366,616,0.7241021110515449)
(501,602,0.08528160760585923)
(1618,637,0.3955940411478207)
(1468,629,0.5143103571119503)
(2188,621,0.8516331103092992)
(2121,652,0.31253348060596187)
(1439,625,0.728745471562208)
(64,615,0.17590676021486917)
(233,573,0.38661532042575697)
(999,607,0.20032337180782256)
(359,648,0.09991056335976445)
(2462,607,0.47085897153560896)
(460,631,0.6273150730808423)
(1651,614,0.15398960205661716)
(33,674,0.5127768830103783)
(69,595,0.9573808388620146)
(1583,643,0.5452191971126995)
(201,613,0.18853744390993454)
(913,603,0.12801436841585723)
(2265,658,0.1752893683986566)
(391,602,0.6887318159408424)
(1150,614,0.362627290651771)
(1151,625,0.5222004032936569)
(1107,655,0.46429176195982713)
(2010,593,0.3664443393693545)
(201,599,0.4578081307452594)
(918,639,0.7214841372087479)
(2086,653,0.08669905273673584)
(1423,633,0.9875321092914457)
(1446,667,0.24936803089251913)
(269,607,0.7644692504751369)
(1099,608,0.743960514138387)
(1761,637,0.13956969882977865)
(714,620,0.2557731194900664)
(1561,605,0.9509427717208182)
(1086,619,0.055528836222659694)
(1405,605,0.34924720406344756)
(518,620,0.5533158027728946)
(1016,649,0.144489638561065)
(1289,606,0.6763423588644862)
(1844,635,0.4111120169023418)
(2311,621,0.9142682552853638)
(949,649,0.9871065315816292)
(744,641,0.6914716917872924)
(2021,669,0.06968535408439269)
(655,601,0.9307537967343388)
(250,600,0.22895008648424786)
(754,594,0.8015245344358861)
(419,601,0.8506560140281134)
(471,669,0.6364780636868381)
(378,652,0.3241665193603023)
(1586,611,0.4289754984129639)
(1060,636,0.2750018703735586)
(1820,677,0.7136354644445393)
(221,640,0.04001210632114227)
(502,599,0.8577976230734914)
(2196,631,0.0713543532323766)
(214,656,0.0868944608802239)
(999,611,0.9836344397259938)
(1866,595,0.39637659505024014)
(761,621,0.3933867922761751)
(2419,643,0.8525300031530375)
(635,580,0.2725748711401932)
(2335,582,0.6298464853998987)
(2482,596,0.8518665455183388)
(739,650,0.3340801962394784)
(51,631,0.5486540189304024)
(1574,622,0.9481454116300853)
(153,594,0.6903151946569894)
(138,620,0.25659208210530116)
(1983,651,0.41870316615502756)
(1427,646,0.3382269094089081)
(24,664,0.16238018222190254)
(2060,646,0.5478802800273607)
(716,624,0.6663848833407594)
(601,625,0.2990672141052685)
(1947,622,0.46087959996442895)
(1092,589,0.9682420434376723)
(2047,680,0.5777163732807817)
(1283,640,0.27011452786210166)
(1954,681,0.5864738436416304)
(570,614,0.6449800079365978)
(1734,620,0.6916254926686878)
(2264,611,0.5339859235242231)
(782,651,0.5786124535065595)
(1117,648,0.9428622151313188)
(1942,595,0.0012565795705440364)
(824,596,0.5197659161604764)
(772,620,0.221412904201724)
(804,612,0.9968297007868273)
(1052,642,0.09055730016851948)
(2265,647,0.8345600273988465)
(967,617,0.8887533021624798)
(434,594,0.5145651389551944)
(80,627,0.3561159052969145)
(1350,607,0.9428155172387019)
(1306,597,0.6509450710617984)
(2048,617,0.12690833014655)
(8,641,0.877238565338146)
(2190,625,0.980396194050739)
(1286,653,0.8259071068257593)
(2204,648,0.9151198326876131)
(1511,606,0.8175694975192194)
(1641,634,0.8854598578514347)
(428,602,0.6529523252121658)
(2365,641,0.13705742237887697)
(1457,638,0.24435906418864195)
(766,627,0.6205166406236333)
(1760,642,0.6340992114538262)
(2210,633,0.9935028506268156)
(2115,638,0.12033376548228047)
(2070,618,0.23575094807627328)
(1629,648,0.9819169906190347)
(389,599,0.8347285856026969)
(1164,627,0.5377938226526016)
(1016,594,0.2314717446490151)
(2263,637,0.9748274275382937)
(391,685,0.3784604726908285)
(1065,670,0.6482964728974895)
(2387,598,0.9549098970036769)
(1085,636,0.8488393322398142)
(1419,643,0.6205317253875632)
(1142,593,0.8429522834676163)
(1871,595,0.5872081791344388)
(2444,606,0.1640815497719974)
(2039,665,0.7370826560174902)
(514,650,0.6277671346494192)
(488,629,0.033173949016558346)
(1737,608,0.9049695675858133)
(1626,609,0.07818383873601609)
(1800,616,0.6589377250112551)
(2448,582,0.08128635211897817)
(996,628,0.5714540777014473)
(1921,616,0.09570623622208452)
(1658,637,0.7295562151341406)
(292,616,0.7047336142319741)
(548,626,0.555422531605189)
(733,666,0.616462757339613)
(168,611,0.31862783132712325)
(1397,600,0.44422173347463345)
(1053,626,0.7548434185296221)
(1395,607,0.8416609623566645)
(191,624,0.9328748141041644)
(1793,652,0.9829065818134229)
(2299,632,0.8762917737253914)
(937,601,0.21184285436700045)
(554,619,0.24471315446296893)
(1759,669,0.4475840301825167)
(906,602,0.35055003420401487)
(87,611,0.7672715333155509)
(176,630,0.5418264585050055)
(233,638,0.5689354640626575)
(116,608,0.4051765557463709)
(236,646,0.4328335796671704)
(1684,659,0.9812086881891086)
(1058,593,0.18236288287826796)
(2485,578,0.6191166583477389)
(226,591,0.44421532620894755)
(1230,640,0.07497609223865642)
(2315,653,0.7620248173428026)
(1777,644,0.7566805374610402)
(1743,629,0.49969347518329266)
(1384,600,0.487099012107022)
(1845,641,0.3249989358528962)
(1529,636,0.22745972041735696)
(214,617,0.7130974316267584)
(614,632,0.5622514917660659)
(480,607,0.34792638304830026)
(561,629,0.8178354551418473)
(2395,612,0.637136272126368)
(1413,656,0.29132432991387325)
(795,628,0.1835715076902914)
(1577,596,0.6987425619282545)
(1964,640,0.9417217802691588)
(1626,634,0.6516246308902204)
(235,634,0.49844689490485083)
(2493,631,0.3440153595786344)
(2151,647,0.684190948674173)
(2334,631,0.782991907549854)
(2302,638,0.6259119416582126)
(1560,675,0.6102149851490515)
(1632,647,0.41616941860040724)
(1365,692,0.07560266926411274)
(773,603,0.06301619500309874)
(1585,659,0.006124814261978084)
(805,621,0.21386894985783445)
(2430,630,0.4129068189722568)
(1027,621,0.3113792381722462)
(2306,618,0.16220637304135388)
(1084,634,0.2685063073056576)
(770,608,0.6269761520095357)
(2378,603,0.5003170156444865)
(556,610,0.4615568231219572)
(2006,661,0.38850664669573387)
(1446,642,0.4529126721188471)
(2434,651,0.06970630944357048)
(2187,625,0.03895098564795507)
(1402,589,0.5590295383532723)
(701,662,0.24412533573876904)
(32,597,0.30489222515216396)
(166,675,0.9756822016119293)
(2384,622,0.23206681160189668)
(2394,614,0.6568013989014596)
(52,624,0.19202279262034838)
(1068,638,0.07875011064046389)
(1163,655,0.39437751164112556)
(874,646,0.40164559219336826)
(306,626,0.13756943233627483)
(1422,616,0.839822181206078)
(2495,618,0.23246578622174519)
(1723,629,0.6688989078558124)
(1021,658,0.7832732106525685)
(1169,609,0.7977842612971676)
(1548,616,0.3369997109598106)
(1907,650,0.6400613046821451)
(281,643,0.4841347973717398)
(1585,636,0.47721241446755414)
(1034,624,0.42714082122338914)
(670,630,0.469104602211026)
(2167,640,0.402953486229241)
(2236,624,0.09106955619848023)
(1568,596,0.9967174149104705)
(2436,608,0.5444521139700426)
(1084,658,0.397200555708486)
(1997,622,0.5082764900382565)
(1147,653,0.3425824459852128)
(582,628,0.4670096060995762)
(62,620,0.05966425257251051)
(346,654,0.48542963025109964)
(2477,650,0.9664768429425349)
(1565,627,0.8380453466050425)
(1797,612,0.714162028799838)
(7,609,0.8722616338259633)
(1872,642,0.5453001359096608)
(869,629,0.04872713510907822)
(858,654,0.26682303512857286)
(536,652,0.45092915323721805)
(64,631,0.9084312874171856)
(1655,588,0.11484072335115625)
(750,596,0.8685958926664014)
(944,652,0.8613543816603818)
(2023,630,0.17126321229214325)
(1170,619,0.06662195389480297)
(1574,662,0.10862969772482567)
(2404,587,0.2865682512077964)
(1546,665,0.7132053390580941)
(1710,634,0.46557144530338546)
(1520,629,0.34729020549922474)
(20,621,0.3822665981540204)
(963,618,0.07471889746577609)
(1389,632,0.15271482946285353)
(2356,627,0.6072336058720916)
(2377,651,0.7846278016319648)
(1460,556,0.17744232635751933)
(87,565,0.0460788864200985)
(1714,675,0.5536976250748012)
(1627,650,0.656014777226008)
(2279,663,0.800811874846078)
(1913,627,0.13914138744016058)
(2127,664,0.8128875920859963)
(1884,656,0.3320204936658785)
(1865,607,0.6531428605862933)
(136,610,0.8534630009712868)
(2396,577,0.604984697682399)
(569,581,0.5968066985826396)
(820,654,0.010444523127311589)
(662,571,0.6553373723007307)
(1954,628,0.6601137530549568)
(1308,587,0.15620734246041834)
(739,612,0.34196486963439476)
(1078,598,0.9552379743383511)
(1777,625,0.8965389114429416)
(1329,642,0.3155883350248365)
(542,627,0.17356367928071526)
(1705,656,0.7986283638793976)
(197,598,0.9458912917708625)
(697,620,0.9249786016531063)
(141,578,0.10893025466716866)
(164,658,0.3524563154784859)
(1377,595,0.5606217556301206)
(1467,603,0.11692921938390077)
(2307,603,0.6472105616934432)
(1525,609,0.71076825235319)
(1420,658,0.7435158703997339)
(1137,641,0.7019514995788603)
(2095,631,0.43155455685575705)
(2056,643,0.8586905745524885)
(1767,594,0.2747057543142424)
(990,608,0.498670154391638)
(1617,608,0.04025048476456894)
(883,669,0.49330487384939004)
(793,654,0.48057852001797596)
(1662,638,0.16735587058176826)
(2448,650,0.45983418214417104)
(733,605,0.1395734935841808)
(992,606,0.770993305902549)
(482,621,0.003183876015522835)
(959,620,0.504070868020943)
(1670,646,0.22468321656173418)
(287,586,0.33289360630217824)
(1916,579,0.6842765062795811)
(1616,632,0.56360729030854)
(602,630,0.6654968716975034)
(1573,636,0.2908778772703634)
(288,579,0.7096861229716307)
(1191,616,0.8441699543981814)
(1252,638,0.8551284170618542)
(2289,571,0.6074485086433719)
(1457,651,0.5348033659446028)
(1717,633,0.8427341954117572)
(1542,628,0.1997537885967351)
(1245,628,0.311373584813993)
(606,628,0.8384576870195644)
(864,633,0.7009078928351146)
(2332,618,0.5627889360930405)
(548,611,0.04724233677182654)
(1196,618,0.564084525048518)
(2340,621,0.09492128382065468)
(2323,571,0.004660254659688778)
(397,593,0.1810967319680864)
(1692,607,0.8339662698960024)
(536,640,0.6872181126462769)
(1700,631,0.1484680711832047)
(2457,614,0.42282620808703464)
(1070,603,0.27284400774253037)
(976,613,0.20108229649570442)
(1766,589,0.09812783770659772)
(1682,651,0.42747578079635407)
(1804,625,0.9548560093767798)
(315,634,0.7839803286265745)
(223,646,0.8678713083110975)
(151,635,0.5716974572844511)
(1949,553,0.7810613917839156)
(2087,629,0.6160948343568001)
(1341,611,0.41880875575380117)
(2359,610,0.7274707257609235)
(1438,606,0.4722098646553)
(499,615,0.27299432388482003)
(839,613,0.07138294840166848)
(447,657,0.3913435283700921)
(1289,617,0.8827171362824416)
(485,591,0.4979896680176116)
(2013,655,0.20767755264079824)
(2431,654,0.545062811388148)
(523,652,0.01761489636239355)
(1082,627,0.34631001265409966)
(2486,562,0.41766592503749767)
(1879,650,0.9830687551421744)
(1080,638,0.07455724423330934)
(458,624,0.3325024887300325)
(1427,622,0.8265177187682299)
(26,614,0.7959052743138714)
(63,654,0.8262081459756944)
(2225,603,0.17430998689384125)
(799,694,0.19709004738504965)
(1806,608,0.37698246191046914)
(1174,605,0.09828656891393939)
(1842,622,0.442853377152575)
(42,610,0.3917714382164096)
(1466,657,0.7419385752298724)
(1196,641,0.17836631181918927)
(954,597,0.09838405469875044)
(1983,595,0.1961923983496221)
(881,591,0.7274361339384725)
(350,547,0.07167193444177755)
(1269,607,0.5829779705893952)
(1784,617,0.2229587091574654)
(333,661,0.6569443180672535)
(971,644,0.6257204048175965)
(1641,644,0.7798187383291413)
(739,607,0.1002376497712878)
(1433,573,0.3012578877366301)
(1299,646,0.5830802604872652)
(2090,633,0.9459698154621377)
(1504,598,0.32551208350993577)
(96,663,0.765574635151174)
(1774,592,0.4256276883356661)
(919,622,0.013848170288395356)
(1949,597,0.27270627108831813)
(1469,621,0.8070996131924352)
(664,634,0.38940683488201466)
(309,613,0.9955614465985871)
(1559,629,0.12195229084110748)
(1859,589,0.2588101859597979)
(1301,621,0.3560084988068366)
(205,630,0.8418532527159164)
(2134,601,0.9864914447670008)
(273,590,0.9490661529204951)
(277,632,0.2385119869983836)
(2274,622,0.8555682817736876)
(395,605,0.17405433961221506)
(1175,639,0.9043789749724985)
(1251,651,0.03187510296415297)
(1455,624,0.7841834050032199)
(2168,627,0.18818843729867774)
(2289,659,0.09510898126676903)
(2331,635,0.7546506881107152)
(803,638,0.4596017450509535)
(2154,631,0.8214908482306083)
(2129,661,0.9674434652599632)
(1328,638,0.17841907760390874)
(1588,632,0.9488597310608017)
(1663,633,0.1465398705294706)
(2181,629,0.17699598542970296)
(1032,631,0.6036530813396019)
(503,659,0.5134148969418465)
(440,615,0.0928632860827151)
(1859,578,0.7809205251039875)
(98,616,0.9817257593755977)
(2158,617,0.8791749453092691)
(1704,623,0.2917373403714104)
(1302,660,0.6008496034804374)
(2336,703,0.5822572130144881)
(311,617,0.035485764268225695)
(1350,590,0.6319634566249809)
(2096,632,0.6883096251953801)
(143,645,0.9302633294260318)
(1061,693,0.29862603730254)
(1427,650,0.4897339437524332)
(1505,620,0.945281529981816)
(743,647,0.027913827552487613)
(1879,634,0.5690445419351791)
(1307,612,0.22228466503252475)
(1645,634,0.3205850924216237)
(1096,630,0.9251334346075567)
(521,665,0.29577907461549047)
(641,650,0.490200536105742)
(655,654,0.9909588035332835)
(1563,642,0.6414790818692946)
(1076,635,0.5637963154083792)
(1661,600,0.2721076026829331)
(1624,633,0.7633907678574001)
(2316,579,0.9595384117419765)
(1310,662,0.4238013572780863)
(267,628,0.12570087978945688)
(1326,646,0.6358453978250852)
(2259,600,0.3881301652156113)
(1856,612,0.670513510538106)
(972,656,0.2502407795623257)
(2073,640,0.7449897402098292)
(870,645,0.8906931701742712)
(1375,624,0.85474505647746)
(1642,674,0.02098695619226265)
(1465,638,0.9457383890923307)
(1833,637,0.9915860955473395)
(2089,646,0.045090805124573974)
(333,623,0.6086747030293846)
(201,676,0.2501123416700515)
(664,646,0.10566806380165938)
(625,646,0.8823603201445659)
(550,644,0.489312090089694)
(1609,600,0.7476731593945279)
(345,639,0.4601519628235381)
(1713,618,0.16433053562441813)
(2026,641,0.2187184909273837)
(1271,622,0.18299363664781965)
(952,645,0.005642901338605233)
(397,616,0.3618058842223998)
(1520,602,0.07999291943178044)
(412,676,0.11302703531184222)
(2329,661,0.3662586165153644)
(739,608,0.49792296475351905)
(2296,650,0.12017993248314962)
(1403,636,0.590436680109976)
(209,654,0.11255326060216597)
(1644,649,0.9676405850318135)
(1076,643,0.5974342686106318)
(473,641,0.3076573029311819)
(1179,609,0.11432740479740178)
(901,626,0.7449038891015572)
(2446,629,0.7430409635582949)
(1462,659,0.979906190497842)
(1112,622,0.5899527467725086)
(2290,657,0.5487066931676917)
(1508,610,0.41735858922201796)
(1974,589,0.725497370337291)
(1930,643,0.7058036985336419)
(2147,586,0.44741716612608406)
(2140,674,0.7803454234037582)
(2011,665,0.28458117822165385)
(1385,632,0.38379322169340113)
(2135,617,0.7921956506374948)
(1620,634,0.5233840847086391)
(2459,660,0.04632186415375972)
(1237,606,0.39535982980979467)
(1498,582,0.06478794848359004)
(2463,590,0.07144862687013731)
(1504,660,0.9941268976616265)
(1289,658,0.23194442840954166)
(677,636,0.6052219623604927)
(2213,624,0.17847544954115302)
(304,645,0.8478337108102196)
(903,604,0.7656529395663481)
(1653,620,0.9584315141743436)
(2477,577,0.90081701461862)
(1704,611,0.47672475677430104)
(12,617,0.04218895056032734)
(2315,620,0.27825316910694864)
(2063,647,0.36530051530608365)
(270,594,0.8757523358118577)
(1193,605,0.3800383745424586)
(214,589,0.03896711603137315)
(1825,621,0.9630284532309058)
(1687,645,0.8749471875356619)
(127,612,0.08761184174153513)
(2001,640,0.9998077680120797)
(639,609,0.7644606797229672)
(850,639,0.5029648009155069)
(2393,645,0.3988904096729483)
(1368,603,0.8368072089478058)
(962,631,0.1998899374356652)
(551,594,0.5054798986176612)
(1661,629,0.8224511025763608)
(885,614,0.5907562756276803)
(909,621,0.37435983326093525)
(856,606,0.29784980407111605)
(1527,608,0.7434066140344836)
(1899,658,0.45624806097502146)
(1621,624,0.04647428528742137)
(2125,675,0.2774187353921428)
(1646,642,0.2844241640963229)
(1349,622,0.054973951950357036)
(1179,633,0.3766150577502423)
(2319,614,0.41073258119530776)
(557,614,0.1125798909391712)
(1413,600,0.4626125915310346)
(83,620,0.08667817001079425)
(1291,627,0.9338380680197758)
(422,608,0.03668106452666686)
(2381,588,0.5907365374920458)
(652,647,0.5717533728375668)
(959,607,0.5045940254000527)
(1354,639,0.18442201526784063)
(636,600,0.3932907645135002)
(205,638,0.6861926245778)
(1496,584,0.5639348552812727)
(988,684,0.29005129913161487)
(1597,630,0.35926934079567663)
(1551,630,0.8608069399495327)
(1286,643,0.17241750135396128)
(1917,621,0.6789054600066627)
(2198,632,0.42102221426518704)
(165,628,0.6149272704389723)
(526,647,0.6924846348321463)
(328,639,0.9145688843718058)
(2066,654,0.8752965245445624)
(2127,610,0.48146133882535624)
(326,651,0.06248973376387523)
(1094,648,0.2424616554360991)
(604,608,0.28669329880469296)
(404,623,0.6291448375799171)
(230,614,0.7657499722439135)
(1736,633,0.8255721659580578)
(1921,644,0.8702776704135523)
(457,629,0.669519720313337)
(1947,633,0.011702616234216756)
(2021,607,0.9341993950247431)
(1675,632,0.8214828743653786)
(2030,632,0.9346741768761417)
(129,620,0.9080705388705657)
(1386,607,0.3794693168080263)
(881,600,0.4166186396450716)
(2146,633,0.7350193877600106)
(1482,608,0.5147305661842887)
(1259,642,0.9892180469282343)
(168,622,0.8681778527914591)
(654,634,0.9956357085324677)
(289,647,0.27215602212675494)
(92,638,0.5250023942141361)
(476,604,0.06687043861198316)
(1693,619,0.5100525620583972)
(2211,654,0.17549313050754012)
(379,584,0.9670399146444494)
(1040,655,0.22411643280910876)
(210,592,0.4798442588003443)
(1218,676,0.3359106799054087)
(2355,635,0.698525897200263)
(732,640,0.051672106248024985)
(554,588,0.07768824691949572)
(2295,666,0.43204232971281575)
(61,659,0.9895138678152653)
(1310,649,0.5236890226808579)
(1041,606,0.43654402779598755)
(945,657,0.9742698479960559)
(2180,609,0.5337025745225151)
(2375,639,0.9394445992350847)
(473,655,0.6854015468436848)
(2262,630,0.9126027298570641)
(1869,626,0.9521435643273116)
(699,619,0.08875334251806521)
(784,650,0.09798077835874852)
(1311,576,0.6369182745994211)
(1300,615,0.06161478970014267)
(56,660,0.06338160106413349)
(1494,677,0.6661648149382589)
(1663,615,0.025156937669802315)
(2272,591,0.7794510507393212)
(2048,669,0.48844630979555526)
(416,644,0.01511758771074001)
(269,652,0.25972321772309104)
(1,640,0.5669748470820448)
(1618,601,0.05252839432460066)
(1038,610,0.0995334094223469)
(358,591,0.3887260168401976)
(460,627,0.855475568237439)
(872,626,0.24050818873527546)
(151,606,0.6674943710365623)
(2222,632,0.44984142202325417)
(501,604,0.2821531985591623)
(1218,598,0.7860537647131352)
(1650,586,0.07128038118407432)
(328,608,0.5932937146498559)
(96,625,0.6458353095422981)
(2168,632,0.4962499978793067)
(942,685,0.821540832824802)
(392,657,0.6137399820113428)
(556,620,0.4762804632886021)
(1240,639,0.5784101263708227)
(1053,595,0.4256752647877362)
(2382,640,0.3813985983188608)
(783,618,0.6627046440574035)
(847,633,0.8503567780167048)
(1651,692,0.656676374627774)
(3,648,0.7372117664784693)
(1145,576,0.1498785599129061)
(906,648,0.15397747488353142)
(284,604,0.4379640158495407)
(2476,598,0.5637798660156561)
(162,615,0.6911379432114437)
(457,600,0.46633646346846547)
(629,610,0.10272765280628193)
(1598,647,0.6521589838132912)
(223,653,0.3750264512150948)
(1343,617,0.7255705631082259)
(793,612,0.028968206701689314)
(1493,637,0.37579798602379466)
(1871,614,0.5465180867860053)
(353,612,0.21483108971892662)
(1884,634,0.34697944245758305)
(796,654,0.3685143711064568)
(1103,628,0.4727980279504723)
(1375,576,0.8429758869349718)
(1488,630,0.4142587772204268)
(2035,647,0.3820165779692474)
(1382,568,0.15600576584124393)
(2096,599,0.8319760838146072)
(539,581,0.3736282865673447)
(2285,598,0.1264267709608664)
(894,644,0.8002119356192975)
(1321,638,0.6206788380867613)
(613,608,0.8849754295063482)
(134,639,0.3013306227225979)
(2007,648,0.23986712865088877)
(2037,640,0.7332398658910387)
(2451,645,0.2251766805265717)
(1322,632,0.8294060230454555)
(547,599,0.4055893009366123)
(803,619,0.014696035655302087)
(2462,592,0.8107548973386103)
(147,605,0.5000119670938135)
(1779,685,0.6403406718228647)
(2180,624,0.7347124841129995)
(346,628,0.32397077120294626)
(2000,592,0.15795569248089025)
(1951,664,0.2644269965273427)
(1841,653,0.9747869359799242)
(2266,627,0.19427719893470996)
(1686,655,0.07223824460589756)
(2485,607,0.7848263130542761)
(1827,643,0.05825422758966703)
(1184,576,0.29633004149562925)
(746,620,0.5165455775312267)
(197,581,0.12938375786968292)
(2392,641,0.22584015635103805)
(802,585,0.8596578079136413)
(1562,617,0.44315624405976317)
(2002,629,0.039533097472378764)
(2017,604,0.961875253380865)
(1850,619,0.631963389270199)
(2386,589,0.9726278069930525)
(1904,656,0.0773277126251164)
(1146,667,0.7568945462300048)
(636,640,0.3655591405531078)
(2031,613,0.42746393748882716)
(2297,635,0.9563847024706335)
(928,609,0.3553431559327884)
(1387,648,0.3729326787884816)
(1771,617,0.27235646492659005)
(827,620,0.4582195093981265)
(434,645,0.4952253759060494)
(222,585,0.8753829829632259)
(2225,644,0.9476023271369786)
(725,655,0.5268318801406229)
(589,637,0.10348873359840305)
(1661,639,0.003354816957828577)
(1284,605,0.14471580037346432)
(470,593,0.5845200550229448)
(1327,592,0.49552926798085817)
(60,588,0.2930021796613952)
(2157,617,0.8283827599223624)
(2459,605,0.3099356534297566)
(1562,634,0.14896610798482768)
(1685,620,0.22515418193881798)
(1966,612,0.9791719795555858)
(1443,601,0.8997869745346494)
(2266,663,0.3708445562252469)
(1098,603,0.39352124713096437)
(2077,601,0.42477651864257415)
(943,622,0.39739522088883406)
(499,636,0.7658614974255997)
(1425,604,0.6891240268901566)
(2471,602,0.08134711249657134)
(1425,589,0.7401621061457131)
(1542,621,0.28975324655330403)
(484,603,0.4974545959300761)
(1117,610,0.9806553510539943)
(149,618,0.8605885421603406)
(2327,610,0.4609397126333381)
(2061,610,0.8579064778756192)
(2389,622,0.3809091779921483)
(1732,618,0.03344787652802339)
(836,650,0.18180834571177318)
(2214,638,0.8248864384237663)
(2231,648,0.03621809357356298)
(1094,613,0.11933442855453935)
(1044,650,0.8140026512906661)
(1600,627,0.6075787269874273)
(1717,632,0.75557655061799)
(473,596,0.060479804246772795)
(292,622,0.3929150552022014)
(1433,591,0.6751969230372933)
(1439,651,0.1938244816573429)
(7,654,0.6085689171642014)
(1803,631,0.8691902972495175)
(1786,596,0.7819498172727277)
(114,611,0.3363471919551897)
(1188,625,0.5899994759604947)
(1012,624,0.08615986688013133)
(891,613,0.5034522755968948)
(703,625,0.4356397010215377)
(46,658,0.16966042639637446)
(310,621,0.6603138971475996)
(2351,664,0.33239739738941154)
(444,606,0.8744935772678476)
(682,623,0.27761086253098255)
(1405,612,0.9956487149666334)
(1621,591,0.9543257117804972)
(594,637,0.2732810892672298)
(1162,603,0.7710317428703299)
(722,647,0.4285862688549952)
(47,658,0.4388528813317447)
(627,622,0.17106927525152416)
(1184,632,0.5769350129812965)
(1669,656,0.9645678693933435)
(742,582,0.07115973287586475)
(1207,646,0.5894884767796258)
(1860,629,0.902307149454162)
(991,656,0.28353724722450924)
(2331,609,0.6984192333425042)
(2421,588,0.48360819544888245)
(1696,663,0.09676952680351014)
(1867,567,0.8844732043391982)
(2366,627,0.522941457217563)
(2237,639,0.9692065779578145)
(548,662,0.6018943130851889)
(1078,655,0.2278428599365273)
(386,625,0.18975977418094603)
(1664,586,0.8819615519486262)
(540,590,0.7307492857209921)
(1004,633,0.4875625172574033)
(442,648,0.8865042154126388)
(1580,662,0.8029721004305702)
(2371,614,0.24015333244403825)
(1228,633,0.4217626686223954)
(1593,592,0.8142821697043663)
(593,611,0.16331142697060985)
(2281,627,0.1565151308942484)
(1700,644,0.01833163415766703)
(1026,606,0.4810991666658402)
(368,606,0.5988569985607582)
(1991,646,0.9489155295346074)
(63,658,0.8969535964032008)
(1451,641,0.06638693326201572)
(374,635,0.808710413125314)
(90,622,0.08842116080669671)
(647,605,0.28023686899473865)
(2055,632,0.20400643313978528)
(445,650,0.23425423524256306)
(785,661,0.009329807665143464)
(1651,651,0.8938620484525746)
(202,651,0.44839167371494293)
(155,596,0.2416379574803037)
(1448,604,0.2833788118668601)
(2009,623,0.45424590995899816)
(2211,695,0.8562071709283412)
(1918,644,0.2913545987464182)
(1299,619,0.8670212481849215)
(2294,651,0.08463286916578217)
(174,606,0.7444008059796559)
(2284,616,0.35599758326368647)
(1856,618,0.8859142252711989)
(1227,597,0.032234592666801176)
(264,621,0.7893118065882058)
(2223,628,0.633550511470966)
(956,593,0.3349333632595035)
(1820,626,0.8312376264323984)
(1128,657,0.01949033112106424)
(1000,610,0.7720569557584892)
(1251,619,0.43427110861838647)
(448,610,0.17748475120662133)
(1604,640,0.5680905113819789)
(1277,602,0.5179289871938373)
(528,626,0.41499921091434)
(749,640,0.2356306859039644)
(218,609,0.4068217643688524)
(1404,672,0.7086991173686298)
(1591,615,0.9469094697905585)
(532,637,0.9754021099251223)
(1370,656,0.29868084506150605)
(383,648,0.3966380608771082)
(1268,613,0.1666209321030021)
(2424,629,0.8663036907113979)
(34,608,0.3358420800667957)
(1728,577,0.18829878362681773)
(819,596,0.18964781289886123)
(1844,605,0.6654437429369872)
(2118,621,0.5665651720464326)
(2498,599,0.942358522786626)
(742,631,0.2402431144323901)
(1377,630,0.8837171113249466)
