(0,(0,2))
(0,(0,4))
(1,(0,2))
(1,(0,4))
(1,(0,9))
(1,(2,2))
(1,(2,4))
(1,(2,9))
(2,(0,2))
(2,(0,3))
(2,(0,4))
(2,(1,2))
(2,(1,3))
(2,(1,4))
(2,(3,2))
(2,(3,3))
(2,(3,4))
(3,(0,2))
(3,(0,4))
(3,(1,2))
(3,(1,4))
(4,(1,4))
(4,(1,6))
(5,(0,2))
(5,(0,3))
(5,(0,4))
(5,(0,9))
(6,(2,2))
(6,(2,4))
(6,(2,6))
(6,(2,9))
(7,(1,4))
(7,(2,4))
(7,(3,4))
(8,(1,2))
(8,(1,3))
(8,(1,4))
(8,(4,2))
(8,(4,3))
(8,(4,4))
(8,(7,2))
(8,(7,3))
(8,(7,4))
(8,(11,2))
(8,(11,3))
(8,(11,4))
(9,(0,2))
(9,(0,3))
(9,(0,4))
(10,(0,2))
(10,(0,4))
(10,(1,2))
(10,(1,4))
(11,(0,11))
(11,(2,11))
(15,(0,4))
(15,(0,9))
(15,(1,4))
(15,(1,9))
(16,(1,3))
(16,(1,9))
(17,(0,3))
(18,(0,0))
(18,(0,2))
(18,(2,0))
(18,(2,2))
(19,(0,4))
(20,(0,2))
(20,(1,2))
(20,(2,2))
