(0,0,0.2664)
(0,2,1.156172)
(0,3,0.681618)
(0,4,1.308134)
(0,9,0.3137)
(0,11,0.024800000000000003)
(1,2,1.089444)
(1,3,0.71844)
(1,4,1.59647)
(1,6,0.39680000000000004)
(1,9,0.33651)
(2,0,0.34640000000000004)
(2,2,0.8213710000000001)
(2,4,0.7829630000000001)
(2,6,0.045200000000000004)
(2,9,0.24440000000000003)
(2,11,0.027400000000000004)
(3,2,0.0984)
(3,3,0.22000000000000003)
(3,4,0.16702)
(4,2,0.102459)
(4,3,0.13328)
(4,4,0.76636)
(7,2,0.112053)
(7,3,0.14576)
(7,4,0.8381200000000001)
(11,2,0.060024)
(11,3,0.07808)
(11,4,0.44896)
