(1533,526,0.9394349941882058)
(792,884,0.39604661069420277)
(1732,718,0.6235875460871094)
(1443,415,0.7189754441648251)
(1108,1192,0.12022259993728823)
(1597,682,0.8497139391992192)
(1548,1291,0.717476484024019)
(1123,1,0.30517086374111535)
(1226,1579,0.19800901570601548)
(1662,1472,0.3432184229411701)
(1478,1727,0.8381450703362561)
(50,2500,0.44366823866184635)
(1579,1470,0.9335057940968119)
(709,1,0.5966190236432423)
(1513,2500,0.2626031683868554)
(1780,732,0.8025666591778867)
(601,1723,0.3137663894494118)
(2101,485,0.6518336185040302)
(2500,1427,0.2531906961499065)
(2500,1993,0.3535903176952845)
(942,1086,0.516630940117011)
(1201,1215,0.11491088404612604)
(1477,2053,0.20049600335996576)
(2093,950,0.22597379314781962)
(603,1312,0.3818462716124015)
(691,1667,0.6067734835927293)
(1780,782,0.470036424752436)
(1701,1742,0.5689461355980026)
(647,2500,0.6209872981442114)
(807,1732,0.5725536734992746)
(1178,926,0.2554820931721907)
(1825,47,0.9264510588144252)
(1540,384,0.8951925863324854)
(1350,1763,0.7522575600595746)
(2173,333,0.7056996445407174)
(1178,2500,0.33282017805560093)
(569,2034,0.44530876141249087)
(1810,1072,0.7748192919432536)
(1958,1282,0.17272472379089399)
(259,1326,0.026377263544132612)
(289,1258,0.35687934705983093)
(1067,524,0.4682697547178767)
(1052,86,0.9060695824381205)
(1185,1966,0.4486409544018768)
(1443,903,0.08406896824356314)
(742,1063,0.3632705633222425)
(919,1367,0.743251176498378)
(698,1172,0.45927051706587685)
(1355,665,0.08727057166282626)
(1819,460,0.06849728873970784)
(634,976,0.7433316058116648)
(486,1162,0.9602597047026626)
(318,1145,0.22808497918814263)
(677,1308,0.5293649018162891)
(1533,2500,0.25594980393602307)
(2266,1759,0.6717562652552104)
(2260,1866,0.8969621481582729)
(514,1763,0.9564717661871553)
(662,1178,0.6194621638415795)
(1107,1054,0.942091774387847)
(1074,1908,0.08040811916440915)
(1562,2282,0.6826157046345854)
(2078,752,0.7506427038887357)
(349,1278,0.12172743597824731)
(702,920,0.9198219351545162)
(1065,1136,0.07544388208188602)
(736,1738,0.07199323565706739)
(393,269,0.06473322758476452)
(49,1156,0.8402502325298983)
(1826,665,0.5798421028633547)
(2004,1019,0.4449559811947733)
(1222,639,0.12065425937586649)
(498,353,0.9466245393834518)
(762,1258,0.5916625224747356)
(1470,937,0.07690938605286912)
(1206,929,0.7058067936765182)
(2050,814,0.6428409442825961)
(1634,437,0.8710155984644479)
(1018,853,0.4872402420919518)
(253,592,0.17231562502073483)
(2262,1659,0.10555500967600495)
(1750,2050,0.5932931527273833)
(608,1327,0.7730787557928647)
(1879,513,0.20477689489522444)
(287,1975,0.7262139666624345)
(1358,1364,0.9322011811537738)
(1264,2071,0.9628487191596767)
(1661,1916,0.1102392308768626)
(1562,653,0.2267722860453869)
(1935,977,0.6421386046965745)
(1634,460,0.04799876153500349)
(1077,1974,0.6371364135375528)
(2156,986,0.7034347920957648)
(2311,1763,0.40942374868032383)
(1764,1607,0.20215165232967225)
(874,203,0.02335135690622736)
(1142,2167,0.40673164455535493)
(2252,1516,0.5671324033086563)
(497,862,0.3624234503133892)
(856,618,0.16706715525177307)
(1199,1532,0.5373508238020664)
(1523,2254,0.779185006657637)
(294,1251,0.40921579431939603)
(95,2500,0.8282762817853959)
(1447,745,0.008366977141834542)
(1166,1209,0.9656669159146024)
(1011,1409,0.49027324646283743)
(839,1231,0.5177606563152422)
(1638,1522,0.5888241308694445)
(1417,1426,0.15517095833215577)
(595,1580,0.517833896946615)
(559,348,0.12902920773638127)
(1086,835,0.8414872396815486)
(1848,1582,0.4184495286528981)
(670,960,0.5867648059715029)
(988,1551,0.962609943775958)
(1300,1004,0.38870914188081784)
(1941,1466,0.1650549584515476)
(1341,1511,0.7413128278168523)
(1454,841,0.6807798819559646)
(2147,1711,0.13358101741906447)
(1617,569,0.45900949050909523)
(194,1502,0.05526573636094889)
(847,766,0.16485461618663322)
(2032,1755,0.6497016995986876)
(1275,1400,0.10467557110096604)
(1042,357,0.6488577892385237)
(264,2109,0.23266742708509025)
(932,483,0.5611797430396139)
(1702,1622,0.5937259864736165)
(1437,1235,0.7798064339499492)
(1178,869,0.33226348366149794)
(1756,866,0.9715242809763862)
(683,414,0.2252800131265913)
(1725,832,0.8026771631329532)
(1823,2500,0.7341174196043772)
(1883,1671,0.39556540570838516)
(1547,2500,0.23186754630394713)
(410,653,0.8082617780971348)
(2227,194,0.2537738306882753)
(1100,900,0.31757210947848225)
(1129,2033,0.3308495659491203)
(1407,611,0.19364980608804083)
(1536,875,0.7374400855007758)
(1381,885,0.9704654215646491)
(1330,2358,0.7774154097419255)
(1773,1885,0.2477050214832297)
(1126,1486,0.5778555103664917)
(1444,706,0.4410127942932801)
(1123,567,0.5661536036059305)
(1311,968,0.8910489746751165)
(806,873,0.9903845123590136)
(842,2460,0.68667605288473)
(1750,1061,0.6582320558282572)
(2418,618,0.017902563985168096)
(1796,1,0.14135781671242242)
(1536,317,0.6346072037256714)
(1335,2500,0.0510802772460025)
(1444,1489,0.8812023168267388)
(787,1941,0.8724407594128475)
(1661,455,0.7142820544557325)
(1508,811,0.1458939395537301)
(1618,1062,0.38294931443225066)
(605,1226,0.7170313881394212)
(800,945,0.6148829706115628)
(2173,1,0.3984263511008058)
(1345,697,0.9994106240063342)
(1159,822,0.20384237347092804)
(1054,1972,0.49112735160310617)
(1998,1614,0.7405660314698191)
(1046,1229,0.4725211105684588)
(1220,383,0.3997139323833785)
(1035,2416,0.2225939559552158)
(1,1944,0.9243824724875109)
(1191,950,0.09921690113592596)
(2500,2105,0.6152602246230556)
(1941,848,0.6537984515321416)
(1915,1295,0.8817284245138016)
(1623,1452,0.9675090935788413)
(1305,573,0.28688400428599925)
(1363,123,0.6608075434121164)
(1633,1340,0.3889455650796959)
(363,439,0.3548057931108982)
(1229,1204,0.1076727555435324)
(959,1766,0.6218957003405778)
(1804,1393,0.6708910687434189)
(2233,980,0.5143518246607566)
(1270,674,0.9403947135464886)
(1087,1621,0.8737579581729721)
(1092,2069,0.017209440889670136)
(1387,1719,0.2970512969252215)
(238,1199,0.08879757697160173)
(632,1923,0.13139351661475185)
(733,1017,0.8912690330454466)
(1916,1949,0.7289399840701958)
(1765,875,0.7870064390365619)
(1730,462,0.40384578141338245)
(1989,1891,0.7444626576994837)
(794,1209,0.5280945609453435)
(1930,1465,0.7584046580049826)
(1776,606,0.07144732735198822)
(818,93,0.6007739696857852)
(1621,1831,0.423033068538032)
(1661,1521,0.24147451028967737)
(780,1414,0.31272911902792566)
(718,328,0.025953083147886136)
(2232,1,0.17520552596376748)
(1858,471,0.6892172962374022)
(1097,1533,0.09078790026121886)
(2041,2062,0.21369683941427753)
(728,1003,0.2730750409513961)
(963,1208,0.9770653287544789)
(1053,872,0.12134175049738594)
(783,464,0.43464622099127803)
(389,1636,0.24164890604558953)
(1656,686,0.4844493029686171)
(791,1,0.16221331003906636)
(1,902,0.7515368802387611)
(481,1373,0.5696004046463814)
(1373,928,0.06754335045364701)
(999,1527,0.8523293385957732)
(1696,1902,0.8440179753413857)
(2436,690,0.12248501632335762)
(1504,1465,0.30692667319057565)
(17,1358,0.2554179208964704)
(1032,1399,0.8191255438783923)
(1,1228,0.86819346779394)
(444,1418,0.49917672847845296)
(1269,933,0.5879142192929082)
(544,1479,0.9064040717567675)
(229,2331,0.45752583837118543)
(777,1,0.35361909859613494)
(1572,1823,0.7184031843625011)
(1970,1226,0.6081486203122486)
(1937,1767,0.9339987303218154)
(1471,1176,0.4656226067246455)
(1823,1039,0.07030555234900004)
(1631,2500,0.33437258456357644)
(670,1994,0.21289691743497408)
(884,938,0.7499554079013642)
(418,965,0.7325435078510276)
(1505,2238,0.2723936252574721)
(1021,1678,0.8573141104191021)
(1801,1,0.6909837231235049)
(902,1629,0.2171071343537988)
(1645,1697,0.6389628596308615)
(1623,1818,0.610117377452232)
(1287,895,0.631912581946698)
(1,1,0.47102251451579147)
(2500,827,0.292844286456169)
(766,725,0.10569940595718774)
(1419,1516,0.523182742528771)
(1928,1288,0.46027140794329147)
(1678,1099,0.8715895835492019)
(859,1297,0.7514437667603312)
(2065,619,0.05307010039477256)
(264,1314,0.1085893101501032)
(1048,790,0.2953477691463662)
(960,1633,0.6490096737683838)
(1611,1679,0.1488987736241817)
(1374,521,0.1135652102995911)
(826,1113,0.19865430299255982)
(1533,595,0.8645972046124611)
(988,2500,0.3648421937066374)
(2154,2369,0.16309590727256207)
(1346,900,0.5969749142557161)
(1330,1,0.7310505869642837)
(664,1197,0.5448685709264576)
(755,1393,0.5693426604492297)
(1585,2090,0.5300372037608592)
(2171,1276,0.8144309738089228)
(2272,1836,0.3562513516871688)
(1788,1648,0.6020675167592151)
(2088,2399,0.007194784116019259)
(1567,1732,0.06847245857571505)
(635,44,0.20307868932379625)
(1847,1496,0.15969261857490402)
(1183,1330,0.26561764850811165)
(1692,632,0.7918188312855318)
(1961,1254,0.21920632032449394)
(759,324,0.6920470295047569)
(1463,267,0.10880383485224643)
(680,1842,0.3434372121447008)
(2274,693,0.6363954496069285)
(708,522,0.2263032413226974)
(1400,2120,0.16973133622807557)
(1441,1909,0.17507491177557666)
(2188,1083,0.5240769735466423)
(1827,1112,0.36390061598221835)
(985,1519,0.31075581636922966)
(1377,802,0.1538204828661338)
(1344,2500,0.4757704822911736)
(1356,909,0.6878488220488749)
(355,697,0.02741377265826772)
(1299,1982,0.924696295535884)
(871,1,0.6666317683896348)
(1821,1535,0.6733944295773394)
(1862,1258,0.6547195530350759)
(1010,2028,0.5588130183813487)
(1338,459,0.4802364527583628)
(944,978,0.617230356233915)
(217,1421,0.8754932541398063)
(1240,1672,0.9904466572253492)
(606,1682,0.692285288255742)
(2119,2249,0.2868465282399729)
(15,1515,0.5674408405391683)
(122,1723,0.7754512515539302)
(1018,1371,0.07576040295658415)
(1425,2453,0.9655324676474238)
(131,1183,0.25923956395168835)
(1429,2079,0.41826242365277766)
(1511,2500,0.04287239749463423)
(1621,558,0.1541363896205582)
(1341,1600,0.3830861090211307)
(838,445,0.7147155412990973)
(1255,1839,0.35321135424303907)
(1032,1476,0.18086660237735364)
(1053,281,0.06895361878428374)
(2500,1221,0.2083263680039349)
(2452,1248,0.6840384773571749)
(1758,1077,0.30624663611336866)
(664,530,0.9563448504744156)
(2500,1770,0.44667647896677565)
(813,916,0.2541476762502346)
(1414,2242,0.4837181594970401)
(179,1020,0.9591210202686301)
(1298,985,0.935897005871461)
(1834,960,0.6399292931384223)
(1901,1770,0.16478621046135766)
(1785,2010,0.9165723003814805)
(1265,1247,0.7217960675174075)
(1633,706,0.08935490551094316)
(1944,938,0.7264326384153286)
(1714,1285,0.7200360147036946)
(693,1003,0.19553885975415886)
(1063,852,0.4560490053887559)
(895,1,0.2921690752108699)
(960,457,0.2922950260122086)
(1667,1056,0.593787615948348)
(1821,573,0.04421888375476879)
(2078,1956,0.09609937720827777)
(336,1480,0.46116570652595346)
(235,2417,0.09417394558149206)
(1787,160,0.4761649077470894)
(2264,2387,0.7554022796850022)
(1469,2012,0.32466182666637167)
(1291,2258,0.2198372138068022)
(1043,1880,0.7974370320702905)
(526,748,0.38767499795568106)
(1819,530,0.3545244281719444)
(464,611,0.2919066177768549)
(1837,316,0.4961023400148862)
(1715,136,0.5240268997447384)
(1311,930,0.17425797119894526)
(2500,1122,0.3941780792424905)
(1569,241,0.27401367982838387)
(2052,1160,0.9058180835136557)
(1593,1678,0.24912152175506863)
(998,520,0.7281795731314457)
(2266,600,0.46809931536989324)
(2120,927,0.6385699744243984)
(2242,1318,0.4147030321747297)
(766,2070,0.46573793356677173)
(962,751,0.6888898643619411)
(1320,932,0.7978898633640636)
(1663,2148,0.5597999526872126)
(749,1188,0.8015645865838885)
(1089,1263,0.9992022047007222)
(2042,1032,0.6253314245701243)
(1942,716,0.9354078196201584)
(1033,300,0.7187035268796421)
(1260,228,0.2817846065605163)
(1831,1278,0.3553497214190704)
(1827,1911,0.9598471989539827)
(790,1656,0.08652652328252242)
(1408,2500,0.47884857488612165)
(792,1070,0.8254253355305338)
(1818,2148,0.39408654311062685)
(1128,1727,0.8619194553670726)
(2015,1474,0.21027724177659457)
(799,711,0.17652909088603952)
(493,2260,0.4892947581111692)
(272,1922,0.9416943216367648)
(515,2222,0.8596177667508224)
(367,1,0.6329887575765097)
(1104,1649,0.4276767930941381)
(757,2033,0.3568008190243135)
(1079,1361,0.36875597270406724)
(894,574,0.357037687446793)
(1648,556,0.9417540198680276)
(1033,2239,0.26157103462762377)
(606,1216,0.8607749511924588)
(1424,655,0.3200278309804675)
(1791,2404,0.08551198460327158)
(1120,1426,0.9824634534515609)
(1312,692,0.4402850613152428)
(1472,1549,0.011478037276656528)
(1617,681,0.09621018521317948)
(586,1890,0.38240947426684735)
(1783,1529,0.27987865743449414)
(884,847,0.5622366139708078)
(2500,1517,0.540408984692877)
(521,1737,0.2522566363902752)
(2268,989,0.24591151003771272)
(426,761,0.8517457363858167)
(641,886,0.9383605868303474)
(1854,976,0.6378286940279054)
(1239,945,0.5257462094282331)
(1684,774,0.30508999449969254)
(955,144,0.20102875089761096)
(1769,587,0.3032984031327616)
(1939,1857,0.8893980522214736)
(1,857,0.8106721803627398)
(359,899,0.6725591413763135)
(207,1749,0.4864884171083893)
(1,1400,0.9229676973556229)
(1669,1515,0.353077498481997)
(1856,267,0.0326883342711175)
(1225,241,0.32301425494051084)
(1538,266,0.5341423889927489)
(1780,850,0.6880717871105368)
(2192,1233,0.5793755386590476)
(715,1476,0.022176101002623128)
(1710,469,0.34162709025608906)
(1036,615,0.27007350277985387)
(876,2142,0.6208920242848309)
(1807,1079,0.5787457538402799)
(2001,1124,0.571032920304972)
(1410,1361,0.23018977219422287)
(1507,690,0.9232051643236829)
(874,1578,0.028929811532091843)
(1135,239,0.24796118548352053)
(1238,1017,0.46877232691556325)
(1928,1522,0.29469663189622364)
(1144,1664,0.6968761134411725)
(2500,357,0.7413338271086818)
(1543,1382,0.8641188842446234)
(745,1159,0.2570767058517357)
(1024,1604,0.9344936855823709)
(761,1043,0.7894386423641959)
(2033,1363,0.6009661339009246)
(1035,1245,0.10579219478862811)
(1608,2257,0.5904782313203484)
(2409,830,0.8897152507206102)
(879,1413,0.19179090196319826)
(1911,516,0.11586156065521025)
(1431,1431,0.3652534890269301)
(2455,1519,0.1801088011732005)
(2500,193,0.6127143811822329)
(1683,1194,0.30056148297445506)
(766,1329,0.39243169101270514)
(607,1920,0.27682039727797525)
(820,1992,0.12277896496730845)
(240,2137,0.5283277180294215)
(2498,1946,0.7089588425955285)
(992,1754,0.05324820564004762)
(648,1829,0.8762165969977241)
(1973,1334,0.299303491617364)
(945,1351,0.3659279274220475)
(1081,1124,0.12546430195409308)
(907,783,0.6261533070327253)
(1603,404,0.8900300768667353)
(1446,2258,0.1755753576895862)
(1612,1700,0.3198682575661289)
(1983,1738,0.4961475335880905)
(977,1151,0.1857333752753063)
(1780,1770,0.6285245818549845)
(1541,1373,0.6106625316372404)
(485,668,0.9610761560706641)
(745,1677,0.8948741941759227)
(223,992,0.8715827115714312)
(948,1097,0.424691607938919)
(2124,837,0.41642614651512677)
(1533,1291,0.5590457647720424)
(21,1625,0.0964157394812718)
(1568,769,0.3670691608017834)
(1431,2500,0.29271668385279637)
(1679,45,0.5135731104732276)
(1666,689,0.8525464938860108)
(1374,945,0.5515568390853052)
(2007,1292,0.18656899043736253)
(838,1187,0.3173498047821637)
(1619,1526,0.9397500854162982)
(1666,1536,0.9934812121081252)
(195,823,0.49833801663662824)
(2015,1328,0.6340785188258106)
(1047,1305,0.9847555554643921)
(1754,514,0.6333668744852745)
(1423,251,0.42073889929705943)
(2274,2323,0.4914850604294876)
(298,2180,0.23969201641977889)
(2500,2432,0.30262258739863135)
(2500,1271,0.2921090273851975)
(1023,310,0.36317983135309195)
(1637,1636,0.2815693832408518)
(2500,1815,0.874901775493857)
(1104,442,0.016020020352010444)
(1237,456,0.09044127247459821)
(2201,1583,0.33120511540110076)
(1576,795,0.06648625843389122)
(1812,1098,0.9318092180085953)
(570,64,0.32843756226346277)
(1227,730,0.7903824628885541)
(691,1818,0.13207827744378386)
(502,1168,0.7146287786045414)
(694,1693,0.22043850180046243)
(1388,611,0.8284359088907415)
(1119,1775,0.9687810581591125)
(733,811,0.9988435703049359)
(1111,1953,0.006099052800989546)
(1041,742,0.41975007764012096)
(649,1721,0.5701953292598062)
(1196,602,0.6005719141188202)
(2115,1125,0.3313389102662323)
(915,1334,0.1971345383439359)
(1516,1400,0.40282316254888106)
(917,1758,0.10124082834548165)
(685,1470,0.81760678919432)
(1947,1651,0.1416919680874721)
(1404,1198,0.932981228189282)
(703,1084,0.9666848257030743)
(1090,1265,0.46265869423670025)
(880,1504,0.19194093202028117)
(1371,520,0.1311999658254528)
(630,237,0.7935499653830643)
(1081,324,0.4635903749782021)
(1916,2500,0.7100291379296666)
(1706,1139,0.3039350698929999)
(2205,1578,0.18912438192175507)
(144,1778,0.9632669902664284)
(1300,1387,0.7088466843335016)
(1170,1382,0.49723737069363216)
(708,1035,0.9389933234153299)
(780,1030,0.7247023912797349)
(157,1582,0.6074572619835005)
(1351,1858,0.5161120284991402)
(1603,567,0.36027687899410454)
(2090,669,0.6255031890057404)
(1076,1243,0.371240102381994)
(1903,980,0.976328558859871)
(1826,697,0.04579404256939401)
(1244,723,0.7600426992936768)
(572,2147,0.5334856063231912)
(1773,465,0.7174633474248207)
(2065,1580,0.22636345699514804)
(1839,1251,0.6033407844832468)
(1378,1314,0.5411505894465524)
(584,145,0.9830679504476252)
(1501,625,0.27951150649711554)
(1585,1234,0.9156345548495822)
(299,886,0.12331321902636672)
(1264,2221,0.1950075772990909)
(264,1340,0.4665144743935826)
(870,134,0.07690375560521012)
(1390,773,0.2827932854735643)
(1748,955,0.4106906240253819)
(1662,1499,0.4367556101757093)
(1913,1885,0.817563372363175)
(1427,627,0.18016207930471073)
(741,1483,0.2007328315290643)
(951,1022,0.5860448012655209)
(2042,1156,0.9906618072030677)
(882,1103,0.5975011514049933)
(2223,911,0.9805594278070651)
(839,1834,0.9544326664184737)
(12,875,0.9079061391589363)
(1277,1640,0.5459336314444431)
(1163,1387,0.09360798175626206)
(1197,2355,0.5442131587394037)
(636,145,0.8725131896900332)
(1679,1922,0.7576457807622303)
(1113,870,0.8827176416128978)
(812,1795,0.04131622826723491)
(430,2217,0.9672503276140105)
(791,2345,0.9232512191565664)
(1048,830,0.15606422666246345)
(842,728,0.006131761780750922)
(1061,1435,0.4648845802833341)
(883,699,0.602453354232772)
(1402,734,0.20772038866414155)
(1433,651,0.800582629770463)
(1,638,0.16334502603846734)
(2500,737,0.10968879120807462)
(2361,1016,0.011521080248656945)
(1475,2020,0.8968911450084143)
(1869,1102,0.2240300537959673)
(1018,1445,0.2600896631243177)
(1866,1014,0.2936007032161603)
(1116,2500,0.4519725649958052)
(776,938,0.6655715446072877)
(1103,2361,0.5503499634912611)
(1285,1255,0.03190583215514786)
(1863,1353,0.956162635311741)
(1680,689,0.8698703365815282)
(1347,936,0.8008436277091685)
(1708,2500,0.5685032782080499)
(1790,1340,0.05192962446395322)
(1640,1450,0.8360806564022225)
(528,1563,0.2346892851520026)
(514,1650,0.10931370022979137)
(1367,1677,0.17124673134718893)
(997,871,0.40226829988470825)
(462,2403,0.4686896057097857)
(1838,1801,0.2514108271880373)
(1308,1389,0.11869138100743037)
(851,1702,0.0229081000077217)
(744,609,0.021304686179546173)
(1757,1045,0.07523015361931384)
(1629,1906,0.6978031786350868)
(1763,259,0.6012794358722217)
(1830,1058,0.22645679724415357)
(1770,634,0.9709847496846585)
(1901,1546,0.7402087350329628)
(2059,1671,0.14800364087179052)
(961,1,0.37612463514327144)
(1377,1042,0.3699397475935171)
(2500,1810,0.42951116757630325)
(947,982,0.36778196430943244)
(2027,565,0.43961672850872)
(1965,1708,0.5367490498647068)
(655,2057,0.14599003167665725)
(1,1389,0.9915286521261463)
(1559,1913,0.8693647005647235)
(116,584,0.7865707483872618)
(1656,522,0.0821119926482603)
(1494,2175,0.9225036108798605)
(1427,1524,0.3289663084769442)
(950,520,0.36536798980060936)
(1457,1000,0.9448204866356482)
(218,2490,0.016610751930845713)
(431,1595,0.6328794364682575)
(930,1892,0.2541612203876452)
(988,1569,0.035373183763564464)
(1735,1214,0.06553778258989473)
(1734,448,0.522372143391507)
(831,678,0.2040782089328076)
(2277,843,0.8686098004985828)
(892,694,0.04859684798753705)
(1130,2330,0.33750952604011675)
(1457,787,0.14433780647625605)
(373,1032,0.8146671544053226)
(1791,1638,0.721689172701621)
(1290,1142,0.15464621464158035)
(1558,175,0.2811802219849058)
(1657,1273,0.6737134845692584)
(787,1220,0.05237716408430815)
(1264,1272,0.2875232107097959)
(790,1591,0.6806187184002251)
(482,1098,0.5171512800950641)
(1808,956,0.7804171595416872)
(1129,1361,0.8889716673865564)
(1283,1632,0.12676816550724268)
(1433,1425,0.3274019124676357)
(948,1361,0.6651145939965968)
(1847,797,0.960380978146091)
(1233,778,0.017809742965389175)
(2187,2035,0.1856325096451924)
(1408,356,0.9430488165298109)
(1899,623,0.18173796629353245)
(1062,1,0.6783980663994862)
(1032,20,0.9113175159911309)
(90,1545,0.9858073763191011)
(1448,1360,0.31399229838442)
(876,913,0.7583743535082478)
(1275,1626,0.34314745273020053)
(1212,1710,0.8906908983685654)
(645,1673,0.6267244512602477)
(704,844,0.976144441340777)
(1230,1528,0.39031626089831684)
(626,1041,0.044883320828221995)
(1007,1863,0.49108271322801267)
(1924,1250,0.19347336567662854)
(420,1191,0.5114530791235052)
(1450,1388,0.38422397496538263)
(2385,904,0.09556551487749243)
(450,1106,0.5821795110006325)
(1590,1538,0.2783720064669648)
(881,1762,0.8744859114673421)
(536,2003,0.5731370909488833)
(1616,739,0.10681897332974666)
(1075,989,0.13398015684795872)
(1075,1116,0.9912583649926744)
(1074,2452,0.5156865190344062)
(1,1434,0.10499633697741373)
(2500,989,0.1836074354174202)
(1130,706,0.7473160477705709)
(1009,1230,0.9319365353116692)
(1807,1196,0.4050954239299389)
(143,1913,0.7379009862112119)
(822,1386,0.3490295194360028)
(699,1896,0.31334462485185766)
(1109,1194,0.6961586430727802)
(1913,1987,0.046200351488225544)
(719,1970,0.21939321596912686)
(1587,924,0.0831661374537479)
(1145,2364,0.6702355515935126)
(1476,162,0.588325813712058)
(1,1158,0.9581511622466485)
(1643,1301,0.1592559195365134)
(659,903,0.061061017800102535)
(1590,1577,0.9970754295042632)
(1629,1365,0.2890340758910249)
(1056,1436,0.7418766751815641)
(1328,1690,0.7256748680714301)
(1167,303,0.8967809823218702)
(937,460,0.807850122564797)
(1127,845,0.5951902825516562)
(1859,1166,0.09515029119422802)
(1317,932,0.29695727713661346)
(1647,1183,0.0683479602733843)
(1796,926,0.23103583305894748)
(1442,807,0.23914856015778918)
(2365,2295,0.6447767969742998)
(424,2466,0.5839323998930186)
(1390,1173,0.27358432319473136)
(1190,2069,0.8382764823959973)
(1718,2049,0.92296358832769)
(2305,1032,0.141491120671275)
(1424,325,0.11574194235576407)
(761,1985,0.4103754734062026)
(663,30,0.6170523163055024)
(1576,1246,0.9314206720136315)
(1479,1686,0.26110518432107266)
(1461,674,0.39144156054673696)
(855,1182,0.872901910611825)
(1348,1698,0.7275120839739467)
(277,2220,0.13902141159295334)
(1027,1032,0.48828794455627067)
(948,1275,0.07740448050193616)
(585,1788,0.09531352689681771)
(173,732,0.758743220514835)
(2203,1382,0.1601636307425185)
(1571,871,0.9850523761971479)
(1375,1619,0.24904633503640894)
(1663,2338,0.41081248777701096)
(1238,251,0.001296210341658055)
(2175,2192,0.345904353662536)
(264,1876,0.8700345090118619)
(1003,887,0.5065663836832913)
(503,577,0.9713139894256586)
(1144,1069,0.27020436301003947)
(1540,1375,0.4953004211663178)
(1698,1870,0.17352156953452325)
(1500,1175,0.9126404773689604)
(2480,561,0.9976300236400202)
(2094,1597,0.9161387084351926)
(1483,1204,0.5660257349695313)
(901,1343,0.7161200510691981)
(1084,2035,0.45942195537298935)
(1179,1591,0.1720024141256734)
(979,1912,0.7831451249057766)
(509,1317,0.7763776005428172)
(1291,1567,0.6265766340662172)
(940,774,0.828220056963363)
(1486,1035,0.9377738772491417)
(234,2183,0.4308253096539235)
(631,2352,0.5611741131096759)
(1159,1872,0.9372044711943222)
(2500,1555,0.6218709217337756)
(1208,2500,0.4751040219325501)
(1982,1176,0.7214429598356007)
(1674,463,0.8006785035897419)
(689,375,0.6640639347399041)
(835,2264,0.6306385641907962)
(1556,2268,0.566903257679109)
(939,1245,0.5562953693341226)
(1347,1820,0.9134270382547371)
(1179,2161,0.11770804406616697)
(1848,830,0.021982040918608337)
(1452,1323,0.0673123676158649)
(1745,1934,0.017317330639962436)
(1382,1708,0.4090413343312427)
(368,2178,0.32033590749689933)
(1129,1345,0.03183207411339717)
(1184,1111,0.06438236857900137)
(1117,1878,0.7416071632998)
(1492,561,0.39525861107102256)
(100,997,0.6021409132484837)
(2083,1341,0.8311286925840439)
(961,876,0.07584815630624653)
(1768,2170,0.524978808100324)
(475,1443,0.10569464187679589)
(172,691,0.524272308037886)
(1531,1405,0.6541983767865915)
(273,1882,0.9109113904310264)
(1402,483,0.2280947959056593)
(544,1560,0.17279543929945806)
(974,1400,0.46863400469755634)
(1303,1562,0.32373621963965127)
(939,1679,0.3961644277707804)
(1576,1804,0.7458022124144018)
(46,826,0.1986114193147872)
(392,398,0.4433344871293655)
(1749,157,0.9372268588901468)
(704,680,0.4555673088053108)
(1028,1836,0.06633363455998231)
(1381,1416,0.5307811417745407)
(1389,2174,0.33859982200843197)
(1413,1561,0.9923317194829988)
(2030,1050,0.5200982146680455)
(1393,23,0.043507325639850936)
(162,581,0.19677335878968305)
(1857,1600,0.5770228127625702)
(2130,1378,0.9191041668745837)
(845,1255,0.6377402477791598)
(2303,2054,0.8746894206274016)
(75,1285,0.38703350418250637)
(438,1947,0.7612769902570727)
(2274,166,0.06385951026604553)
(1255,2500,0.09775599708947647)
(1296,1313,0.48366537476169247)
(1505,2432,0.05254888236496935)
(427,434,0.6161516105017104)
(997,1165,0.7616141575966029)
(436,2043,0.5157527009764701)
(1316,269,0.3954088781284154)
(1001,598,0.2536308683238926)
(759,947,0.5933464352119957)
(2294,2500,0.39786301476717345)
(1241,1295,0.8934814950931578)
(575,324,0.5322277283952809)
(1558,870,0.02678181982139738)
(983,834,0.9426638727308569)
(1,1754,0.8189199754048747)
(661,321,0.3387200687551841)
(941,1,0.8850972451087543)
(1836,424,0.7071320800132596)
(2052,1247,0.6817052821056712)
(1614,1578,0.8673138700999664)
(1280,1545,0.3950190647319386)
(283,9,0.5595367279156904)
(1246,1440,0.5700898221932936)
(564,2016,0.43794826174240575)
(1230,1927,0.5650005838444194)
(512,1272,0.12236188081254717)
(1565,2294,0.7157326228568194)
(789,707,0.6647650231543984)
(1180,1958,0.314492589622819)
(1934,1789,0.30937588680615313)
(891,1075,0.3258744042806645)
(1,2388,0.3821590731070027)
(2022,723,0.5011750822090412)
(1778,1102,0.07284973530642458)
(1504,2108,0.896670935427417)
(1152,1425,0.93173555713673)
(997,880,0.45042656386999735)
(1115,618,0.8096480068014881)
(1269,976,0.7036559045969902)
(937,538,0.800546999031287)
(1838,607,0.11588123355199764)
(1191,2500,0.6835467005757098)
(1138,1,0.443622132730203)
(1254,665,0.9195567079559984)
(980,832,0.8310589303164256)
(1474,1286,0.26106048747184163)
(1977,856,0.25622415184545055)
(1348,1477,0.37876497221487404)
(685,671,0.15951520380415674)
(1772,276,0.5931718507863507)
(1212,1946,0.40481834586463694)
(1217,1544,0.5846058104259545)
(1944,1093,0.9724944631451993)
(380,418,0.07015254383863623)
(1105,943,0.5059694677398737)
(1074,617,0.20059193143555298)
(943,567,0.04544005226300407)
(566,202,0.17532388664135035)
(1080,1,0.18842430489433892)
(1597,1103,0.5971829353033196)
(975,1247,0.6778385534448439)
(1639,2031,0.5875642330084948)
(1583,947,0.06574142248561454)
(1992,1026,0.8741145825053331)
(1000,1652,0.12381476681524806)
(1403,1784,0.8724258756469523)
(829,1253,0.10830624305196557)
(1507,2009,0.9364847368154727)
(675,2500,0.9397131262499104)
(932,1625,0.7691684300909583)
(1060,2500,0.5337507434350551)
(502,6,0.38116695477268203)
(1761,487,0.7649427720116136)
(1806,1164,0.9881614048603782)
(468,791,0.938399327266421)
(795,607,0.4065571633142182)
(657,1856,0.44198757077750317)
(1728,1871,0.9660806165582903)
(1466,1541,0.9671956608029683)
(758,1441,0.2257544391237749)
(2352,1447,0.8208019988654641)
(1228,937,0.41832550423320847)
(1379,148,0.9334969173268808)
(853,1928,0.5264531652839923)
(1507,720,0.20044300561221873)
(764,568,0.6327271567595643)
(2427,1,0.08542557340541368)
(316,526,0.6684258543840597)
(788,1814,0.7886850481162282)
(1033,1323,0.09894954272926648)
(1333,1701,0.5263439259397231)
(1865,782,0.5151266308460302)
(1643,1177,0.6529592293326623)
(554,822,0.3954662252292165)
(1321,1394,0.3944129404779777)
(132,2500,0.5588347379155982)
(1789,1585,0.8285544353092217)
(858,2114,0.15611516625595911)
(2500,480,0.21726471500948175)
(956,2098,0.6190377751447256)
(1740,2091,0.5389536162608032)
(1501,800,0.3985114552942006)
(1976,78,0.02068100287984853)
(818,1382,0.19997920337471642)
(1351,887,0.14250520663760313)
(1591,1294,0.7801573308020264)
(1336,508,0.376086502828998)
(2500,1394,0.5655183749700342)
(1050,1860,0.7354725538870315)
(1001,2015,0.7469582680448261)
(2028,2269,0.07960918892038282)
(1444,2085,0.25951190553533887)
(1984,1588,0.1670378813061978)
(2184,1028,0.40445386833090213)
(944,1426,0.790319560783153)
(590,1743,0.6391341946221087)
(1616,1270,0.8761128142701687)
(1452,539,0.2785870813473318)
(1135,545,0.024668454019139197)
(2423,782,0.5333708148034464)
(644,1168,0.9247943360689946)
(1173,741,0.993938379649068)
(1823,1905,0.9106499136151682)
(1221,1256,0.8780372746498999)
(794,1156,0.2810468956891603)
(1472,946,0.16153690483164052)
(146,308,0.4708884004035818)
(2241,895,0.7133315950927277)
(963,2147,0.52515358081496)
(876,66,0.7044447986646382)
(1394,1579,0.14831913251351792)
