(1526,847,0.6421020692533326)
(1805,818,0.9411730856854703)
(1529,1278,0.13225787120077825)
(1054,327,0.5156432485945934)
(710,2187,0.761319447787486)
(1341,1270,0.9559286759655484)
(1395,1109,0.057857565536489686)
(1014,561,0.20847987596894324)
(1209,1088,0.17302279231070938)
(213,1369,0.6080343111395484)
(1310,950,0.8009514949446971)
(1281,1773,0.3396078426630139)
(1429,1603,0.8019339155480021)
(1041,927,0.05542204839045939)
(149,2000,0.5334118325109074)
(1069,1325,0.07306148456785821)
(1767,1908,0.5791543088600746)
(997,1199,0.013148141705672467)
(1891,1745,0.530330695559171)
(2157,1366,0.6772648995674715)
(1082,2500,0.7999234173066755)
(2146,1937,0.36039347299385105)
(1597,605,0.26238679804582654)
(1813,1521,0.5294582284422115)
(738,1612,0.5571275343738584)
(1876,2198,0.0363469354981365)
(934,1746,0.8205371314493145)
(1406,1366,0.3485305423420949)
(666,2214,0.07211380675394186)
(1009,2375,0.4910857717300313)
(1782,1259,0.7155741659030398)
(1832,1878,0.3280509395519644)
(1815,1857,0.14384992559088206)
(1559,1068,0.4775935919432991)
(1060,2077,0.9566182793429865)
(1526,1228,0.7882211437149114)
(1575,935,0.7853416403971194)
(1246,971,0.4550472272850825)
(1510,1823,0.08357075933483016)
(1966,1037,0.7581607280448592)
(18,1111,0.2890642148976844)
(2234,2238,0.7159913903220495)
(73,1433,0.3382537408714079)
(411,343,0.1281222882057892)
(1507,1038,0.22831167487805726)
(196,2500,0.31897991003318216)
(1682,366,0.4270452558344129)
(1193,1510,0.33770928497585884)
(1738,1941,0.032088705106740556)
(1706,437,0.31852793086982545)
(591,1818,0.6162579209880259)
(869,1594,0.045739427651366626)
(1453,955,0.7162874702096822)
(687,2067,0.8605037900566691)
(1088,881,0.3496920049198534)
(287,936,0.49665408896006435)
(1472,1049,0.8242438885283309)
(1419,1232,0.7309992339552146)
(2110,2474,0.5166681098870962)
(792,1455,0.8330450846644536)
(2481,1571,0.6901587650364532)
(1691,1328,0.13834039762132166)
(87,1764,0.942548511970557)
(786,1650,0.08420973951589661)
(1525,1831,0.26655945956880456)
(711,1,0.12763975384533732)
(1836,554,0.2296620591974221)
(994,2465,0.5518575307482267)
(1772,1630,0.8366092440427)
(978,1215,0.5328040531027564)
(992,2042,0.7697645767749367)
(2176,792,0.9850303152810366)
(1421,1466,0.42733564761324894)
(645,1246,0.5880653624329971)
(1135,2148,0.3522605129738966)
(1214,928,0.10760166531527404)
(873,2192,0.7221058651511709)
(902,735,0.25105786725334023)
(1815,972,0.3915424481140908)
(1192,1153,0.1280728637826588)
(267,186,0.271614269394171)
(1656,1092,0.7871334508597152)
(1276,1997,0.6150521377121193)
(1000,799,0.8186219359115194)
(526,745,0.5921643107753213)
(405,2033,5.337997343616285E-4)
(1303,921,0.11570965627332297)
(1724,186,0.875159916501494)
(1579,1064,0.09227036605540806)
(1226,1976,0.5371111060055173)
(1999,1038,0.485247978134288)
(778,1611,0.057514460486766006)
(347,1000,0.6026877424181386)
(2309,980,0.07558166694322177)
(889,688,0.06568664890294706)
(561,886,0.3392602102702582)
(658,1203,0.24104230887711764)
(924,1371,0.05420473731622333)
(832,1121,0.49572771104716984)
(787,773,0.9512858639166033)
(1310,900,0.1626928952236132)
(1042,2318,0.9646132688262387)
(1862,1793,0.8173146994222642)
(914,1048,0.90793550843052)
(1517,1896,0.009238276882699958)
(1868,743,0.3784996276655861)
(1,1887,0.28964985786828923)
(993,643,0.09706963433405924)
(1487,514,0.80862512519682)
(1447,1086,0.1634493738679823)
(1576,478,0.2550028380283642)
(2009,820,0.6861333799795775)
(1673,1882,0.7392538962664804)
(260,1028,0.5975085360047233)
(365,1282,0.7377969214551934)
(2162,1982,0.7790136173164006)
(2500,1230,0.5727024945003395)
(1509,949,0.15837523529910036)
(1515,1926,0.09865121343964933)
(507,1161,0.1494535730680473)
(696,1299,0.7906995524724071)
(1969,1341,0.8585478782572966)
(1079,1430,0.5783911522801292)
(1308,816,0.6317347489557201)
(2109,2011,0.5342733222382369)
(606,1986,0.5261113496071838)
(1263,1556,0.12931725813213435)
(1022,491,0.8621862022548612)
(1853,1438,0.5293756074276486)
(2038,381,0.936547713865352)
(1741,1155,0.6554163945954028)
(1594,757,0.7618337262606606)
(292,959,0.47930092946460745)
(1236,735,0.5553421425927532)
(2421,1135,0.518090791485634)
(1442,1766,0.551675167175344)
(791,700,0.04995814297283374)
(1043,1189,0.01970183284820648)
(1491,2326,0.16872907070621812)
(1139,1506,0.783037522069777)
(1971,2072,0.7455748911447807)
(1868,1245,0.29943666334442354)
(391,617,0.9943006512021747)
(1,1311,0.6669155802247954)
(647,2260,0.38173275642572657)
(405,1329,0.8848916858057826)
(1589,2500,0.4820787103677193)
(1452,249,0.19799279690176286)
(1654,2212,0.6651675930460639)
(1015,964,0.39947411227900365)
(873,1213,0.6409720005827874)
(332,2206,0.08937073452681554)
(870,1015,0.8692857803392385)
(934,1888,0.9426780923642517)
(1683,762,0.7451015564738589)
(1167,599,0.2681726920120552)
(605,2500,0.21485366386571336)
(473,1503,0.26529957451623265)
(2424,1632,0.29419127621088637)
(787,386,0.0026807732955871355)
(911,829,0.5706928843696314)
(976,1346,0.9984086997352536)
(1073,1528,0.8117867952731234)
(566,1383,0.9516546544052226)
(141,1417,0.47260328825624165)
(442,3,0.7042511375016846)
(1304,1657,0.5514017402533857)
(2500,795,0.14187086456639453)
(1622,1250,0.6081734661680356)
(1609,543,0.2830866014845578)
(874,559,0.24815441494601387)
(1185,962,0.9281577312021146)
(1,2285,0.38901307277364316)
(1036,921,0.8512908187437097)
(1113,1972,0.7501293110934039)
(2078,784,0.6957735024635909)
(1065,340,0.15710117796406164)
(835,71,0.9383096940071257)
(1876,1590,0.8947779304158323)
(1511,442,0.860425809364872)
(1433,2054,0.8550647741382452)
(1522,1080,0.5431755722273445)
(689,1047,0.8244528408569729)
(1555,1997,0.7295975711157275)
(1834,810,0.6779276365491085)
(1829,2031,0.27857431894282114)
(334,2449,0.734895256493182)
(1945,886,0.5650436293642347)
(1515,1259,0.02913201626924755)
(1660,491,0.17638903599911482)
(1461,1307,0.7498723664442307)
(787,1334,0.9681331319083915)
(1457,1874,0.3594523544370106)
(2201,555,0.9230198260004808)
(2209,2371,0.991729541417681)
(575,2068,0.925830831221427)
(1845,1721,0.13863675999011127)
(1598,659,0.772556107339761)
(306,1443,0.04893656937038615)
(10,844,0.6322428360473309)
(926,1223,0.32523771442188754)
(1216,309,0.4545200412159516)
(1216,1405,0.8499981863821003)
(1748,253,0.10138897565293159)
(981,2377,0.9745001019004468)
(1388,1715,0.48565418057780807)
(616,1613,0.5049770061420288)
(579,1148,0.35993053587957213)
(592,2500,0.7186230350911197)
(556,1723,0.80768233207397)
(1553,1233,0.7979449851960877)
(1832,346,0.9911239441317131)
(1995,1241,0.6738055311349639)
(1380,1648,0.7774203462345305)
(1522,1633,0.5634760085905712)
(587,686,0.2293180498635108)
(1359,1101,0.19863868809361174)
(1284,262,0.5489637450612475)
(2011,1862,0.20640295035283984)
(795,1575,0.7319805884939437)
(692,1141,0.8515317167205999)
(1456,1163,0.5927181105815056)
(1207,1936,0.7168206795288488)
(1896,584,0.703660136903677)
(1472,766,0.8663991070567839)
(1866,2065,0.9195621862902319)
(1204,1043,0.7375214352536673)
(1401,1401,0.5912701136337623)
(1366,1287,0.17261220557134904)
(910,1120,0.6037794872474544)
(962,699,0.559979593933375)
(1181,675,0.40560295815059966)
(1800,1968,0.1320322453387397)
(642,1577,0.5406947701692753)
(1923,34,0.957698992487575)
(1884,1686,0.7071262764837289)
(727,650,0.8534976054227503)
(917,745,0.10394965128166511)
(1267,1074,0.37308717460785024)
(367,1002,0.29535579431298764)
(821,1522,0.688523927650478)
(2323,2060,0.8408678667613206)
(1029,1085,0.6485643444862982)
(1,1131,0.07372645374892339)
(1181,1885,0.09707861057453149)
(767,1051,0.5783966535820785)
(1759,1832,0.6335585444070294)
(1509,2199,0.7453557636949667)
(1846,426,0.7313793163380348)
(1026,547,0.8628970306215632)
(747,991,0.46653787831928073)
(1719,374,0.909473143166295)
(1922,2279,0.4576318591790218)
(1746,2115,0.23280554481075622)
(1888,565,0.9312266169818286)
(1766,1015,0.10351320645492779)
(1665,2159,0.34323984220517334)
(1235,129,0.567002931164969)
(1255,1439,0.983933333782797)
(950,1742,0.5838604449783577)
(2500,1195,0.89292414950913)
(595,958,0.07028371476380335)
(183,1643,0.011205442768887686)
(1,565,0.36213337689240155)
(1468,1255,0.14370617472231484)
(2114,1,0.3057415584404656)
(981,296,0.07094287226806995)
(1617,461,0.3211085862210513)
(1700,1656,0.26610644958301843)
(442,102,0.7765342734300242)
(1,76,0.28367071992979576)
(1021,1297,0.23639071763362673)
(2262,1477,0.7880527020007875)
(690,2103,0.4729430100274641)
(287,1372,0.9354213306889964)
(1883,2500,0.7169168710454168)
(1257,842,0.6099279121883242)
(125,1924,0.2508668117432986)
(1518,1658,0.7543805490905668)
(1638,1812,0.3908821503774743)
(1085,696,0.21332417475248233)
(2332,1191,0.22590313938882944)
(546,926,0.87934828561574)
(1038,289,0.7331369817024153)
(788,1439,0.13512380689709358)
(1732,368,0.5856440899963722)
(1697,1716,0.17530553943413807)
(1460,978,0.10465674101326583)
(2310,1370,0.16032381488131353)
(539,905,0.5366160927599877)
(1371,1687,0.6370808687618019)
(1184,2410,0.18105805422418553)
(1415,1789,0.4208523951575416)
(2167,1508,0.40680884363932146)
(1039,1,0.19776880549997577)
(1638,946,0.8639942533184484)
(1782,799,0.42834723983427436)
(379,1,0.6583453876723183)
(1948,1005,0.3342721990400076)
(1044,373,0.5318547873490126)
(1595,451,0.678083428502254)
(1686,639,0.18687385334089202)
(1,535,0.45970471335050533)
(1086,783,0.29055774076183116)
(944,494,0.9748942518327129)
(2255,1215,0.7132432343861221)
(1,650,0.14779119176988753)
(824,367,0.2812343881006647)
(601,2268,0.844230768084351)
(1553,928,0.34301734297974684)
(1106,1129,0.7748272902089547)
(2500,726,0.20129887855803796)
(1530,1966,0.6887477892967034)
(1530,1085,0.15559454441648302)
(1318,292,0.0059314224305321295)
(1342,1938,0.225185972552978)
(181,1863,0.42000763628465265)
(991,1162,0.15825599395334256)
(1994,1198,0.3248612254414732)
(928,1441,0.9095486933292161)
(42,1068,0.1476443041322436)
(614,2500,0.051363639941572004)
(1473,1164,0.1322263198199386)
(472,1208,0.7192448164077165)
(753,466,0.5252184005312615)
(1752,1299,0.6096953068878748)
(121,1482,0.006510860264184348)
(1233,1778,0.07879329684257785)
(1479,1520,0.9948469459563959)
(1065,1448,0.39697695201484196)
(2110,413,0.9924970450553948)
(1940,1346,0.2135294802016432)
(749,1348,0.7682577829100325)
(1,654,0.5905445085353414)
(1906,455,0.22603958250947576)
(540,188,0.5991991271079882)
(1743,1167,0.8619334965769425)
(1241,524,0.14324945297622305)
(1260,1256,0.47236364216673354)
(1269,1837,0.8003542309766115)
(1714,973,0.8295099337594768)
(548,596,0.7219899704250138)
(1438,1348,0.49617246849129626)
(1054,178,0.9410115409708689)
(1071,486,0.6045477296418834)
(1197,934,0.29144244826258925)
(2260,505,0.5986051813938965)
(2465,1517,0.6033529391369322)
(1710,450,0.9624432222331843)
(1361,2500,0.8012238313011922)
(2156,737,0.36773843286120333)
(1032,1305,0.10975082400925229)
(1386,653,0.7413215321173264)
(982,508,0.4029041516812547)
(2500,1039,0.6002858332982642)
(2144,337,0.7151094524572957)
(1309,1012,0.7517798719353938)
(2030,58,0.2644398818019863)
(730,934,0.8845452041168207)
(834,496,0.4283892265725403)
(1512,1,0.16487900114810494)
(1622,1642,0.798685560175412)
(808,25,0.5786484479080325)
(2500,1715,0.6937097826741706)
(119,830,0.32043030868686173)
(1775,174,0.791683519504675)
(1597,1457,0.7976232897107826)
(1,1827,0.26743536539621227)
(989,789,0.9752504512438497)
(1080,1806,0.34085132548514663)
(1585,1834,0.8781524468995433)
(532,184,0.4704177155457381)
(241,1854,0.9326279871850018)
(689,225,0.9222569215451021)
(1145,1641,0.1434057444808109)
(1511,1449,0.49119628183928343)
(658,1610,0.4573877183001962)
(1401,342,0.3196109637085558)
(1487,271,0.8013518393392611)
(279,1474,0.1339602690381998)
(1110,1442,0.504904340621125)
(2015,1405,0.24983656555793587)
(864,1117,0.8950898508490864)
(1504,1624,0.12270693554905898)
(757,541,0.354060641398645)
(1776,1861,0.17024845838150926)
(540,1634,0.5321815522181779)
(720,577,0.4824230042596076)
(748,864,0.9219428860036263)
(1243,615,0.6969794598206768)
(127,1661,0.5166914875413267)
(1547,533,0.6045645542365046)
(1762,1788,0.7001329572932111)
(1436,1323,0.7549385006113559)
(1599,1209,0.08290543488303459)
(2217,969,0.6546555814755634)
(1,728,0.27965199186411815)
(1576,716,0.6808958994351096)
(1663,1267,0.010729010004850603)
(1168,821,0.6424656324083682)
(626,501,0.3275470036473984)
(1401,122,0.45868886793471453)
(1072,2010,0.5343439995848227)
(2500,1102,0.37566346258369)
(1229,1294,0.2968576664594539)
(1982,1536,0.6199859084467454)
(1084,1735,0.7815508394630922)
(1714,370,0.5468995967062432)
(739,539,0.38010532023975796)
(2029,444,0.3557959968284342)
(1676,2500,0.6058163594432174)
(1307,965,0.7807194751783213)
(1754,1167,0.15649925968680434)
(236,908,0.9848059843636381)
(2404,505,0.35173357234293223)
(1252,1206,0.5238558428360077)
(572,1973,0.9020664400907283)
(1652,2125,0.015696476036603513)
(1361,1,0.7199845873221288)
(977,1385,0.7018078678629155)
(1053,1859,0.20663308050290963)
(797,1862,0.7356411931633343)
(1339,819,0.1323251057103647)
(2220,1126,0.17899215124247525)
(962,976,0.47744755495040747)
(777,1168,0.00899838845969525)
(696,2399,0.7019563567257757)
(1329,1289,0.6473446357663328)
(103,1095,0.550750447537387)
(1401,1334,0.004842794763940117)
(273,2178,0.5072729543075409)
(1183,1187,0.4481254385861616)
(1433,1317,0.3994592378781535)
(1123,2479,0.8602999895485611)
(2212,278,0.28337800866512775)
(989,1059,0.46584477730658524)
(883,1748,0.3638400066909734)
(648,509,0.3689825951119281)
(671,2140,0.63117725830857)
(1516,2500,0.5042031817945826)
(1077,1616,0.5802848109803964)
(1390,971,0.8173594040233331)
(1518,1286,0.7311540653930076)
(1211,755,0.7288803425329876)
(1285,899,0.6675838792971547)
(1005,1332,0.08252564346297264)
(1,214,0.8439224259558085)
(1284,1461,0.6941681642334221)
(2036,1794,0.5661332170587983)
(1895,1744,0.015225911837424277)
(1137,801,0.06012319035692637)
(1233,453,0.26564320664803764)
(2500,1720,0.9082305071909555)
(2069,1580,0.9148937642679225)
(1746,1231,0.46576153553255684)
(133,1889,0.5976745139013313)
(875,1809,0.5682947349409334)
(427,740,0.4303558856167621)
(1050,1142,0.7580126427839009)
(852,981,0.30794607379752714)
(1622,579,0.7684717658290672)
(1854,1049,0.5288518532182385)
(1224,631,0.25021240766310826)
(1076,632,0.08670458483856303)
(1096,668,0.8810477384882711)
(1336,1667,0.6929418142887686)
(1814,712,0.4549268632737835)
(1487,1859,0.9864315861222911)
(1346,1128,0.4493572259362897)
(1,1604,0.8787995846138138)
(1107,1167,0.30759654733208963)
(263,598,0.2662568290833388)
(744,627,0.5759513264464742)
(2500,632,0.26067731164803853)
(1151,1675,0.7802795086323853)
(1553,2171,0.8899219937801425)
(1321,567,0.6277820818518148)
(832,1333,0.9068315674736221)
(1,1274,0.993199295539903)
(1136,1360,0.24514853189489316)
(1400,647,0.6515224336218517)
(1418,1038,0.6027612276528513)
(1266,1278,0.2694876353478566)
(921,1743,0.08586998461852935)
(1885,642,0.020870126866535332)
(945,629,0.24769263758009707)
(1675,1,0.1754968772725639)
(1912,1083,0.059423362397691415)
(610,1380,0.2944661234135618)
(490,747,0.5140112179895678)
(1,708,0.4759020572889332)
(1220,1257,0.20786095895591894)
(776,1494,0.11329118804723926)
(2500,1227,0.027577563293551544)
(945,1641,0.1680097104235161)
(1642,1572,0.2751936508738757)
(953,897,0.3629885463310343)
(1495,991,0.6782170975799365)
(1218,1296,0.37985160486718683)
(554,1221,0.1406844634472959)
(1484,1825,0.5451076102688497)
(1759,2014,0.7765791490001621)
(2158,1088,0.8422802609113784)
(464,805,0.38439548632286114)
(1980,2021,0.5273368178011393)
(676,1311,0.0020881778532382267)
(1512,407,0.33460440484899456)
(1092,1698,0.9925702753996454)
(1708,1395,0.661325596453)
(842,229,0.6208403675625701)
(1731,782,0.7164356777781895)
(910,998,0.3501811444027456)
(1469,2500,0.003897837771753343)
(571,668,0.2857155035831699)
(1326,1923,0.10147734588425728)
(1003,466,0.09905321657173394)
(1601,1094,0.3089858224321391)
(1835,711,0.416102532444107)
(1111,1062,0.6737197637121303)
(632,833,0.958320190571877)
(1361,1268,0.7201890098950969)
(709,1009,0.009241550942420185)
(1323,174,0.10091578338260188)
(849,2084,0.8477543439146661)
(1889,1056,0.8066176169338758)
(1227,2188,0.5125524702210065)
(2500,1345,0.38251056854972076)
(1098,753,0.3222271830575222)
(2044,1188,0.3972295558660792)
(1799,1684,0.964171660079171)
(1311,1626,0.8845068313031511)
(1371,1519,0.7468904161238398)
(1006,1869,0.9344170363455566)
(943,485,0.22766526090134154)
(338,1546,0.5390922048920771)
(2500,1,0.6935821017974984)
(2193,981,0.014901871732884375)
(1575,1640,0.22740182033251055)
(1168,553,0.18997893852696857)
(1443,1715,0.3633846658038644)
(1863,738,0.6334931527679699)
(2191,930,0.9500933120905072)
(2035,218,0.02527115957879822)
(1687,520,0.2552428578665592)
(1121,1100,0.7099661711153363)
(609,621,0.9414412588931653)
(591,1610,0.5313471500813157)
(1446,491,0.27169334440642257)
(912,679,0.9164078619508866)
(732,314,0.9825102003217315)
(1454,811,0.42758440479887083)
(1353,1230,0.4868146940869217)
(1594,1358,0.2860901114319644)
(1587,1888,0.08661853213291693)
(1326,897,0.37572610485253854)
(260,1107,0.19424770525686852)
(1425,1861,0.10587422307048988)
(780,973,0.8751636404605054)
(1992,1733,0.9832359129553687)
(744,852,0.6582630377418898)
(851,634,0.7776479918793353)
(1000,990,0.9074436707913993)
(816,700,0.6782760402714999)
(1649,1761,0.37314763113956984)
(1424,362,0.680364109534716)
(1759,1326,0.15422498541120633)
(1533,1360,0.7150542694673436)
(652,974,0.18960437385366957)
(1,992,0.7399563164734794)
(1088,636,0.7477092069838905)
(1234,153,0.07934624448478034)
(2407,1560,0.03643859389799964)
(1273,754,0.0942657581631755)
(609,2131,0.2916999696791841)
(850,752,0.19493113802308337)
(1450,362,0.7134232485691779)
(485,522,0.3080908481804654)
(2253,1176,0.45066846784857595)
(2025,1227,0.722564373851528)
(1737,2387,0.4275241009323344)
(2500,1976,0.8713725536898468)
(1051,1834,0.8857138225282951)
(859,772,0.924938327579612)
(828,1,0.9241705702935376)
(914,2082,0.5877322293865638)
(1561,18,0.5760137843151419)
(417,1193,0.053992757704865224)
(697,1026,0.11605118389750424)
(1403,1103,0.22864797563384698)
(195,679,0.34826706916109684)
(918,1811,0.9760487814868797)
(2041,1073,0.623168395021388)
(2126,1930,0.04198077870517325)
(1730,1101,0.42273359325037274)
(798,1918,0.5920984040305654)
(1609,1007,0.6402003135987527)
(1417,694,0.8783751984919022)
(1395,2217,0.3388651713229651)
(330,1957,0.03345471088011287)
(1015,1202,0.29805962559890675)
(1,2088,0.8422596571019331)
(800,379,0.42431289432080443)
(1116,494,0.011212728674483419)
(1269,236,0.7633507014756995)
(1578,1164,0.02224394203151192)
(1417,1626,0.8892262432942035)
(1562,2500,0.8648101776936702)
(814,1544,0.36306770028470847)
(2500,2149,0.1632950738179897)
(1597,769,0.24367243211100353)
(699,726,0.14948569331326822)
(1173,1760,0.4063738349193138)
(1897,679,0.9422825143610903)
(904,762,0.07141830174996922)
(335,695,0.05382672701086788)
(112,1820,0.320288563814372)
(2347,875,0.21970131513767122)
(2500,847,0.3145874229318627)
(813,1,0.2765812123282102)
(196,1125,0.12261778921540423)
(1462,1770,0.07575639520415856)
(953,93,0.45941375426495135)
(694,2060,0.35422905132548)
(701,790,0.23756128964433543)
(1408,1363,0.5243290927367579)
(392,1254,0.3521525869238741)
(906,514,0.5701746476753891)
(1638,675,0.6986761601252149)
(2014,1375,0.053472162669354284)
(1921,1829,0.43375548541313036)
(2106,1745,0.207726002683585)
(961,843,0.8999398028550468)
(1652,1245,0.330672720527884)
(1392,2088,0.3732097671919148)
(2334,1841,0.9956320086390622)
(1,832,0.713191392425745)
(1300,2086,0.5194044804940705)
(1291,448,0.34035877207009657)
(1126,1396,0.8404936247242539)
(1915,1683,0.5946108784505786)
(1097,1219,0.1621462226696151)
(1136,926,0.1492403622552133)
(926,1009,0.7089659191179529)
(538,1255,0.623943833115383)
(1173,1026,0.26616160491529506)
(2294,1204,0.6152875893236983)
(1697,1630,0.4049329190668065)
(1279,1,0.004856703548893004)
(1245,865,0.2626679119117824)
(1323,1370,0.03993823743341551)
(1403,322,0.9841415148644466)
(1034,685,0.31486872538918564)
(1141,1724,0.3020299532615146)
(1,1019,0.8349765654353664)
(318,811,0.7405647136024951)
(1148,1886,0.9889742810943566)
(1749,806,0.3655713120589723)
(1133,668,0.6513431036726754)
(1173,1023,0.0718664614451936)
(659,585,0.45232618871972563)
(720,1452,0.788238874320057)
(266,243,0.4532347953618101)
(622,1858,0.05000061760897068)
(1170,1822,0.17202277258388876)
(1336,1383,0.7884472259911179)
(1902,861,0.9451215237414605)
(996,631,0.7759850455467676)
(1555,662,0.007650559653484823)
(1266,2123,0.3837813882117519)
(1440,976,0.1868331967573067)
(1347,2500,0.9798332732313142)
(1,1001,0.42778413007801586)
(847,1510,0.6168274325599759)
(1762,2500,0.7009092991931966)
(1,1128,0.5203676101860368)
(2043,1789,0.9368440482833535)
(1666,1498,0.1044357635408727)
(486,559,0.8243066299223489)
(1368,865,0.4544917594324611)
(841,1026,0.876887405289044)
(1000,431,0.9411029813397287)
(566,894,0.13582589871005946)
(1027,1879,0.8718100431971832)
(1465,2268,0.9060818884001275)
(1614,612,0.5820022211236385)
(908,953,0.31814612263682984)
(1562,1501,0.3957795803643436)
(1185,1,0.2597125738495518)
(1077,1352,0.8677368221968038)
(1120,966,0.13661209384539497)
(1584,1956,0.9760100346914864)
(1,2178,0.35104210714443385)
(796,1294,0.44902728485668675)
(968,1343,0.43378971583710646)
(2372,1262,0.5770505461696401)
(1117,275,0.687922680102505)
(755,1295,0.44640725262777425)
(1853,2026,0.3179114133627562)
(1381,1514,0.6100765310402312)
(792,1417,0.04843409368904006)
(1043,1506,0.36926672352035084)
(582,2097,0.9746403435391077)
(1661,1,0.029686913592631536)
(862,876,0.5883545296064602)
(1023,1450,0.32853434368507284)
(2319,1503,0.688636900228048)
(1279,804,0.4818022441329639)
(2269,1031,0.032765255187974685)
(698,2488,0.7525232664406563)
(1354,1158,0.7158815060327113)
(1626,1966,0.3356695449385265)
(1814,693,0.18925475845711248)
(1569,851,0.8052439048478015)
(1034,1546,0.17859237528158112)
(1762,1550,0.6400858086582923)
(1866,1537,0.9298884091026687)
(630,1252,0.14830897363407936)
(910,1084,0.45893675747401197)
(1477,721,0.21432204754568307)
(817,690,0.9282461885758828)
(1655,497,0.29000703388856264)
(890,1811,0.6239111238561661)
(1173,443,0.3046300212459213)
(1688,951,0.1129979710173733)
(1199,1304,0.2528639867571534)
(1428,2407,0.7615207061158928)
(1760,2271,0.8684325506376449)
(1785,1985,0.9183830036951726)
(1029,450,0.8607550867490966)
(1149,993,0.4336417429407394)
(1446,1282,0.44847266794217133)
(1887,1370,0.9034179117738652)
(145,488,0.6870582534368468)
(844,1124,0.9588377188429178)
(1046,1490,0.7466508643363478)
(1422,940,0.9680593682632517)
(2181,1884,0.544148646079446)
(1442,930,0.940477270482625)
(1183,1271,0.07466469341780302)
(1157,1041,0.0828894200773389)
(1371,499,0.12537846858437962)
(1159,1431,0.8363629265837064)
(553,1653,0.8005991208794795)
(646,1160,0.7198453376528176)
(1094,1070,0.8876247029697683)
(2500,914,0.5187447714593589)
(740,136,0.9662629508382304)
(566,1320,0.742383041748776)
(1851,868,0.828686914258309)
(146,904,0.14281978703970954)
(1536,1514,0.7836147334994336)
(1880,1572,0.7200684020062018)
(396,2119,0.14655990690127207)
(1549,978,0.42973967557546644)
(1373,410,0.011037338131589802)
(1259,1593,0.3541647610749872)
(758,1554,0.22123886521023095)
(1393,1889,0.9210453704751551)
(1356,1406,0.4875120890820913)
(2009,618,0.007636216574206434)
(1490,1018,0.6286436816950116)
(1005,944,0.5101306064231691)
(607,869,0.19382212301528667)
(1513,984,0.7226895536363576)
(517,683,0.7371749848998663)
(1343,1554,0.6145480874632071)
(1845,1846,0.19993899102142398)
(941,1122,0.16796762930304143)
(2011,788,0.28583826604957296)
(640,1859,0.30285988106267026)
(1591,511,0.9725068566037398)
(641,1634,0.7158632771443599)
(1737,1730,0.19140303729059827)
(729,731,0.942978354708038)
(1144,1374,0.9739841263770393)
(1322,2199,0.4859057627784694)
(1493,1002,0.7615694323501734)
(1069,2122,0.3157375654143195)
(941,1054,0.02124767103994274)
(1587,2350,0.5487866213749931)
(1347,875,0.4395296051021993)
(763,225,0.6789534123470088)
(1267,850,0.24339494645943827)
(1425,1253,0.17149932843333116)
(559,1582,0.13164605604073054)
(2354,1641,0.6064319716194085)
(1596,1996,0.7012484307089026)
(1855,1327,0.9276834524277683)
(899,2500,0.3806543209882043)
(1095,1140,0.6606315247245933)
(973,1152,0.3275618235027542)
(1336,1717,0.7452816335264464)
(1935,829,0.7373881000122358)
(1282,2052,0.48246103683347075)
(797,150,0.13051216533231658)
(561,2356,0.006367858717968744)
(1386,2500,0.33123710874793943)
(2000,488,0.32664106426926676)
(1695,1454,0.1498345582029017)
(1662,1692,0.8095380240591982)
(1753,813,0.9933218906402959)
(2403,171,0.020030597034982)
(1971,1310,8.827185695294837E-4)
(1193,231,0.02679553463431139)
(1179,1636,0.02996434008444404)
(2500,1325,0.4894019697156281)
(2115,1281,0.18180847376757148)
(1650,832,0.6688248638371311)
(2337,1808,0.20018363099007497)
(1996,1256,0.8902253686033922)
(2142,849,0.7608841164453782)
(865,1834,0.8968869403169285)
(647,1873,0.042382585849855214)
(1629,1462,0.8951974941382418)
(1509,1220,0.6921156724461565)
(434,1844,0.24189593167240253)
(1187,1248,0.6309219335635796)
(933,2386,0.5839146436130809)
(1122,1425,0.17655343580369676)
(1066,709,0.8479982611626384)
(1,931,0.7124337435526381)
(2011,1832,0.35845310060497393)
(2500,2365,0.9916974352099083)
(1827,2297,0.6254481205473954)
(2353,1626,0.06797505824838113)
(2062,2423,0.9535512194435325)
(1,236,0.0579509356802026)
(2342,241,0.5989659444732075)
(2500,816,0.9129032282009696)
(1179,1077,0.48681635182856053)
(1,1542,0.47338053659893264)
(578,538,0.9241940894876465)
(912,1032,0.9784221386544151)
(1375,1152,0.7721384127663395)
(1636,1873,0.9999406376518143)
(1331,679,0.6955753335585871)
(1492,1736,0.8198050225806843)
(778,2266,0.05559225141737456)
(923,284,0.9908872209665945)
(106,1985,0.470850775877908)
(666,2305,0.019950890584487846)
(562,1627,0.7836325492762188)
(1763,1602,0.5447339385264018)
(1369,1547,0.1562093854436658)
(1725,1160,0.3235393702352949)
(866,1865,0.4900512198174908)
(1152,1400,0.765172546541767)
(647,2228,0.9323159713562205)
(1161,619,0.1463803199313688)
(1987,1785,0.38137580168193697)
(783,915,0.09509200304161558)
(1107,599,0.5393882446678806)
(337,1790,0.05935737813380848)
(1096,1073,0.17795512207967523)
(1345,1630,0.6280220373473671)
(2145,2011,0.41406820237823705)
(1651,465,0.09097097055876002)
(1271,1663,0.5285989516987639)
(1479,681,0.39048860998414026)
(661,2500,0.10483323835427294)
(691,637,0.3559725531593875)
(1711,449,0.818747982265499)
(895,1824,0.5126613096265478)
(1429,2369,0.07156257507177577)
(1542,1,0.3365309298261353)
(933,391,0.2356078758489114)
(1447,798,0.769608352851834)
(1276,2372,0.31092161571241517)
(1234,1522,0.27509995528894227)
(1163,921,0.8152979930268427)
(1492,1793,0.7855304902571193)
(1943,1529,0.7435452430633371)
(391,2172,0.41592867076426365)
(1893,824,0.8298799454675236)
(1873,2296,0.36764893354125994)
(1173,961,0.3238833028217458)
(1276,865,0.20172432724532074)
(990,849,0.8432318267934481)
(599,1081,0.9303023915384326)
(1030,598,0.8974429037030943)
(1138,1832,0.2948265743736077)
(2500,1166,0.10268105658083704)
(1,2376,0.8720088016567562)
(990,1727,0.23664634225240644)
(451,1126,0.8386351257955249)
(1608,2086,0.8836953339548389)
(2126,1572,0.5350269094486931)
(1760,1,0.1731382575587358)
(1,1831,0.7121036967444611)
(468,1275,0.9669940976354106)
(2211,894,0.05218030923132311)
(1828,2166,0.5459206079481578)
(840,1237,0.7101895237323799)
(669,1545,0.06450375456749247)
(1906,2211,0.8305740044267549)
(1128,2500,0.7595687938315355)
(1165,1,0.8557403171186347)
(627,340,0.8904130424012948)
(2010,1224,0.46997840295601967)
(1551,1712,0.6624992664245537)
(1472,534,0.9937625061680706)
(1515,2500,0.08834797838184794)
(810,1502,0.7843366727601199)
(2092,79,0.2515240644331034)
(1988,230,0.5619851406630539)
(1346,780,0.3478447181760892)
(1201,629,0.47862549337525784)
(1629,1149,0.3794915995257897)
(531,1035,0.5785080398989534)
(1343,57,0.7219119112302382)
(685,742,0.6233315477567535)
(1964,1548,0.5514082329248171)
(975,1747,0.673571096645047)
(1154,1186,0.9875524867676114)
(1,1815,0.08046530156989118)
(1504,1923,0.5307077565528943)
(683,1515,0.5317866946050209)
(519,1006,0.9450840104048998)
(1626,592,0.38191864929010755)
(611,539,0.9290207853857082)
(1790,2500,0.10741994954246536)
(2265,1635,0.36714697711164135)
(682,1346,0.8985032963928331)
(845,355,0.4789830290317706)
(845,659,0.7837752783559183)
(141,1344,0.2977460492904298)
(703,1738,0.983432043452675)
(1068,1003,0.04454618851975778)
(472,993,0.022237468848017805)
(927,835,0.6467933499087646)
(1528,967,0.2007371504817207)
(844,1873,0.831638397870053)
(1473,1036,0.0346700639287999)
(582,929,0.355039424947175)
(1456,1424,0.062365543599794404)
(1486,1292,0.7618137001739362)
(1196,217,0.5659890346928448)
(434,1284,0.1797426217441872)
(1063,504,0.08571703295103583)
(1,1702,0.04789099227636817)
(1406,1327,0.3480561454782477)
(1318,1355,0.6000164526644243)
(1172,1480,0.7436304279463166)
(1223,2116,0.04166936634726881)
(1589,1410,0.07092761089525279)
(953,486,0.4629087017068887)
(1323,545,0.02314245306688545)
(1894,975,0.6424696526755592)
(2050,1515,0.6781733911036947)
(1419,1554,0.986931814914147)
(188,808,0.6474129517814947)
(1042,1475,0.0871502857585098)
(1851,1372,0.25720498319348695)
(1320,644,0.5519798771389932)
(2433,1307,0.07610589901725962)
(875,1643,0.7986206163782228)
(1665,1209,0.23307907015575802)
(2117,144,0.33102871485736185)
(1393,1826,0.7627875252588181)
(1132,1359,0.43715915049716836)
(1620,180,0.7808279060764789)
(581,2271,0.8669090317685497)
(1972,1148,0.8991293920022575)
(1813,1025,0.1066110060969333)
(483,1285,0.639502069087231)
(925,1516,0.08880153835543181)
(1285,75,0.4215658369408827)
(686,1674,0.3946474938782816)
(717,1521,0.4825003424975668)
(524,482,0.11469192971657782)
(1458,769,0.39197228623338354)
(813,1270,0.2519909434586415)
(2500,2119,0.8444172230824554)
(986,1038,0.18995083751168618)
(1226,818,0.2650039037730588)
(1118,1393,0.7774396894600074)
(1427,592,0.6632707837619741)
(1777,1338,0.5767643174531049)
(326,1197,0.6620920284140255)
(1787,1372,0.23886020777123296)
(1759,1810,0.558716930737936)
(990,1533,0.4088838346058634)
(1590,2351,0.6854804787969829)
(1375,1156,0.6632444618644068)
(1327,163,0.4388447719156442)
(1074,2448,0.19143033184242897)
(1244,426,0.0675363929477345)
(1198,1000,0.2923172451249463)
(2317,1882,0.023111314026296625)
(1688,1401,0.017857772787253645)
(648,2398,0.370739141077008)
(1443,1945,0.8323224251864028)
(582,435,0.8849295481564022)
(590,2500,0.060919475791400224)
(1205,1597,0.794747947124976)
(1111,2460,0.7242162910594742)
(1172,2500,0.30832400274688776)
(803,1653,0.7250980528832128)
(1615,1585,0.5380982453185444)
(1141,514,0.18948847348250275)
(1667,1711,0.15012384060105077)
(864,977,0.447068355263995)
(1753,313,0.9890082793893299)
(930,1505,0.24682012461291725)
(1597,1487,0.48441422390090216)
(1738,535,0.35338964969507924)
(1725,1376,0.08555147040849376)
(1436,1646,0.1818395216316102)
(1094,2500,0.9231624580490182)
(1048,764,0.4636019127130383)
(1047,1203,0.983362619286622)
(1210,392,0.6941108392030529)
(1218,1481,0.16208423706225406)
(1507,361,0.9410622305546567)
(1771,1,0.4146728271791127)
(1132,996,0.27734629508335606)
(1057,924,0.9788330817161026)
(1029,1005,0.29133311567541886)
(192,324,0.538476007787572)
(1228,1506,0.8945607750589749)
(1340,1087,0.810671790912217)
(301,1,0.37044767077562313)
(1783,2036,0.09356111274864964)
(1289,1058,0.45237274891907253)
(729,1963,0.7399906938442894)
(1646,159,0.6963810411659824)
(1784,2081,0.38842772646637436)
(788,2416,0.5862260540089117)
(2265,2025,0.21525851168925114)
(1969,1124,0.36739708707178254)
(554,1075,0.57271753883045)
(741,1866,0.5236732170008724)
(1,1407,0.8666171990164488)
(367,165,0.07384529730964318)
