(1643,2248,0.5827965122725981)
(1254,1691,0.5604093486463474)
(1024,850,0.46047299234731065)
(228,1650,0.6595842887486565)
(1481,1360,0.9713017970341176)
(1488,1400,0.644378268434495)
(609,805,0.16708821688582043)
(1289,776,0.7793893046517033)
(483,1132,0.031665556536659256)
(1530,1937,0.5264647662272409)
(1009,1,0.21515668179709213)
(1538,729,0.24941608966408102)
(1445,1593,0.9706887158265332)
(2111,1038,0.2011739236063067)
(1549,866,0.9662518378043119)
(1492,2094,0.9932214923188607)
(1552,794,0.2973958217238344)
(43,471,0.8800374575250032)
(882,418,0.6240393042291048)
(1158,1557,0.2859520693814154)
(1220,1011,0.12199157711357411)
(1587,89,0.6713067921074986)
(544,1009,0.9960016213026397)
(796,1220,0.9992958527870421)
(799,2340,0.391873864295891)
(1510,1826,0.662282567291322)
(154,1045,0.28107404287577986)
(1444,1732,0.19988114917231692)
(1740,1724,0.8208580148642601)
(1727,789,0.03350338809821407)
(1060,1678,0.36912962731448506)
(1232,1643,0.3966498146749373)
(1101,1519,0.7852390311856747)
(951,1911,0.2353007221834995)
(1392,1687,0.02166120158245588)
(1780,1060,0.3557485174047479)
(1589,1569,0.948619604127268)
(723,1761,0.19627110904311162)
(1649,244,0.2233712845034146)
(654,1305,0.1265864292275326)
(386,1490,0.8711534069218229)
(1,1282,0.7715163637699494)
(447,1067,0.22402502605961616)
(726,1796,0.6641181108156593)
(287,480,0.05043179496620387)
(644,1356,0.8886181358353343)
(345,673,0.27479433553121924)
(467,296,0.49540227305363027)
(1429,795,0.7459196316964626)
(1479,962,0.05855321499839983)
(1269,439,0.49369278950447815)
(1751,1349,0.5799922222443801)
(1815,1014,0.8593730416466447)
(1298,1004,0.07784787514406077)
(927,784,0.0010764730945742595)
(1353,484,0.36171309330062684)
(1765,1489,0.7394808655367419)
(949,641,0.34243011254435574)
(1448,1,0.0858020858521954)
(1076,2103,0.6437731306251282)
(990,1228,0.446780544787298)
(2028,1755,0.045624264702284534)
(2500,1299,0.9316502360810756)
(1032,1,0.20681528008581074)
(2094,705,0.6734744681751785)
(1679,1573,0.9306565579841182)
(1701,249,0.5523553506430721)
(1103,1625,0.15466661953752148)
(2086,890,0.2250812873007283)
(1856,2046,0.42283526214951916)
(1092,752,0.2606759452205253)
(1866,1572,0.6604572188537897)
(1026,875,0.7808449885309192)
(1392,962,0.3820978220279555)
(773,1341,0.9045302114043187)
(1145,2500,0.9065867986635786)
(1140,1151,0.013793410517640492)
(1747,1717,0.07016121521025454)
(862,739,0.03400278300241766)
(2073,513,0.830830495332637)
(666,1419,0.5307088901832879)
(1985,810,0.4917128918636954)
(901,1289,0.4501501952581144)
(939,2500,0.8493125260926777)
(242,1032,0.9138383971140008)
(1665,1164,0.3753996460716603)
(1127,1371,0.9095098049246073)
(1184,2191,0.8475998252644685)
(1603,90,0.4090003048387214)
(573,237,0.6179964636137805)
(1039,25,0.3488444333483719)
(1365,1008,0.6891683709975748)
(1311,1628,0.7166118789599462)
(897,791,0.052407547452548386)
(1548,667,0.3020381563319954)
(1039,565,0.9579494358542392)
(1556,1706,0.04896745139439074)
(323,1583,0.2522390610630496)
(488,1734,0.24211742860465413)
(1532,1788,0.6444512823353326)
(1464,1692,0.2925448433102257)
(1252,1165,0.759132792005761)
(1189,970,0.49604107541496445)
(2218,2163,0.32652893946797246)
(984,866,0.08800439979130403)
(2169,870,0.925766781189758)
(1870,1711,0.5692493251126712)
(2443,1744,0.9877346653780312)
(1709,1948,0.4311460235079597)
(762,708,0.36958826980227)
(308,1241,0.4749431254728742)
(2335,1116,0.9434540465033511)
(1443,2194,0.8096441491782798)
(2063,1213,0.7277045982423933)
(834,2346,0.2062113978398351)
(1022,1841,0.15418964555539605)
(588,779,0.7978196636611636)
(1,1245,0.24362051705653387)
(1,1422,0.348848014850598)
(858,1623,0.9543775706984526)
(1589,814,0.05995872705390293)
(468,611,0.7119465983084978)
(2500,1367,0.5025629991260249)
(1143,998,0.7070015828143769)
(1973,1323,0.9038080968922334)
(1329,2500,0.10938504744773547)
(39,1172,0.6888960069466917)
(2236,1122,0.3491257285884186)
(910,1937,0.23170399076377557)
(1287,1932,0.7245403495271356)
(1083,1988,0.48931226264703387)
(1343,1,0.5025084182922434)
(1566,1448,0.37587161835063865)
(2118,2386,0.42781172683391866)
(771,1840,0.5226900671345992)
(1697,649,0.5143419598798888)
(816,1592,0.4712624386257507)
(864,754,0.002936268303307399)
(1342,1628,0.5530443325424469)
(1647,579,0.003615789274578507)
(1414,1658,0.1720165715346602)
(1796,840,0.7938967162741649)
(2011,1838,0.4890862986300295)
(2361,1072,0.7297254629033213)
(1192,2085,0.8074572973485162)
(329,1303,0.8257681600914212)
(2500,1851,0.8410573797359318)
(1268,563,0.3064012699589581)
(1334,1687,0.22831009945852765)
(1456,1497,0.5087524106431555)
(1351,985,0.07653054326241748)
(689,887,0.7061288279353162)
(209,1354,0.5140897759478574)
(976,1293,0.7398841363974067)
(1618,913,0.3207254015629971)
(1420,1887,0.6171444955542801)
(509,454,0.37116550604628173)
(100,1,0.450570057812112)
(780,1078,0.39612356690020345)
(640,897,0.020592609216782187)
(893,876,0.8396351924070641)
(1262,1189,0.2649584260330432)
(787,1177,0.6634764054189268)
(1532,1561,0.4740799108667051)
(1205,1685,0.25328327711277665)
(652,1748,0.7374929880024315)
(1342,1986,0.87222411803089)
(1351,1556,0.8366836585649502)
(1368,1565,0.18916223526607423)
(1576,871,0.7871265110035249)
(780,983,0.8601094584971791)
(153,2156,0.6361631248792505)
(1497,55,0.709415279709044)
(315,362,0.517022969116203)
(743,1472,0.36252194535199533)
(332,1026,0.8949292140607016)
(2209,1956,0.823775903363321)
(769,1744,0.6652600854410524)
(762,1798,0.5627694631680413)
(891,2465,0.795312346276579)
(1444,914,0.8747254655114846)
(1455,880,0.9667971264346338)
(561,546,0.3333113271560869)
(2148,975,0.2543542998009112)
(1248,1701,0.2405904633981445)
(1435,1105,0.3402628088309877)
(1483,1432,0.23940310003889742)
(472,1992,0.46681578233831955)
(1,1173,0.7626039858357777)
(1429,1570,0.7114224835260895)
(528,1873,0.5626149359208229)
(1501,1647,0.25193830382856375)
(1507,199,0.07273412147557667)
(1243,870,0.1534208839713005)
(1906,564,0.4253081691885705)
(831,573,0.8168665945777093)
(1889,2136,0.8921577252060764)
(1527,1593,0.9929525801164721)
(1291,1179,0.8241847904878451)
(661,2197,0.5283043707128933)
(1010,234,0.16067122430106406)
(500,680,0.7541493652191962)
(1,1162,0.19856086545835017)
(2171,1267,0.6120058090841417)
(2500,699,0.3601874602485985)
(1383,692,0.9921784117899322)
(1863,1319,0.41959565219397166)
(1290,1518,0.5798034055061667)
(727,1630,0.8899744000731148)
(1828,1459,0.9691288147037972)
(1338,1049,0.5951822929370008)
(1219,605,0.5796670948418031)
(2500,622,0.33418336254915615)
(1822,529,0.029179129035028173)
(1123,1818,0.6277982699325143)
(1135,1974,0.6840306097731756)
(1,1975,0.3126165296501685)
(2347,1445,0.7840641498460946)
(1149,893,0.42062180294671303)
(595,1182,0.3471293164519187)
(1150,2112,0.03097333001706981)
(120,1039,0.7000132183610229)
(1203,1787,0.356384577625661)
(1004,1073,0.5351834452417331)
(343,516,0.9439060702135605)
(1336,1077,0.7411383137503572)
(1441,2004,0.5641834347025467)
(852,1098,0.5585525474348829)
(873,897,0.22688292030460044)
(757,585,0.48582217051833465)
(2500,1330,0.3947963800236248)
(283,1394,0.5068147595487091)
(1701,1650,0.7601909166278904)
(1098,1862,0.07702753656253802)
(2005,1806,0.03313182979457274)
(1601,1064,0.31990907358291065)
(888,1337,0.8745819363954662)
(1450,1680,0.6017964534047041)
(1153,1459,0.23744001536406778)
(1,1317,0.4398094525441726)
(1549,1706,0.43227084224315027)
(1949,1497,0.5827371727450836)
(1180,1922,0.12817326585538835)
(2129,1716,0.8591199675084723)
(529,1369,0.3398784399471897)
(2142,1695,0.06238147943020833)
(872,1482,0.3890832637779702)
(993,1311,0.5292713096017085)
(1564,1,0.0436476820646301)
(780,1378,0.6993507413146586)
(1570,2186,0.3642880656159967)
(2500,855,0.8063123283026794)
(1219,1065,0.9456525657666078)
(1901,1568,0.12229937562847693)
(756,1638,0.15072537143662057)
(778,2059,0.14552695255650894)
(265,480,0.4344698305888113)
(1081,2150,0.11616003910877126)
(1666,798,0.7263177737232231)
(223,2165,0.6565966946532995)
(1842,1,0.6953048560655899)
(579,1689,0.9170212343402859)
(1529,1764,0.9927383694088046)
(1508,1106,0.3005402179632737)
(2296,375,0.6123397286564618)
(2048,1475,0.2867477974248761)
(1359,1835,0.22961253964805262)
(377,2319,0.8674157106724253)
(834,1280,0.13784997448187808)
(1882,984,0.7220799267254222)
(607,501,0.49623449387434804)
(1886,1089,0.4604695161396778)
(1021,1288,0.27942071210840846)
(926,1746,0.3485881142027456)
(1382,630,0.470703905906789)
(323,1389,0.16593671723889358)
(553,1267,0.35951876690398143)
(1981,1881,0.4859650157418294)
(1052,259,0.6560848366511363)
(1413,1850,0.6235088836406052)
(886,737,0.28510279405673755)
(748,1144,0.5862332552064926)
(1639,2011,0.29523028274376495)
(245,1244,0.042086807712106156)
(1373,734,0.1801563611658782)
(105,33,0.6746741710196381)
(1286,1543,0.9702395163589601)
(308,546,0.8909483393701927)
(2278,1916,0.7059720920289685)
(1264,1450,0.3666012233711077)
(1527,1281,0.8421426961053267)
(487,714,0.036151774285398286)
(406,84,0.6407068731845339)
(1581,536,0.282223787415137)
(124,1425,0.9158861490688865)
(1435,1760,0.27737784178393765)
(466,2443,0.12186032523951584)
(549,2164,0.17484741308329743)
(267,1202,0.10598051073379344)
(871,2038,0.6527094241102768)
(1141,885,0.709005252354986)
(1186,1276,0.6431061241913681)
(485,1570,0.37899643655332393)
(2443,1877,0.9106078727318528)
(1489,1792,0.1762534895052683)
(343,1113,0.8489148375926663)
(420,804,0.3038761407161412)
(1652,1613,0.1430630686509512)
(870,2237,0.859600214034159)
(1367,2072,0.9293178773066384)
(2500,885,0.2675363339748409)
(860,1,0.1784651108237426)
(1814,809,0.3273993989954186)
(817,1485,0.9445744822295618)
(2066,1844,0.09990668994913676)
(209,690,0.30781417518739673)
(1441,703,0.01971954836316958)
(762,704,0.7411814388319833)
(2008,2497,0.6071101569647837)
(813,609,0.035831362585797444)
(948,1851,0.14717294678449566)
(848,2353,0.9163164397546371)
(1695,1510,0.8414569104404008)
(2186,1579,0.9727508443026665)
(1,723,0.8400061077826247)
(868,697,0.750447440498164)
(1798,500,0.05113792297941633)
(4,1939,0.36158174413733524)
(585,1110,0.5210561921922846)
(935,1507,0.7683212685441624)
(1813,2291,0.2105989963279995)
(2106,1650,0.24707505591516932)
(1478,1614,0.7760978087689346)
(957,1436,0.4544591419644536)
(954,2086,0.8140056445529799)
(1101,357,0.39928135728606984)
(1678,1306,0.05436513822854816)
(1,1435,0.13105522856058216)
(835,1114,0.9158745510759607)
(1267,2113,0.319766370542531)
(783,1389,0.570415399920549)
(262,1131,0.33968354820820756)
(1397,1478,0.19140367150301352)
(1133,2058,0.9298693767319158)
(1781,2041,0.10944335075680911)
(226,1139,0.3844893665514355)
(540,1541,0.1187247763004654)
(1176,1262,0.20206588718543217)
(1976,1397,0.5363498570979147)
(1449,1190,0.4324094331528854)
(1280,1532,0.8282586913386019)
(2240,474,0.49179296993138155)
(2425,1276,0.1005849429050869)
(809,551,0.43989810986629074)
(789,496,0.9311977038300895)
(1116,1590,0.1069246832536791)
(1775,1467,0.4218695486267239)
(1777,1436,0.03436555501516336)
(1238,849,0.3619995251386704)
(1795,1447,0.3414700106614621)
(317,531,0.8179241753800635)
(1003,962,0.6298589562933861)
(927,1516,0.26232382962407086)
(1909,1463,0.7475642018944114)
(2037,958,0.4403291459332479)
(2062,1352,0.2780608861058015)
(1437,1443,0.17146419136774926)
(1603,1681,0.8757834826905836)
(237,485,0.8586799467239171)
(2500,1701,0.17910688157627108)
(1775,1062,0.6700789707617143)
(700,358,0.105777060559476)
(1132,860,0.2979589472086338)
(1581,1680,0.32104866139321653)
(1448,1381,0.968025796616429)
(1771,1726,0.08694538933841056)
(1366,1087,0.8692917806692885)
(860,598,0.5959939672230105)
(1912,1157,0.9312543794070741)
(826,1191,0.7398856349888514)
(1815,1312,0.4251956270430949)
(1297,2167,0.8095531140345228)
(1216,934,0.5231914588628145)
(1,1516,0.6067911405647268)
(378,1639,0.33182588134167745)
(1426,2214,0.9894533650039384)
(499,1009,0.5629686212295625)
(1461,1293,0.5686929459302044)
(1120,1591,0.17550837653291274)
(892,1111,0.9147445933738365)
(1668,1489,0.3422864989245844)
(1186,2421,0.16526817984663045)
(1567,1448,0.229211993005621)
(1657,950,0.6105184218253163)
(1,597,0.3426984834660134)
(2359,980,0.1584138327252831)
(1822,1943,0.3159215826922712)
(1517,1099,0.5789463460163173)
(791,1463,0.4590976042922348)
(2093,1139,0.9232494572369788)
(1765,1581,0.4974621915226273)
(852,1152,0.775763097892676)
(1381,685,0.6983891764685438)
(1679,880,0.41518182976598084)
(1115,1994,0.2320320223113186)
(1309,271,0.7804225669064525)
(1240,1198,0.46507655463357933)
(940,1574,0.9073068958807184)
(1062,1475,0.5248365999588557)
(1394,353,0.01487353781704892)
(1202,506,0.1441566576581348)
(862,1306,0.3412475306596684)
(1136,1524,0.3528800826937457)
(2481,950,0.3548849820019815)
(2244,2370,0.6886719645400812)
(298,2109,0.13816192811519956)
(1370,1069,0.24359477803357987)
(1259,1432,0.13537329484336924)
(1399,2373,0.3436366808686748)
(1238,750,0.16579404690534605)
(1738,1393,0.6284555240350197)
(1045,1707,0.5388121630901914)
(1564,1222,0.8453292115455507)
(1310,1771,0.26309649390856726)
(1463,2219,0.16284194064732338)
(1374,443,0.8737707803756086)
(1431,1459,0.22501171334151449)
(2083,1611,0.6088292458410238)
(482,1130,0.439531459301986)
(1001,1792,0.4865800978794522)
(958,804,0.39261553957837814)
(1773,1941,0.9678705544252463)
(1200,1462,0.7793084854853093)
(999,975,0.9469427273644959)
(1444,858,0.47396639230250615)
(2194,1936,0.56259972326775)
(1172,1672,0.9126347241349214)
(931,2500,0.42165345893221085)
(891,1113,0.8153198662466116)
(678,941,0.10584972620429589)
(810,1092,0.7064280738720686)
(2345,1578,0.2852987326716282)
(1630,1571,0.8406304005632409)
(822,1,0.6150097927626678)
(1609,1318,0.4293118254051955)
(2335,1278,0.9949477471913596)
(908,1326,0.21499415388584775)
(1413,1223,0.655045898144762)
(53,972,0.6287552739451518)
(2500,1653,0.9431290368445491)
(976,446,0.9362113542176762)
(1838,1244,0.4703198184571057)
(1529,1151,0.898235532676671)
(1362,1691,0.9937864079055403)
(741,1253,0.6033481581401181)
(2169,266,0.217322278332596)
(2500,1781,0.08526512709364842)
(1589,1236,0.20449782885583656)
(616,1758,0.037765792531006204)
(1120,1057,0.21034566413416622)
(1329,555,0.8041568450793636)
(1193,1845,0.4487106713556336)
(418,1452,0.9220415778799746)
(2143,976,0.8285125475372308)
(1529,1116,0.7963072346443636)
(157,1660,0.933590364413968)
(1476,1318,0.3600683735475425)
(130,1753,0.8388238820373791)
(1455,1,0.7418989789318737)
(972,1281,0.6762648367100887)
(209,1958,0.1500114034467308)
(1792,218,0.4845009278786959)
(1726,1816,0.6278357632977651)
(929,1387,0.8557351967719319)
(590,1543,0.011841555323534814)
(464,1376,0.9704257807311297)
(1987,691,0.07668393671737217)
(568,1086,0.5159303503623063)
(1158,934,0.7667872923196318)
(1949,672,0.07722207524517644)
(1505,595,0.641538699099225)
(494,2500,0.1322608876985294)
(825,2216,0.5836924601896343)
(1723,1327,0.538554102223937)
(1770,1874,0.5441257341983529)
(1293,1636,0.9706908439681609)
(1855,1980,0.9630314330584347)
(1111,874,0.6427509830338195)
(1067,1941,0.2402065615409944)
(1498,1766,0.5091262236754431)
(1583,1012,0.7337207441870178)
(1,881,0.7273367777931146)
(1065,1941,0.36365692500474245)
(1725,627,0.4343445252593263)
(618,725,0.5972360611222003)
(426,1416,0.7278026247734952)
(1527,1937,0.7301261157116474)
(1777,1681,0.7318504111418677)
(1953,1656,0.3005497086148925)
(1809,1213,0.3088907331060028)
(834,1542,0.1551773923924582)
(2500,1930,0.011828633982109316)
(1894,1327,0.5370760836911662)
(2500,1278,0.6809674315875456)
(1294,1220,0.6507643333089296)
(1392,1915,0.38833667656549)
(645,1850,0.4475215432297944)
(1421,1291,0.014105334135111836)
(2092,2320,0.01931857552042071)
(1471,1018,0.6463756077587017)
(490,1486,0.5648121119465905)
(1749,442,0.30475204223554164)
(2050,1714,0.19410823696416213)
(1073,1396,0.896458888426039)
(457,1236,0.7239150064416201)
(1281,451,0.228871405018496)
(975,1295,0.04561695665941767)
(1240,1580,0.522250206828357)
(495,960,0.21066046690819684)
(1354,1304,0.6469970942608482)
(346,1542,0.9795984238404939)
(1317,1193,0.9996332720270642)
(951,1,0.31717880819844846)
(1790,1182,0.23023565908005716)
(879,1543,0.033447549631168805)
(1563,1025,0.2985776088713661)
(1480,863,0.0069744725879760106)
(1845,397,0.9090571816735982)
(1069,181,0.7814810759155426)
(1933,1386,0.5101677352574646)
(1787,1752,0.9308828786966277)
(1757,1848,0.04379933300395955)
(1450,1435,0.7409316848512715)
(1647,1468,0.2010662179334367)
(1532,447,0.09899620037855861)
(1,297,0.2084050253739972)
(1759,249,0.43286696646601885)
(1114,217,0.6343038756413826)
(1147,1575,0.7979101396830957)
(640,382,0.8165498358351749)
(1428,814,0.1808398156750688)
(918,1045,0.7859704775878233)
(866,2041,0.15670526175925603)
(1266,703,0.1496482051267779)
(1608,1145,0.11628574699086236)
(2500,1026,0.1746754949695859)
(972,961,0.5981619587763917)
(92,1148,0.18736715760554212)
(2084,1728,0.18083219525005845)
(1562,1425,0.595078238038978)
(2014,1341,0.5753488009766883)
(1214,1592,0.49929563500204244)
(1904,1530,0.39282970521346117)
(2226,1,0.22100164888833473)
(1758,1557,0.7705282394736169)
(1710,985,0.1561933501336379)
(622,2373,0.06851957025385857)
(1770,2111,0.05240736326484097)
(1502,956,0.4566840291438705)
(1048,1449,0.21625016969208888)
(1456,475,0.8015500802341702)
(802,755,0.3680873900737093)
(33,2060,0.6049687338432319)
(930,1176,0.2007219337757309)
(1219,2150,0.06304935723748883)
(1641,2500,0.9330217619772122)
(1243,1377,0.9544078039754411)
(641,1446,0.5566612266258452)
(1254,1049,0.4838119219432859)
(777,1211,0.5953979022873053)
(1863,657,0.48986576868313436)
(1173,784,0.6251300855114439)
(265,1370,0.8524847238214973)
(982,2070,0.21685616812264674)
(1826,526,0.24392891458951782)
(1141,1291,0.6130185906848)
(2224,1986,0.16859048568721435)
(1775,1179,0.18288231424812973)
(1014,1736,0.8799539771932786)
(1655,1918,0.49729340816710377)
(17,1760,0.5374499229322146)
(2326,1671,0.31638977222381104)
(505,60,0.3869807507472389)
(1926,1701,0.17570471131353527)
(1590,1060,0.7051079277639749)
(2192,2190,0.3870938278738808)
(1407,1502,0.18603133471147182)
(987,496,0.3318913677355877)
(603,642,0.546523709596904)
(867,1955,0.2323845630191156)
(1000,1051,0.5749633885047789)
(974,1708,0.4494942934716851)
(260,1100,0.5534455404171276)
(1039,1010,0.570604936520369)
(352,1799,0.3584509570540426)
(1051,1811,0.6901935421408922)
(1453,958,0.9471948646698357)
(680,1791,0.5851356815903747)
(1852,1648,0.1955170785375938)
(1574,1800,0.20924846376101836)
(1677,2500,0.4963851150374504)
(1998,1371,0.9234722920100182)
(1322,305,0.7954291010837813)
(1558,1254,0.2837695967197432)
(1338,2500,0.3426696811767962)
(2066,949,0.38517722092074336)
(1347,2038,0.26166583152087985)
(1639,1771,0.26050495892862635)
(840,495,0.8888374158385653)
(1138,1962,0.5848975336595856)
(755,1699,0.8607104392718371)
(939,483,0.8977163549636085)
(1125,2063,0.6440921791015136)
(805,297,0.6525897299484358)
(1,864,0.14036519164622585)
(1475,379,0.5347524641347454)
(1783,1453,0.11226154973496061)
(2116,1199,0.6277489661603287)
(1292,1354,0.8141971314267008)
(259,1229,0.4692760891816279)
(303,1913,0.25884376803577613)
(2217,1260,0.9457619841699609)
(965,311,0.7753373722109063)
(1184,941,0.49472748511335674)
(644,1697,0.9744069814963632)
(182,1175,0.5941057811033854)
(671,2500,0.16628035524270723)
(930,1458,0.025738473487801228)
(1019,1629,0.10814421620858017)
(1317,1863,0.8349975487021761)
(1623,543,0.8638390107381456)
(960,428,0.7714917429417155)
(820,1146,0.6546370294419069)
(2500,1735,0.9025462373702416)
(1847,1572,0.9578113974216248)
(1342,1139,0.7920534814901403)
(1453,876,0.8152791747651602)
(2035,416,0.2589229178781297)
(1129,1971,0.5359299895993938)
(696,2095,0.49900833177039816)
(25,1725,0.1346488653725494)
(1438,816,0.49806497563652197)
(1084,172,0.999986731030652)
(980,1854,0.24209822217992794)
(1209,749,0.5316806275152017)
(785,1109,0.22671344802514648)
(1581,1209,0.13235674685369092)
(1795,1499,0.9716599730561244)
(680,1676,0.1270888283216991)
(1,1512,0.6954986344380598)
(1368,1371,0.7388859100463337)
(1803,982,0.030255108536787145)
(993,2483,0.44881334629599545)
(806,983,0.1416289824864876)
(1635,1799,0.6875200204705186)
(877,1803,0.34422576242807845)
(488,1926,0.5011551701024841)
(1184,640,0.36838215435890176)
(1204,544,0.1770259315936027)
(2500,625,0.5578257475474244)
(1344,523,0.8885178259340923)
(633,2100,0.2386817268574034)
(661,953,0.5232275624979008)
(1032,1005,0.8486611478461484)
(1880,1490,0.0027534079044899684)
(2103,1455,0.09647752852808555)
(1913,1184,0.5813363605560451)
(909,2223,0.3570535824118882)
(1846,576,0.5922401028691532)
(225,1200,0.6958396686181084)
(2376,2181,0.21652116915260688)
(1246,531,0.9551045961700567)
(1261,2500,0.49576685545318433)
(954,1865,0.6660412529587321)
(1123,1255,0.8286540082619458)
(1576,1339,0.7448741534126762)
(1199,1994,0.19575252401058385)
(62,157,0.49000516665025495)
(370,1615,0.5534402236418504)
(981,1034,0.8162586181135935)
(1451,2500,0.27221882716001544)
(1528,1008,0.31686920579311395)
(917,1150,0.2604953984509142)
(1182,382,0.7414341002723736)
(1040,1362,0.8930215019883734)
(1769,1256,0.5307545414847651)
(1735,1909,0.2664080204108761)
(814,1123,0.6915009979207097)
(1612,831,0.49135417941366233)
(1597,554,0.5974927294566724)
(2399,797,0.6961710708364707)
(814,2130,0.24820137643834006)
(1769,1402,0.8988674644855295)
(600,2371,0.5593866432062463)
(1559,810,0.08448067434585116)
(1262,1309,0.6150862077693833)
(2000,1657,0.17289624871568188)
(826,179,0.7752188595765602)
(1471,318,0.38488094051276456)
(1558,2010,0.6673648653735652)
(1693,2500,0.6989057013538217)
(1737,2278,0.2062472218002186)
(1439,1091,0.00436489265987261)
(1370,1497,0.8874772174062082)
(1782,1423,0.058105294056164714)
(981,386,0.21525841206581953)
(1231,2379,0.9585971112739564)
(2189,1867,0.7236639897094649)
(695,2138,0.3606889397651838)
(542,960,0.8251290188394241)
(1380,2094,0.004218628814080527)
(1248,576,0.12241864659240842)
(568,752,0.2545191485919097)
(844,1943,0.7296630954033299)
(1902,787,0.034293398557045274)
(1212,817,0.7468470880373413)
(1496,577,0.2096419437757545)
(1305,1375,0.8072843989950832)
(500,763,0.28045297689084137)
(917,1537,0.19689818964276795)
(1122,523,0.2408171016222943)
(1630,1219,0.9831383376519108)
(2326,769,0.34653854089378755)
(1431,1268,0.022308689280076788)
(783,1287,0.03192576820004156)
(222,829,0.42512509790822084)
(1280,1449,0.555831384712421)
(1039,1091,0.5264362482589032)
(1249,1732,0.04467066927133978)
(758,301,0.9660899518252801)
(1192,1198,0.06334170405107253)
(1403,583,0.7808989607969433)
(1881,2500,0.3086426889073032)
(1403,182,0.3866268241321228)
(250,1,0.6775087662789204)
(2058,1705,0.8059121375303747)
(1515,770,0.4638621453166849)
(1125,2047,0.0326553993771479)
(1912,257,0.8090914515691255)
(1224,2199,0.024063210302836646)
(922,1272,0.23405507218020694)
(1652,1785,0.1563376621702356)
(675,992,0.28076929718889354)
(1616,1479,0.707668879101025)
(1073,956,0.6963651667074253)
(911,1186,0.2299505456075842)
(1234,753,0.4370118838405148)
(1438,1686,0.6440355716947429)
(1391,1625,0.048587742156431246)
(1969,343,0.9125773054070672)
(1391,911,0.5854881165124673)
(1749,96,0.7755074400233224)
(1703,1937,0.19678059891048394)
(1501,2367,0.255179717264008)
(2090,1388,0.4477139881330656)
(851,1802,0.05474110564850421)
(807,335,0.3884097130474208)
(789,781,0.8028712667314359)
(1841,519,0.6007597543446984)
(949,1186,6.629392238483023E-4)
(1725,1849,0.6280260053796515)
(1940,695,0.2883186569759899)
(924,1155,0.49867726867283335)
(1146,722,0.8065438746463379)
(638,1620,0.19556272862105029)
(182,1431,0.16918586220352394)
(1786,917,0.6233018603383665)
(1775,965,0.5092391226513284)
(771,924,0.1683669269024799)
(1966,647,0.00363912945701661)
(2434,824,0.1611994017417524)
(1056,1,0.12248579627559553)
(1081,849,0.13090671333942916)
(2116,409,0.14433786538410132)
(1063,2109,0.6989085719521778)
(1673,2082,0.9462357682392479)
(754,1328,0.44271536000619194)
(2500,1640,0.49217879696718714)
(1116,1854,0.6566964772874957)
(644,1304,0.6498996691016306)
(1888,345,0.9524270054622244)
(991,2204,0.087407033951301)
(391,355,0.8590587459644822)
(1578,1521,0.19782142811237413)
(974,352,0.8068720997810838)
(1602,1760,0.9958887463544528)
(1595,1154,0.4270676200468492)
(1335,1587,0.27090214309226224)
(481,1776,0.5486853858477264)
(1004,1588,0.9601210215473528)
(549,2417,0.1133877307211133)
(1263,1344,0.4699628809218285)
(987,1063,0.2311180431651585)
(1215,1267,0.5728320291968517)
(1150,1591,0.9942852130003577)
(1722,1904,0.8692279226037024)
(1670,1130,0.1166370975771196)
(2032,997,0.6447005239747633)
(585,1301,0.8372818715989387)
(1018,463,0.4902498834630711)
(1102,1344,0.29530044207874007)
(1720,606,0.7660293355993695)
(1374,1525,0.4477456069881035)
(942,1695,0.6841673033276383)
(1116,1159,0.8539968735661391)
(18,2209,0.254485303732633)
(190,1388,0.7167964355391878)
(174,872,0.9085376990633893)
(639,1784,0.2167302227051635)
(2126,378,0.003274836855902463)
(1022,429,0.8092863054755847)
(531,1244,0.7198612484118864)
(423,762,0.12002935119593838)
(1,1642,0.596344924626054)
(855,1570,0.8564225223054561)
(2042,1075,0.29459666995984113)
(472,735,0.28981770440588617)
(1828,1110,0.4848785774530586)
(919,1468,0.7241661308678227)
(1389,10,0.4858871687653654)
(277,1796,0.30679005933119075)
(1134,1858,0.22959488862046373)
(1404,130,0.08388328951486834)
(1536,956,0.8029708748665315)
(2041,649,0.06608126750534704)
(1112,1951,0.9857240850858714)
(1823,1338,0.0935508544683813)
(1,1941,0.3387605461634735)
(1343,980,0.9660713032074794)
(1643,220,0.7289724189102913)
(1407,887,0.5638535500369842)
(1461,845,0.26246776429375274)
(1070,615,0.8860250619199055)
(740,2432,0.9918642475207631)
(1322,379,0.46754616750903)
(819,911,0.5655338431016755)
(1627,115,0.7486724926176839)
(1850,1200,0.9362344479177278)
(1540,513,0.12358055349231245)
(1393,1869,0.6282985549884353)
(729,1838,0.653914809266339)
(1334,1224,0.5197572298577448)
(2005,1127,0.1120289873387309)
(807,1406,0.9879206581787741)
(1865,1004,0.7495228383567965)
(3,2252,0.6559607030358433)
(1870,1441,0.2870369670012227)
(2500,728,0.6742479670963214)
(421,1926,0.6824256622041578)
(1411,1409,0.30598897989014007)
(1332,1107,0.9224046580348725)
(1414,1909,0.7343139849732746)
(1107,1351,0.37139839947163267)
(1297,1229,0.8059310589215625)
(2128,756,0.6278916212382407)
(772,1384,0.8625296854319338)
(1534,377,0.5328294790263772)
(1458,1497,0.05322738031767904)
(1325,976,0.16819956716607876)
(823,1299,0.2723989532402189)
(1324,1146,0.9386930280577236)
(1639,2500,0.03318348072887323)
(1473,1767,0.9511455980445191)
(1072,250,0.889910998702626)
(494,1630,0.6588425600231737)
(1743,933,0.24453869492247204)
(2015,944,0.3041568268452197)
(2124,1218,0.5306680594892784)
(1694,1922,0.5909173603704889)
(1299,1606,0.7177777321421877)
(1285,1589,0.925425972302292)
(432,1674,0.5990696436655762)
(798,1647,0.5776276040089453)
(2401,1372,0.9341180263816666)
(2129,1641,0.2777567676713262)
(619,1057,0.052133928002721985)
(1686,1125,0.12244610726713778)
(1221,951,0.13396008110857083)
(1360,796,0.4457323430378437)
(2103,624,0.16875012790639043)
(713,2460,0.6969138506242997)
(974,2226,0.7683975354408645)
(1724,1459,0.10972092231272967)
(352,1082,0.13629003988885724)
(828,1507,0.40245990917104)
(461,1224,0.004100530829212912)
(1378,719,0.4413163152056706)
(144,1256,0.17006891911113808)
(1496,1195,0.8953952495399736)
(1679,2500,0.5480006514979052)
(270,882,0.06953609723170895)
(1478,799,0.20722299038258785)
(1667,2159,0.11811043458692316)
(1230,804,0.9954179317001779)
(2392,816,0.43894395857031643)
(1359,1324,0.9362023199604189)
(1623,769,0.04131379110532396)
(2500,388,0.2948855486128471)
(1619,952,0.4309015441359253)
(2462,1169,0.19221316534361021)
(1073,2209,0.29722648919217154)
(1004,910,0.03536641502122695)
(794,2500,0.21969406086919796)
(643,1698,0.04245014009385972)
(1758,1010,0.5449939395507879)
(2118,749,0.4760063454784025)
(1611,1063,0.8429382658942948)
(1558,1923,0.4712067721618194)
(1530,558,0.8487193241178618)
(694,1335,0.6379804199724275)
(944,1229,0.8464484172551788)
(2500,1091,0.41298549522060635)
(327,1190,0.8189111719951296)
(1413,643,0.2933551562389932)
(952,1102,0.08997454729102328)
(1727,1517,0.020363770134117498)
(1441,740,0.009358859742388037)
(1787,519,0.396682656942402)
(1640,1977,0.38556108929913735)
(141,1750,0.9468478217284617)
(2064,765,0.29947414249504867)
(548,1029,0.8826043625015035)
(2122,462,0.5781425409490641)
(1446,784,0.3262680684312178)
(1197,1024,0.29213434232010094)
(1127,1462,0.9334574759019828)
(1213,1329,0.1663863942826933)
(1881,1733,0.852989796020105)
(2153,455,0.5656357569193136)
(1781,2006,0.21004568835596849)
(1162,1965,0.27265853745407986)
(2151,1697,0.5087606248329807)
(1428,877,0.0930938449139459)
(1,916,0.3201093804633375)
(1162,1520,0.6256164553153116)
(1922,1141,0.6188386239743228)
(1121,1084,0.2874476426562582)
(1118,1134,0.43055553873018304)
(613,1248,0.7543432514375428)
(27,674,0.8895360523681152)
(523,1554,0.7383217957662224)
(1162,696,0.9991261841409229)
(1306,823,0.7359568384025565)
(2164,1940,0.01765775519829249)
(2013,758,0.26532097808339916)
(2102,1029,0.28587545875779463)
(1122,723,0.4536979296972027)
(1632,1374,0.9960331761311209)
(1215,406,0.3894253707701253)
(1367,272,0.14683498493692004)
(2108,574,0.0572007025731921)
(1135,1286,0.6180177610433188)
(1805,1887,0.1488827514757437)
(847,1181,0.5698473600754581)
(1471,402,0.9288773157689281)
(1173,2157,0.2254228625713931)
(2500,1229,0.09659658150540429)
(617,500,0.4981369884287965)
(136,1164,0.6151841822662719)
(1899,1365,0.24123848403691495)
(454,1119,0.9374100828008037)
(977,757,0.6935662656584628)
(1190,774,0.5868796163793294)
(1867,2134,0.864437814329516)
(1082,680,0.8515156224116007)
(1718,1533,0.7595469039887556)
(237,1481,0.4603829448791371)
(1015,1261,0.23223810062048988)
(870,1508,0.5771153395395242)
(1633,711,0.9689866338552173)
(102,1875,0.9632186036090801)
(1466,2178,0.6934520411867201)
(240,712,0.18992561724882673)
(1683,1625,0.08545361519221895)
(1464,1099,0.8073471427804995)
(2500,1454,0.04491732341132726)
(1652,975,0.9988507124570186)
(198,1753,0.386951243199835)
(1190,1447,0.3648649454437002)
(226,1317,0.14953889068710435)
(2500,1381,0.7124048567264468)
(1085,1223,0.4605099796320755)
(2094,14,0.9375587552369323)
(1895,1125,0.9258822201865715)
(1065,1195,0.1854987598525082)
(1893,1219,0.8949961501112371)
(1870,2175,0.6499175013681816)
(2076,1041,0.43683524972347343)
(756,1419,0.9370849529347403)
(520,963,0.5397975755078452)
(1572,564,0.6589032894745289)
(623,1506,0.6738827025770378)
(2052,1533,0.6710104600765654)
(969,1534,0.3842459207822859)
(1102,1126,0.14196109310382987)
(1270,1126,0.7328318707725147)
(779,1317,0.0354388572681954)
(2011,1102,0.9206284366843742)
(654,2124,0.8503344562916547)
