(1510,60,0.4848287265424429)
(1772,2500,0.9718520690953969)
(1259,1400,0.48197323630222644)
(299,838,0.3951582594429651)
(1465,1910,0.2814994697709684)
(1899,1508,0.5321228222818025)
(1730,1157,0.856463860862495)
(1409,539,0.1456031671938035)
(1225,1349,0.10794020354213452)
(1684,798,0.787952620225332)
(1458,535,0.36061833522366404)
(1283,874,0.23255825249738848)
(1579,1427,0.9921503280972142)
(623,822,0.3559650339041721)
(559,1075,0.13569402918056017)
(1275,1039,0.47284836614548664)
(2064,1033,0.955642510867976)
(1139,1256,0.9516783004171984)
(1287,416,0.08607950466071979)
(1592,1178,0.7835271694259018)
(1359,2447,0.0688551079879215)
(1272,1339,0.2829221036717091)
(545,1326,0.9058436740295034)
(522,1617,0.9231008401567654)
(925,1003,0.7307941554684451)
(729,2500,0.37026530730334317)
(1217,1498,0.6316214071963414)
(2116,865,0.5924561321135774)
(1042,1942,0.2738976466096732)
(1005,908,0.7020221654237419)
(1150,1352,0.6706238706517761)
(1200,1184,0.7416843086476972)
(855,1223,0.8665862456999809)
(1811,2154,0.021711862911231727)
(2286,1,0.6606932683421263)
(1380,1320,0.9865969622544722)
(2129,1257,0.4357652502288276)
(1090,1421,0.5596190196379843)
(1981,1693,0.18530988632183787)
(2035,1258,0.18190570258549)
(1246,386,0.46080263579056446)
(1869,719,0.07468820329981529)
(2100,431,0.34285324187775856)
(738,1671,0.05931829344342876)
(1364,309,0.8283787923413861)
(2213,1229,0.32029149170817306)
(518,1567,0.0040597974586249475)
(1078,1,0.9703958861726487)
(300,2169,0.6407051501312385)
(1129,600,0.8715077903687548)
(489,1393,0.5558040617646658)
(1,532,0.29017906228882584)
(1342,2202,0.9228632771124322)
(427,1315,0.6747788810247086)
(1155,1526,0.40877337118839974)
(1161,897,0.7076355386243859)
(2269,2050,0.42480900078593153)
(275,1997,0.8649367984829334)
(196,638,0.6750127572647069)
(929,1166,0.0470745120676801)
(632,1039,0.27331366271875923)
(1988,1431,0.5080107225583647)
(133,1437,0.11102915044250927)
(2015,1746,0.33079623557067706)
(920,1254,0.8952878249560008)
(2500,1372,0.0053971333564769575)
(1187,1069,0.046929368707845476)
(481,1843,0.6746907071285344)
(1537,1593,0.5974908202110163)
(1,1926,0.14092642853704762)
(898,1087,0.7906480165525258)
(1415,2153,0.20452105536837195)
(655,1930,0.3148694938499752)
(2488,1554,0.367802060059934)
(653,2500,0.6082250115968891)
(349,1240,0.05633154615099467)
(852,1037,0.9695511779746974)
(851,1299,3.2658989241429737E-4)
(1384,1602,0.22664919481947088)
(1602,1066,0.1422681380028351)
(1775,1921,0.8952511519404358)
(1,1700,0.453636396756801)
(1644,1564,0.5388567325730509)
(2165,1444,0.8602811540025791)
(1478,1315,0.0030437872109445596)
(1407,195,0.470251675525006)
(1394,2500,0.6691304967736617)
(969,1,0.6086751341438902)
(2413,1933,0.5604120183078865)
(1262,1404,0.2675216021198137)
(549,880,0.32996894591205284)
(2247,1469,0.07844167681521952)
(1654,546,0.2742226640807599)
(1992,1224,0.368426306139749)
(1482,1357,0.064906816577742)
(639,1136,0.8139411041229508)
(1062,926,0.8478903019108681)
(1257,754,0.5611611398815072)
(1015,1137,0.6103905164571747)
(1683,577,0.16254030480551696)
(885,1309,0.5999687468949724)
(2161,1837,0.16313424305635238)
(1607,1714,0.6659221193323086)
(1038,34,0.22755470065877903)
(1055,1269,0.3849382765894226)
(1744,1366,0.5377814082810984)
(2081,1652,0.173175895426102)
(2415,1519,0.7197455651285979)
(1063,1646,0.35759994519036353)
(1159,1819,0.9419852305571237)
(362,788,0.5121217375921091)
(1348,1805,0.8027982899017767)
(2247,1254,0.4945551545983151)
(772,1,0.4816454061338895)
(648,826,0.10983285993700675)
(1144,919,0.6174076898328841)
(1971,1551,0.5972106416686576)
(2034,913,0.5748549932136985)
(839,1139,0.7603968730919444)
(2193,1013,0.3074287823579045)
(106,1997,0.7094012107053708)
(525,465,0.05666082341488943)
(1552,1424,0.4402342443875811)
(1482,1632,0.3873314479182036)
(632,1352,0.5552882076265739)
(1235,2386,0.6342444294205087)
(1038,1783,0.8914094966992847)
(1672,984,0.03470999727513013)
(1205,102,0.830448651687728)
(1703,840,0.7972690331644108)
(887,1003,0.280855465159087)
(873,2500,0.5025225094985551)
(1634,205,0.4633582667543783)
(466,329,0.5594797887241374)
(1246,789,0.5994710488382652)
(1168,2142,0.3143063694895145)
(2013,922,0.8538161735469579)
(1281,1293,0.9589937596070439)
(469,742,0.22541030679650775)
(144,1229,0.759826272842902)
(826,1543,0.5577740915487678)
(536,2500,0.6772087373498161)
(804,1730,0.9985504970823827)
(1149,930,0.7852511366972988)
(1103,1291,0.49624418461620345)
(42,1182,0.6488764956951167)
(2158,1464,0.10052500516954499)
(1083,1050,0.876697120882982)
(1198,1482,0.31884737134961816)
(1205,1638,0.27652548546866007)
(684,1789,0.7454887619833415)
(491,302,0.9389729707723885)
(1080,1357,0.9644528047331082)
(53,1371,0.6446450456454927)
(1944,864,0.6458127113292329)
(707,945,0.5480232962279621)
(1093,1289,0.8857969428877605)
(409,1661,0.400566642587022)
(1310,2420,0.01634624090163639)
(2141,1083,0.8594394119939269)
(1790,2030,0.8700025066996991)
(1347,499,0.7250979123444415)
(1794,1375,0.34016461723409097)
(732,1320,0.2988183313999767)
(727,1056,0.9163892366215287)
(1065,1562,0.7679365565836928)
(1332,1290,0.7204686899603203)
(724,2065,0.2500392247255171)
(886,1355,0.9275080066546433)
(935,1271,0.8536215829105162)
(1838,1694,0.5986384284167671)
(1323,2068,0.6903218624911128)
(1276,1152,0.19400511819326505)
(925,677,0.8732033869291136)
(129,1412,0.29879493016922154)
(1515,1904,0.8489290678514894)
(833,1768,0.6493996360784211)
(1717,1492,0.07511962289735663)
(1026,2362,0.53572749110193)
(898,373,0.3134293429214422)
(223,785,0.040381244468169264)
(1785,831,0.02605622728592738)
(1918,2145,0.13844121130076947)
(1406,2067,0.6313830813361122)
(1142,1336,0.16686824894389662)
(1408,1664,0.6310083367631943)
(519,1189,0.1492880483683069)
(1571,103,0.45992147695407337)
(1016,1472,0.642109447417507)
(1455,716,0.08663296375868379)
(1268,1346,0.07606934186602965)
(420,1928,0.920801193193995)
(1336,2030,0.5093945251750007)
(1014,1965,0.7713151821510005)
(1816,1993,0.7550088083873184)
(2369,951,0.6605302753660328)
(1,2237,0.2932964367330416)
(1236,913,0.10708105937670542)
(1518,2014,0.24285163155450018)
(1533,1161,0.39457528468797654)
(1348,1226,0.5770086290731611)
(1841,876,0.849947997103056)
(713,2500,0.2154819331193445)
(1259,1683,0.5940424325365388)
(2423,1602,0.4255269086952099)
(278,2120,0.5750498867643687)
(1337,1059,0.560252584679789)
(2411,1226,0.9459742296431578)
(1398,1333,0.33023977334870847)
(1350,1822,0.1532723105271473)
(1,1904,0.7737648943081888)
(762,2365,0.08795241175374746)
(973,2143,0.9606902759110503)
(1437,2344,0.8487800858857645)
(1019,1443,0.9792699475829935)
(2095,651,0.8523043268257362)
(964,2357,0.298517730763443)
(74,28,0.42254451349500144)
(327,1146,0.6746813478144644)
(1188,1068,0.7355467860959206)
(1984,1655,0.24595956930888074)
(507,858,0.7427084203825816)
(762,927,0.9551770806102092)
(1068,420,0.5458401069330973)
(1142,2180,0.49389240673442103)
(2008,1634,0.22269708743933392)
(1702,1651,0.6867670638472454)
(459,2435,0.7314765291366602)
(1059,812,0.917529189587074)
(637,1250,0.9587375357644835)
(2425,839,0.38316641704358523)
(1229,1679,0.6178360277499717)
(1414,1870,0.6221202760600438)
(1253,848,0.5885183210713919)
(737,1190,0.1579989397940751)
(385,988,0.035122359511170265)
(294,1115,0.308365829673389)
(1110,1394,0.8408946168469048)
(884,949,0.32810413731294896)
(1941,1,0.18533536371242332)
(582,1978,0.5099744110004457)
(2191,1128,0.19127228592446854)
(964,888,0.8167270042774839)
(1004,1425,0.9374426966173739)
(1308,949,0.9922799967494876)
(873,1,0.5399949473730453)
(864,834,0.4947073611548819)
(1111,1508,0.9557201384917873)
(2104,1160,0.4236210228689602)
(1319,1673,0.8662996768733721)
(1815,1969,0.5204515139758197)
(1090,2338,0.0031790571780703214)
(973,1332,0.7332773929860152)
(2017,521,0.6820950001590825)
(1163,503,0.1300509339196647)
(1046,2063,0.27591029516235455)
(1981,1211,0.3822201211762508)
(723,2050,0.061066321051933437)
(1625,1217,0.6888392652081585)
(2092,2292,0.876398849806157)
(826,1276,0.11266362438534994)
(1094,2194,0.9691671102856644)
(1641,1863,0.702129171454861)
(1507,1089,0.78141808424719)
(827,1218,0.09048691277817267)
(1380,914,0.6949441854640346)
(2193,1373,0.26110071118888567)
(1283,854,0.8784916182419011)
(93,1230,0.8925138068271451)
(1421,1961,0.695070261988312)
(828,861,0.5679877555232097)
(980,1886,0.4232094515681576)
(848,1872,0.7984931856247032)
(452,1,0.18670772131227764)
(971,2072,0.16031904103448935)
(2230,537,0.6369227621781954)
(1169,972,0.24280201897270304)
(994,474,0.7802350897887562)
(2169,2135,0.8126866795797114)
(1307,1718,0.723423759202463)
(1818,1103,0.10348300531194077)
(1563,1571,0.9372487615270907)
(1630,1,0.32632689884956323)
(1370,1005,0.222750035838571)
(908,2249,0.4136159973458292)
(574,716,0.9497057464346783)
(1717,1,0.08959468995068287)
(133,1300,0.18660718565977885)
(462,967,0.1075268920772754)
(158,1849,0.7860569584516685)
(2025,1080,0.6788681293170254)
(1038,1950,0.8055301667428085)
(1248,2500,0.34232825453818705)
(1376,1342,0.9478258827728995)
(1635,1401,0.10560997065863131)
(1161,698,0.006108731038594106)
(1201,906,0.7115744925557543)
(638,1591,0.7283099301190932)
(683,1329,0.3683528003581632)
(1867,1271,0.5502775618319105)
(1268,1056,0.8482266280464541)
(1764,1444,0.39340550187441015)
(1336,1476,0.35287573650548976)
(258,832,0.9063827817889121)
(1949,1334,0.6468219850286603)
(1760,679,0.6999845497985075)
(1912,1207,0.8214086855828012)
(2271,1230,0.5055492136592271)
(1323,1464,0.09988765589679471)
(603,341,0.2934562945266197)
(1948,2500,0.08102087101506361)
(895,231,0.2797121958024025)
(1096,1637,0.8911665328571413)
(1440,1429,0.4027696386954305)
(822,771,0.18967620920553574)
(1188,316,0.9607322368446322)
(99,368,0.5070017442813997)
(1566,1437,0.3324301527201885)
(2137,1583,0.5968117966761046)
(1571,2449,0.3295510961824307)
(1699,700,0.7298417268938251)
(1516,1351,0.699763601870466)
(900,1304,0.3075052591599454)
(2006,502,0.7489288811587983)
(762,2234,0.9181370170024233)
(1411,1868,0.35179684588697446)
(477,1383,0.7445328194527876)
(261,946,0.6800977892263446)
(1383,972,0.886342673265667)
(1044,869,0.20346044400166385)
(2195,1270,0.2464595091286249)
(1879,426,0.2813651875473637)
(1320,894,0.8553723443214005)
(91,2260,0.8072317668032294)
(1,889,0.5515089267244765)
(1929,1887,0.076021583364284)
(1690,1077,0.3948022805373219)
(1699,1066,0.5019591397606477)
(1032,1294,0.11204151846737975)
(2056,2015,0.6844054286138057)
(1772,1455,0.21830294996370947)
(2396,1667,0.9146854368924066)
(1163,883,0.2541560544953285)
(1041,1492,0.1200271201718216)
(748,1062,0.28672650969265734)
(1676,975,0.312069272436467)
(713,441,0.7555380757223163)
(1165,1779,0.49449415252548345)
(1567,1729,0.01134371675119461)
(1280,1240,0.9094262988229114)
(1967,994,0.6968051487814166)
(955,990,0.09334751594505886)
(497,1621,0.16389392433033945)
(1049,1661,0.9511282353516335)
(1049,310,0.2744348308163994)
(1182,1782,0.8029282280003496)
(1793,1721,0.3238253299921019)
(1492,1508,0.08930257859287516)
(1311,855,0.3586381611930367)
(443,2500,0.1223722347756967)
(2009,1350,0.9115400052015267)
(1332,361,0.8695626223519427)
(159,1314,0.9128844932323337)
(1074,1463,0.8209539703318585)
(1692,756,0.887796857805234)
(1761,292,0.3884003241682328)
(1853,1534,0.9453509793018827)
(1574,631,0.36844191560047623)
(1309,1920,0.29531331789392945)
(1516,1003,0.5835339441723669)
(1788,408,0.0389763770863194)
(425,165,0.12290971867005818)
(1524,1696,0.4378988742062617)
(430,1681,0.25716728425401925)
(1320,290,0.9927092955055092)
(1612,1381,0.021156169536943326)
(1156,1111,0.9570478863880447)
(690,1169,0.8214448688435688)
(1915,487,0.49772934078849806)
(1107,1049,0.4680539014732684)
(1160,2279,0.6373077384371117)
(1351,2500,0.35746978556560505)
(599,1830,0.441694909081381)
(588,257,0.340084200717533)
(1559,2044,0.572663087250823)
(793,1206,0.08599638661091802)
(2500,1703,0.19774271750833872)
(2370,981,0.5401985810965468)
(1104,717,0.6850100711018711)
(475,1637,0.048329419043819044)
(1138,1105,0.09798477879297374)
(1068,1373,0.636800249983493)
(1432,745,0.9364961096668475)
(692,1156,0.2083361156589777)
(1,1280,0.1475204495916853)
(1912,1248,0.6225183388734835)
(1401,1633,0.1513552249286606)
(1375,1510,0.3666151712299234)
(1765,1262,0.5621325988660858)
(1858,1576,0.4143223701081856)
(1570,2371,0.6576597073555169)
(1,292,0.7940961442910006)
(1650,760,0.4779488762505484)
(1233,1028,0.9485955137858875)
(2118,97,0.34437748683653835)
(584,899,0.9468213182847367)
(2500,1397,0.9503857660443056)
(1287,1273,0.781227593275647)
(1052,360,0.46075774536601743)
(774,1411,0.601987576209977)
(774,1493,0.7928736588260932)
(1436,2032,0.7162608477838822)
(1854,1983,0.15217037673668743)
(2121,563,0.3705781614826713)
(1545,2151,0.40171283120213075)
(1863,1102,0.9702891741167953)
(1118,1408,0.5722011609025217)
(312,1451,0.5093287047545327)
(1352,2083,0.44648629843238596)
(1113,507,0.949177329036483)
(1762,1,0.31015792706166356)
(1150,1344,0.49773399400239604)
(1464,2446,0.9419799258723347)
(1882,1182,0.7097815807246545)
(517,731,0.6783971491376145)
(981,44,0.1733375106574787)
(651,503,0.46042768391722233)
(2124,1853,0.481119564462011)
(1476,2467,0.9739636078998171)
(756,112,0.1254609280748713)
(982,1064,0.9738720555897405)
(890,736,0.9073466316872336)
(2167,1010,0.24402936574305467)
(1178,1419,0.8095406831744383)
(2216,2286,0.6838649002689077)
(2067,1164,0.02494636272723172)
(1323,614,0.7209733434878546)
(1263,565,0.6753684680034578)
(1359,570,0.7094392566064558)
(139,1144,0.18977694953353386)
(797,858,0.3172380068072155)
(1548,322,0.45519182131806624)
(2500,755,0.803213079156978)
(1684,1849,0.29094911718057137)
(877,1153,0.5115605662581892)
(1041,459,0.5711737933818852)
(1572,877,0.5719770105577627)
(2160,1115,0.9676981396262612)
(1015,460,0.8014549789124673)
(1642,940,0.7497935413577131)
(1270,1513,0.612902865770406)
(1199,1033,0.6676095588014872)
(1064,954,0.9003949858039487)
(264,1701,0.9291694094994575)
(1310,1034,0.5361332994767081)
(903,1499,0.9777080044647729)
(362,1996,0.872049701743343)
(1177,1931,0.5045905751508053)
(590,1371,0.866075405345546)
(684,2212,0.4675236485664469)
(2115,1590,0.7981942639059485)
(542,1862,0.011226141222770103)
(1150,1866,0.3304966090092244)
(1008,1018,0.8268961307212799)
(1584,667,0.4221795470365751)
(2065,156,0.3949526923782173)
(1924,562,0.37943444068109433)
(1317,2500,0.3885622411909765)
(1102,2335,0.4540071154245411)
(1154,1530,0.6067565585689947)
(414,1204,0.05020994112060395)
(1489,1327,0.6261424049973755)
(193,247,0.6279968250225716)
(1634,2500,0.0658345708158744)
(1328,1919,0.42669309588479754)
(1,482,0.5883129106982428)
(1240,1075,0.512931857558019)
(1267,359,0.8012020170918538)
(604,1,0.3470855766675629)
(562,1595,0.246348339181772)
(983,982,0.5586227772103524)
(858,389,0.45198014471877557)
(2248,2252,0.8734189864332985)
(1611,960,0.03822244098384786)
(1663,891,0.8085071530505195)
(568,1185,0.4650359691721192)
(1368,365,0.3218237906688901)
(1747,2019,0.7646602809604437)
(281,1574,0.34327237316861314)
(479,1429,0.01644361334583122)
(270,2055,0.8041601613879509)
(1699,1779,0.2026288595032395)
(1647,992,0.763019442232197)
(256,1,0.43683550047363917)
(688,984,0.5882593655466076)
(1125,1,0.08176677126450305)
(913,835,0.6507071985205084)
(1007,1181,0.2870968482036611)
(1360,1527,0.39333003264784117)
(484,723,0.030434738040261977)
(1378,883,0.12301432362219211)
(1782,811,0.8341068565797893)
(711,1614,0.18974403005899365)
(1034,1867,0.41476087012386464)
(1550,944,0.9994986360113522)
(40,1428,0.9483123836863355)
(1376,1093,0.694888283929645)
(510,525,0.06234672560709964)
(1535,695,0.8733099748714512)
(887,349,0.06607758419909937)
(859,1164,0.417763609160677)
(1491,1517,0.438566678428869)
(1966,1306,0.4681155671849233)
(872,1418,0.3008413320027087)
(1181,1183,0.6570737602431308)
(2083,655,0.5608133033303867)
(1,326,0.8595852841260546)
(1891,1650,0.6697076671423244)
(616,795,0.9849344956272708)
(1354,237,0.7189272799043593)
(429,1994,0.02193111216033139)
(1266,1189,0.6363846410963898)
(1349,1570,0.16549298373146093)
(2500,569,0.004946174818249105)
(2500,2431,0.7437236333978429)
(2149,1179,0.8787166395309004)
(196,487,0.5945763771386381)
(1216,577,0.4823303647900078)
(466,1018,0.293784263509136)
(1185,1880,0.8731012713998574)
(1614,1507,0.015079094069549992)
(1284,743,0.10307176059018275)
(1390,641,0.3150816713626574)
(1902,2188,0.5233342340929734)
(313,1605,0.6922021229550152)
(739,1496,0.09505313643960989)
(1397,437,0.7104498181825689)
(1377,564,0.8013508928801444)
(940,1399,0.5842508761210995)
(1399,1564,0.21175453225880136)
(2136,511,0.8695720727070497)
(1722,1048,0.4549015915789051)
(1,1907,0.2928669874003229)
(1126,1115,0.9863682620816551)
(2190,523,0.11917312699663074)
(639,1077,0.7673541491245564)
(1458,235,0.5618864636436193)
(963,1079,0.044637230041734255)
(910,1007,0.43142144671736127)
(1883,2216,0.695377935435545)
(97,1080,0.4763811984998598)
(1271,1381,0.3896532977405802)
(1625,801,0.6821540623116206)
(240,1445,0.013237866970082335)
(1,1027,0.34103065731676274)
(173,400,0.022853522101185075)
(1769,602,0.7131434888655448)
(941,1063,9.263113601316597E-4)
(1558,787,0.4764753660118519)
(193,585,0.42496466267956046)
(1103,1633,0.6519141330275938)
(1765,773,0.5691061951226499)
(1958,660,0.6544720050170881)
(716,1647,0.1557445971943222)
(1453,1951,0.9317028759377123)
(1738,1476,0.3600121302325222)
(1810,1269,0.2230510831737882)
(1667,2483,0.19209383761552534)
(1917,236,0.9572225803601784)
(1661,661,0.7458202786563275)
(1214,2500,0.4543258451387938)
(1111,869,0.26710630064952334)
(957,1586,0.05898417362939812)
(2022,1276,0.2645499092092086)
(520,1,0.3680252654490488)
(1401,575,0.9225805948175221)
(906,1681,0.3351960838980915)
(1795,1192,0.5995225847374925)
(1955,1487,0.8010877940820986)
(174,1810,0.23653949373566985)
(1368,535,0.37049470129412654)
(1390,1702,0.3991077948589369)
(1335,1295,0.42573826922805624)
(857,1527,0.9793036066492088)
(1122,2335,0.726596906187809)
(1573,946,0.3549763396419029)
(2014,847,0.5104714567792357)
(1622,2077,0.1527738565242749)
(692,1150,0.15371301254615932)
(966,837,0.249966689840454)
(2500,1763,0.8213585602637774)
(1136,770,0.5576851369021701)
(1145,763,0.24194123623553432)
(400,784,0.8984282871605915)
(1369,1472,0.7582031527816318)
(555,1646,0.5384363864157578)
(436,609,0.7597843505478609)
(1756,817,0.47668559353363416)
(1634,739,0.797800435110321)
(1,1301,0.9757235528216122)
(1060,1762,0.4867933355667816)
(1898,1044,0.5838275003742031)
(856,534,0.6235071846896563)
(1557,2500,0.245025734932094)
(1712,448,0.39764442651489074)
(708,871,0.8343466903623473)
(1894,1235,0.48784839564100646)
(1008,2150,0.4426431827783919)
(600,713,0.17430042152107117)
(2347,1057,0.25392044675394954)
(1387,189,0.2196905430085363)
(626,2102,0.6142667032701379)
(2500,1840,0.8338793849102335)
(2176,177,0.8655938191419382)
(1013,290,0.19618503862328984)
(1304,820,0.04507138700750368)
(1250,556,0.44894648550761695)
(1184,1941,0.6052031854360016)
(1668,1770,0.06609758999405224)
(1343,707,0.9085014634868546)
(792,1323,0.9231734052868085)
(1087,1765,0.8849940549973558)
(1328,1215,0.46262213076503944)
(1048,1229,0.12021703294694552)
(1775,1846,0.1411172379180109)
(1385,511,0.4918173671831252)
(1085,493,0.18776516885763261)
(719,1546,0.1095116011951871)
(710,1425,0.9973906143903475)
(1187,1426,0.799761225702111)
(109,1516,0.6293943737652314)
(1492,2435,0.6357334095220124)
(583,1746,0.590749345162845)
(1121,902,0.9623040603183566)
(1508,1268,0.15693541649431786)
(942,1673,0.3927941507061541)
(1651,1295,0.7003396904543352)
(1,2073,0.8802479337675767)
(901,2391,0.4595433092762655)
(1217,1097,0.5412641624964575)
(980,1705,0.2209757153214288)
(1685,1944,0.5237402909439786)
(1793,403,0.02338366709975137)
(960,2186,0.5356718134593764)
(1058,785,0.8054556883909306)
(1406,1171,0.9003688974951499)
(1489,1690,0.18458277768351916)
(1811,512,0.40347553180044937)
(1227,1345,0.053389545993082765)
(1,478,0.1680002000505979)
(1979,1833,0.776743028017915)
(989,470,0.14981964728075925)
(149,2059,0.8183466144839653)
(2365,660,0.7160207575254075)
(2002,1063,0.8646250110041698)
(1447,2216,0.803912747841182)
(1533,1205,0.47078987771524883)
(551,1337,0.2853553453979326)
(861,1933,0.04903699602621259)
(393,1518,0.8691853121218238)
(2438,1034,0.9700283463775824)
(763,1026,0.7817159185558358)
(2388,1078,0.10130828584701046)
(1544,1691,0.7183270295222852)
(1414,498,0.9331746520935247)
(1431,919,0.5338026975914552)
(1560,1697,0.35638636054155737)
(2168,1542,0.37621510349005327)
(861,2500,0.6553641510377206)
(707,1447,0.46065792605294364)
(2257,2088,0.7836640599419096)
(2139,1171,0.5084649953109898)
(1064,108,0.11700085351641432)
(1759,2242,0.6803226883614547)
(250,977,0.2685178404481158)
(1547,1145,0.964743657562954)
(1624,1871,0.6066245320100565)
(1465,1808,0.05319907413425229)
(1139,1311,0.690848190274714)
(230,1217,0.2620695827007222)
(943,993,0.09664924875359393)
(1836,244,0.9501652758952401)
(1487,552,0.15234020778227353)
(1663,1827,0.45470401899205004)
(841,577,0.5881490673418504)
(1742,427,0.753689061998368)
(65,1336,0.6311665860358893)
(1428,227,0.9908639605250679)
(174,1039,0.6431504549079091)
(387,1430,0.2126274958411536)
(2231,2067,0.5191062646590838)
(623,540,0.4536335460461356)
(1965,198,0.9122206550449147)
(2496,1500,0.9243800347785254)
(1847,1030,0.6447970675862638)
(1294,781,0.04790452614632745)
(1743,1568,0.3619591767815754)
(1156,2294,0.04475227170285101)
(892,1633,0.3080418762027046)
(1734,2398,0.8516557829011975)
(1448,1525,0.8711382306405479)
(1804,864,0.6277815268007572)
(790,347,0.9928319376414215)
(549,1179,0.7286583254364425)
(1894,1,0.05357261737731611)
(147,1569,0.035168423429654094)
(1438,1616,0.7064847042838628)
(273,1529,0.7095485444368275)
(1539,1995,0.370281054648097)
(996,2136,0.9260456722730248)
(1019,956,0.4284917370282333)
(699,1903,0.4849848311576165)
(859,919,0.7036892666445804)
(1163,1226,0.4107751922311954)
(1569,1440,0.46850600203297477)
(1337,1696,0.21570993902624802)
(1932,859,0.016433160492256627)
(815,1032,0.5635403204618473)
(1878,911,0.09266370005866553)
(785,1690,0.029872425002687275)
(328,710,0.1908017592489295)
(1581,1,0.3521656439842137)
(2500,806,0.30486291406198096)
(427,1716,0.10809612980487193)
(548,1961,0.05459880424005781)
(878,549,0.760793130230297)
(1230,2116,0.28295089505839666)
(1435,2224,0.21095851951298872)
(364,250,0.8296487376879756)
(1371,1187,0.2232014748993193)
(953,1600,0.3068745206679363)
(2462,2293,8.986809354356584E-4)
(1244,1945,0.3116480118243835)
(577,1555,0.11586370183344441)
(1643,1,0.9964281784595065)
(2500,323,0.24791447397987787)
(328,657,0.5791244224432028)
(63,1684,0.9893335121072688)
(1154,1619,0.07396166765828649)
(842,1186,0.3273061091356152)
(1473,1996,0.8739541438842715)
(505,1289,0.13608299552319225)
(698,878,0.37734881240309304)
(552,999,0.12653469532268058)
(1663,1350,0.31910971658784393)
(330,2078,0.4297660767490259)
(1742,396,0.020688116458678296)
(1494,331,0.4411310974064758)
(1300,2037,0.6360425241787764)
(1257,1211,0.2913733173913794)
(743,1474,0.8992746520326518)
(1067,1571,0.06913436718514065)
(547,1205,0.031759021475764815)
(2261,1980,0.1806234952153115)
(801,1174,0.29496462769810583)
(1856,2365,0.7585780948828023)
(2153,1857,0.08357963679854408)
(784,970,0.4928605537413151)
(902,1773,0.7712924696844145)
(1835,779,0.03059447976582108)
(1583,1,0.8351996795347733)
(1926,699,0.518512416798084)
(1,2448,0.5138173793529168)
(239,1622,0.5152907727721276)
(1387,602,0.6308159341370786)
(2093,2114,0.9043398679479872)
(1443,501,0.6734184227968155)
(2089,542,0.20423196492143292)
(802,624,0.8077649314635892)
(1380,1451,0.4253618693471417)
(1122,1371,0.5582834748323993)
(1654,705,0.9152272363207133)
(1392,1222,0.6210238083216233)
(340,1262,0.2556400940274939)
(1872,1631,0.3711327231745417)
(1402,1722,0.8535983809867294)
(643,911,0.008279896895373895)
(1402,50,0.27589682458111375)
(403,2112,0.5555355973205366)
(2500,1729,0.3134851402039702)
(1,1174,0.2833061961678178)
(385,1403,0.8167226414189366)
(1269,1327,0.9580392582535318)
(385,423,0.12938798672924645)
(1667,1858,0.3461961041872974)
(741,1877,0.030697324246174995)
(1255,1416,0.7630093027240153)
(1162,1293,0.6459127375516327)
(1563,941,0.29903126330733965)
(1011,1743,0.13645507571299786)
(885,552,0.9411256613817301)
(1735,1420,0.02181044455911696)
(774,1013,0.025342976436474207)
(2033,597,0.8175287502048308)
(1538,901,0.8063837054941262)
(315,1293,0.5468364447318174)
(726,114,0.16834746216358798)
(1795,1657,0.3449549273559225)
(2131,1673,0.8045594046443924)
(1770,2424,0.781940131961707)
(1330,1915,0.5708917926703788)
(581,1586,0.7329437154724998)
(1525,538,0.92222421768729)
(1364,1383,0.17795399750389918)
(1181,2363,0.0032268193346496332)
(1248,1212,0.6460952591189694)
(1201,1217,0.5123145148165282)
(767,378,0.7565918932488509)
(950,2114,0.09124619224146235)
(2185,1788,0.009856975250286504)
(1134,1535,0.24933823888605422)
(1523,2500,0.370097730772615)
(1085,1033,0.3391878504305039)
(1748,1421,0.17980208207616566)
(982,1851,0.1797027174248902)
(1317,988,0.8613914939018648)
(1,586,0.20155910478797445)
(1317,924,0.10817880705033767)
(2223,1010,0.5490855575881626)
(1160,1143,0.49848177076055844)
(2399,1890,0.9557064605501756)
(1473,1844,0.5417496627880837)
(1720,1150,0.06663641531141962)
(1146,2088,0.8091234845594025)
(879,1963,0.07077906611040674)
(1267,2044,0.805525200091298)
(764,2135,0.33236159882495286)
(1377,2058,0.5949490071082102)
(1565,2174,0.8761292561737889)
(865,1590,0.1149025389860816)
(2124,1167,0.6278692719301007)
(863,2337,0.7344675108616718)
(1494,1803,0.37425201521208995)
(1598,1389,0.9261114347066765)
(1513,616,0.7075836478078118)
(1602,74,0.5220814503612078)
(1382,1466,0.7569857869361374)
(729,949,0.9839643600751812)
(1144,926,0.48731754806194905)
(639,1762,0.891600921495188)
(1890,2500,0.19047141684398106)
(760,1194,0.2483028297848371)
(2084,1404,0.20192442352698015)
(2068,1167,0.9944638682899656)
(1,244,0.7712634673683013)
(1061,906,0.10274487992392722)
(1055,1479,0.08756154941394645)
(655,2500,0.3805145936497748)
(1283,1299,0.09279968792075577)
(1728,565,0.13253979267118254)
(1774,358,0.15098739672341221)
(406,1873,0.4621441413525388)
(2500,570,0.8927947871068124)
(2318,713,0.4742386709319131)
(2345,1834,0.8340047566971134)
(1252,1,0.02487281706895339)
(1581,504,0.7662728973711587)
(2061,948,0.08267451687521221)
(1878,1340,0.5068310474432383)
(2143,698,0.5600668836691647)
(1770,1701,0.0690272688178788)
(1140,1297,0.2831397819098591)
(2274,2448,0.600135881215793)
(1337,890,0.63106194311617)
(2459,1026,0.692593590590142)
(1720,1162,0.6934600417000868)
(1818,1550,0.0935959842195887)
(1616,2179,0.2401533409558212)
(1414,418,0.42530135958889936)
(275,1116,0.02429191475570014)
(1427,813,0.19609479209245817)
(394,1239,0.03627067943531026)
(2411,2041,0.5678993611904032)
(1123,2151,0.7161192250969508)
(1481,1907,0.5876958743182858)
(584,1092,0.22981433191854672)
(1332,1840,0.020844945754544764)
(2416,2054,0.2835860357082792)
(1123,2500,0.9869753014339702)
(2500,311,0.3696815349679484)
(417,2500,0.5231498853729107)
(1197,904,0.7256675577671714)
(1137,444,0.2827490817088344)
(925,1510,0.7986168306572172)
(952,2099,0.7675639587485795)
(1602,2221,0.08855834973755705)
(1277,753,0.6621929955220193)
(1273,1241,0.6780402129660649)
(685,1037,0.28577801669167846)
(1146,1791,0.812534752541656)
(1849,999,0.7397967096301066)
(1640,1307,0.1236348147334394)
(2186,576,0.4629351478030671)
(1134,819,0.7829666766750041)
(794,2031,0.4005146850973894)
(1797,1866,0.37088164839566906)
(1964,1198,0.8609450190540114)
(1603,1059,0.7139070397739262)
(102,1402,0.27202002549597615)
(1811,1337,0.588835634179529)
(672,965,0.39503620043226984)
(1334,1262,0.7566938990661252)
(1975,568,0.8521947850330633)
(1490,314,0.6324218972133929)
(1573,1760,0.818064839339014)
(1658,335,0.6032263899021629)
(507,1774,0.6369898426265475)
(1135,2159,0.4827701967389777)
(871,1016,0.5648706030520193)
(1460,2455,0.786979054132528)
(1997,700,0.9192522944481698)
(702,1743,0.7559536451196668)
(2436,1285,0.8869053536175876)
(945,1528,0.7779464600486837)
(328,1168,0.1366842270308577)
(1057,1940,0.44497675276677817)
(1564,1860,0.4402606804094449)
(1949,2248,0.221602953401707)
(565,1,0.18154003216924142)
(1275,576,0.14003764170169086)
(407,2240,0.09386566123963269)
(703,1726,0.710900770841302)
(311,484,0.315286958079556)
(1202,1018,0.2739042381247241)
(1514,618,0.6383454039433316)
(2278,762,0.7312351413822976)
(659,1337,0.7364820526189783)
(837,1128,0.5260805881188405)
(1369,934,0.42619336433825916)
(623,1059,0.011661405437676242)
(277,736,0.24031454751072678)
(755,1911,0.582790067126092)
(408,1353,0.7614217288704712)
(566,582,0.9392950860326615)
(1,1346,0.6225332421271355)
(785,494,0.7439328484994499)
(1346,1313,0.08180998180349264)
(759,1023,0.07912629574850394)
(1190,1,0.054602697255827004)
(631,2119,0.034974273481417795)
(314,2159,0.16258587685171566)
(1305,1044,0.30130907360326686)
(953,857,0.2788487807750164)
(1124,954,0.46764424927829784)
(113,2210,0.4691284542793498)
(719,1238,0.14085412658979912)
(393,1370,0.029011873050075576)
(521,1755,0.9835758609523368)
(1618,34,0.612813658601107)
(1002,1,0.17012565000107738)
(1649,865,0.3476615724528709)
(1430,1781,0.1784166147537376)
(1877,1,0.5545531858962426)
(1176,970,0.9001384339536488)
(698,1231,0.7754892010077973)
(49,646,0.9320825487847243)
(1399,2001,0.3507859742235584)
(1004,2253,0.3475370170925669)
(1162,2166,0.2621759674344495)
(1,871,0.5056342530984387)
(1590,1721,0.6203292440403989)
(1338,580,0.8262625358599227)
(1233,1030,0.15522923906604758)
(1421,2500,0.7871896663911878)
(1195,885,0.8874945936208014)
(1436,214,0.28510903712276014)
(1384,1,0.46928325619886824)
(1115,1,0.2849239506855785)
(1210,1401,0.9077413183067807)
(1084,268,0.33626867802299965)
(1639,1805,0.5690682700463848)
(743,1836,0.24747984516504928)
(1330,1510,0.6461716686661384)
(1288,2078,0.1807401441108213)
(62,1008,0.4801798995227087)
(1508,1152,0.07579981533187563)
(2312,1506,0.5019334378124691)
(1697,1765,0.2548028310584114)
(930,1115,0.5731407377338839)
(1826,1377,0.9941546735642667)
(1,1079,0.8689177044542821)
(984,1,0.5764133912164837)
(277,519,0.13944957080424825)
(1692,1985,0.8843421504066299)
(770,1262,0.43113296700474346)
(1112,1820,0.3512717819519787)
(1260,1179,0.6304850862334597)
(283,808,0.3033925953003348)
(1662,1779,0.7177874015313843)
(864,1498,0.6305584787541643)
(1290,964,0.3360530868971485)
(824,498,0.1404675541476903)
(1589,756,0.544923183245608)
(611,1581,0.5358480061171071)
