(582,2100,0.5792794936699908)
(1317,2074,0.45116550526464205)
(1,722,0.9595247812706454)
(33,1608,0.7978483839573035)
(2339,1332,0.3472714121466508)
(1571,1706,0.9687279972490975)
(1,1141,0.6735130183482132)
(1760,1007,0.16292604027968172)
(1062,1944,0.14237386964394028)
(1258,358,0.32336143836929887)
(1042,1589,0.7439876685997603)
(1108,1220,0.47376773846579256)
(1837,1044,0.2264402067405088)
(1051,2500,0.6509978205412086)
(1519,1344,0.403212141584403)
(476,1,0.39961730187656985)
(1349,1457,0.5137388364602107)
(2266,1267,0.035228860311318666)
(1754,2149,0.860705375017787)
(917,1730,0.05701960013861185)
(673,888,0.8289542211485036)
(1765,1213,0.6368084015527394)
(800,954,0.7501041580186368)
(1238,2418,0.343693640989976)
(657,1315,0.4850861305317665)
(1022,1,0.015322044376027577)
(1596,29,0.6550869159448793)
(1820,507,0.0571458216197267)
(1777,1397,0.4166730042367335)
(1910,1142,0.27729082479147227)
(1195,1724,0.19809878115816737)
(1376,1951,0.507793688657634)
(255,1890,0.08431980597169153)
(2500,1760,0.02077942906951158)
(1190,923,0.09891869470445258)
(1020,504,0.8822907297213228)
(1745,1765,0.14279271350131206)
(776,1640,0.496045705615514)
(1954,1350,0.7225320262181502)
(2500,659,0.5053860285193329)
(604,1549,0.028129212260951886)
(1,2293,0.30092388744533116)
(314,390,0.37058661075972466)
(1032,1553,0.921128426657127)
(866,1203,0.9793180034593065)
(1148,1384,0.03376614846439563)
(1839,1414,0.20157407130871274)
(1600,860,0.08499954708079838)
(1135,1328,0.4421114589768288)
(1263,1314,0.9963278562712786)
(1545,490,0.9010467114968689)
(1585,511,0.8440459538707422)
(1482,2069,0.889170346246579)
(2144,1675,0.7785950085413758)
(2219,934,0.4584028796636792)
(1765,734,0.6142010054336421)
(2386,1294,0.23646499694410428)
(907,796,0.9173738112565676)
(1633,391,0.9184457245412314)
(1393,1323,0.7174180359998059)
(1146,1437,0.5078271291734325)
(72,1253,0.35775579586583195)
(1952,1226,0.692204312709062)
(888,1295,0.5163753820143091)
(1952,896,0.8960504529913151)
(226,1453,0.5567936153075684)
(1288,819,0.420180503721997)
(1982,1256,0.8867171942417083)
(1596,1681,0.7985616757603289)
(276,1363,0.4948894617019549)
(848,1720,0.641652311650311)
(818,358,0.8472886657499601)
(1858,886,0.014887753746344656)
(1071,1254,0.9748179885538293)
(280,1008,0.5999089963197172)
(458,407,0.7751721862490873)
(746,975,0.6562868448055685)
(879,1903,0.7938990983636326)
(721,848,0.536727187582852)
(873,877,0.9710809100243244)
(1048,595,0.5226857655064496)
(966,403,0.8137170021788296)
(1349,1681,0.3373009296055457)
(1188,556,0.4529872934395922)
(623,1068,0.5272921875908849)
(1687,852,0.8577219469752195)
(744,1962,0.21868182022835025)
(727,868,0.8982095825241965)
(1373,1144,0.36645100614598514)
(903,1,0.7502352054815243)
(855,1681,0.5086450082701958)
(574,1509,0.26658286930572905)
(715,351,0.9928705087110358)
(705,2108,0.6622829152380096)
(978,358,0.0104776347800003)
(1144,1299,0.5323317459868427)
(1105,394,0.5703344801292132)
(1558,1885,0.7496538870774103)
(1918,1028,0.1910361970086184)
(876,1333,0.14380522733947232)
(2335,1317,0.34886488560742024)
(1376,1765,0.9822970357717198)
(215,890,0.12963891848987152)
(960,1177,0.4557530977415264)
(596,1628,0.11517740945372068)
(1742,1199,0.6558374314106852)
(682,1613,0.026893309802413667)
(1748,1747,0.7973396530272973)
(1318,2268,0.3904576273480289)
(1546,976,0.18059737104101836)
(818,1063,0.902602556131454)
(1939,1694,0.20403054800120768)
(1686,1876,0.398482718308213)
(693,1429,0.3405221985694076)
(1001,1073,0.6545129466681068)
(1731,1927,0.415861952495006)
(945,2010,0.6364501834867211)
(1441,1388,0.763765253291068)
(1317,1,0.6607177728971364)
(2181,1502,0.7358275622357364)
(522,1694,0.17778639209227254)
(694,656,0.8184369142617968)
(1252,1026,0.8909370899038351)
(710,2055,0.5991275978052365)
(84,626,0.30136645114711114)
(1464,894,0.7050200074672089)
(842,698,0.3406098143695593)
(953,1003,0.7759755759258379)
(1374,2373,0.5016803183454651)
(1395,2199,0.9633088853595132)
(696,1206,0.29894577392498756)
(1276,311,0.7778943483452198)
(438,1820,0.9869607030254899)
(2488,1602,0.5992668717940255)
(539,1283,0.09968421518690052)
(2216,981,0.35044403235674293)
(1561,1727,0.5276145751736643)
(293,2133,0.186451287662733)
(1003,1327,0.28362025831710336)
(1169,2500,0.16867913887426556)
(2060,249,0.1622967694378451)
(2063,1598,0.4570611754023173)
(1805,384,0.03349935105419366)
(904,482,0.04683556546796808)
(1314,24,0.4521735026090342)
(1282,1544,0.014457446304295574)
(356,1231,0.6438014161468466)
(1428,1447,0.8810226521989778)
(744,713,0.08861588542554788)
(1594,1308,0.41196178906265757)
(673,901,0.4074833625084745)
(149,1,0.948196405478133)
(1351,829,0.9876642322763312)
(2017,992,0.08081257696220923)
(1566,394,0.6047712652500645)
(905,94,0.33219756940617706)
(1016,1568,0.4033450476152085)
(965,517,0.9831830441583916)
(346,207,0.6199819896498545)
(1337,864,0.7531320821981247)
(890,1259,0.11637152981365995)
(2132,397,0.061078235704944306)
(1403,129,0.6246392653541895)
(2039,2061,0.20958423043944985)
(1736,365,0.4424812372747232)
(1167,942,0.707389669991095)
(1434,926,0.6072104911320448)
(1154,1758,0.1440428940328301)
(2041,662,0.4944309454634681)
(1670,968,0.9652177267563395)
(1291,1451,0.032989248468132004)
(479,1017,0.02894924479801031)
(1354,179,0.3253040439447671)
(1687,2141,0.8344438697075282)
(1559,417,0.9405561723940554)
(677,691,0.5027682567545527)
(1167,1065,0.7029742231602334)
(1302,1688,0.6780306794822656)
(1648,812,0.6940380385511118)
(57,1648,0.9251617734715256)
(744,1097,0.5101120225299746)
(788,733,0.6897796636540945)
(1142,1720,0.24476117869194092)
(955,1555,0.6290610996229644)
(2136,410,0.782518616940509)
(2451,953,0.5360895543323038)
(897,2231,0.7362457466565653)
(139,743,0.5522621282539705)
(68,692,0.07869439806283207)
(1859,2500,0.5362355205954951)
(682,763,0.18898036227256498)
(1973,757,0.03782289405351347)
(1621,1603,0.38155080786892526)
(853,689,0.8064385466156256)
(2264,659,0.953447129760285)
(2309,1226,0.0936955839376008)
(1379,1044,0.539863492867975)
(589,935,0.5551949112407535)
(206,1453,0.1978109692546265)
(1152,1199,0.6031312215052936)
(407,1336,0.2141200356682338)
(728,1537,0.18761486847969078)
(1793,1114,0.6526367644983577)
(1390,1806,0.11174149219830753)
(877,1579,0.4380915214738208)
(1723,2064,0.7635002584965168)
(1274,1142,0.895050664099251)
(940,353,0.07004809176977356)
(2145,996,0.07444984546784805)
(2132,1319,0.6758410332066608)
(755,1163,0.003468260106649357)
(1510,15,0.9699117900816232)
(1660,2500,0.6123909562925454)
(930,1489,0.8652626891681862)
(1,2434,0.25188829470769025)
(395,1042,0.6743178926956317)
(1181,1434,0.09066737678105818)
(1488,1195,0.4341821302836868)
(1565,1416,0.7232219498209007)
(1434,1017,0.9236924222234788)
(1955,1431,0.5103697191674224)
(543,1847,0.8157587057059988)
(573,960,0.0425411781066809)
(1958,276,0.21490038024373193)
(1398,1380,0.7582619837575548)
(543,1746,0.4616442069244946)
(1493,1137,0.4383670167925704)
(567,1853,0.21418903577627335)
(1,530,0.2978434154872318)
(889,893,0.2567186033342189)
(1,1150,0.07441156646055491)
(1007,1403,0.522232098690267)
(705,1640,0.02759969698387532)
(943,1797,0.26427963777797303)
(1045,963,0.12216952448412444)
(1127,1841,0.548869801937551)
(966,551,0.553435166417658)
(1762,750,0.605794448749661)
(635,1685,0.022447441416760694)
(1773,1156,0.9330856821189305)
(1518,1430,0.9235121712112436)
(1,249,0.9445054187634833)
(953,712,0.17054748800035224)
(763,902,0.3807665444214763)
(945,913,0.1370733087696363)
(539,916,0.505120815358639)
(393,1616,0.4804930920825702)
(1705,2319,0.9162407379495479)
(1141,1310,0.6536527985580389)
(2171,1487,0.45805566501622097)
(590,1712,0.19371647058534558)
(760,1421,0.8196433559546363)
(1289,1280,0.5413303306462387)
(936,2191,0.9830092358295786)
(1944,1773,0.9126159833449903)
(1484,1467,0.6239213924363739)
(1192,1226,0.4270650377733817)
(1261,831,0.6761516342209529)
(1841,570,0.7636092780608801)
(928,1648,0.42974367123736956)
(1533,1214,0.7976989114239399)
(1176,1822,0.28534072698227897)
(1121,640,0.5026473674009814)
(667,759,0.673428664648819)
(2394,1824,0.08917214709698118)
(1898,838,0.21136413664970488)
(1696,1346,0.2168714248132464)
(2102,1095,0.0762653042639384)
(746,619,0.679015327897073)
(1522,2235,0.114297112327302)
(1913,2193,0.7885692143232439)
(1776,1518,0.6633142332905666)
(1436,2489,0.06662281508428591)
(548,393,0.010132033564180243)
(1289,2500,0.2917136484899916)
(2500,1941,0.9306165202153838)
(1939,970,0.23069367617716618)
(1605,1289,0.8908986132215357)
(2349,2044,0.6131669733792139)
(1607,1541,0.19630395661323885)
(624,2500,0.21381819580209238)
(898,1614,0.7221366816183592)
(1905,1386,0.34664776517420526)
(1363,1432,0.24491573096411834)
(1453,2121,0.6364928704115966)
(1761,1018,0.8746195302016128)
(1202,2075,0.9375512722625899)
(2106,1378,0.17360837165193221)
(1214,1900,0.9967780308775642)
(1377,1754,0.35634695793135107)
(1579,858,0.5249127255197313)
(343,942,0.7726335392102172)
(2304,1019,0.20724023906772238)
(903,1184,0.5215538389589058)
(1447,1118,0.6001286648762811)
(1533,1488,0.24360355543942802)
(861,266,0.003320837861540471)
(1616,1361,0.2053996328557689)
(2460,801,0.2089490048591286)
(1091,2195,0.8495407042631956)
(259,2074,0.15207304297981683)
(2283,1665,0.15798285628001163)
(1303,784,0.5405088326552038)
(708,436,0.4930050248599409)
(1515,645,0.065966542682244)
(2103,1773,0.7973492135714623)
(275,2045,0.9261932987501269)
(2457,711,0.2649357624130251)
(309,1167,0.9309526612425655)
(1,15,0.9919291946774398)
(598,1533,0.7854504217950296)
(114,1369,0.4693116274255992)
(1988,2191,0.2097036536305733)
(1510,805,0.8444630628242739)
(1062,236,0.7826281623268799)
(669,2447,0.6235989344931202)
(592,805,0.08431303027797332)
(1566,2195,0.9213103606578098)
(1134,1917,0.38486633310266527)
(1169,2476,0.024317063480318146)
(1784,818,0.1366534185596452)
(373,1241,0.24417265858351378)
(1020,902,0.2667137725784674)
(1244,1851,0.49223987868188457)
(2500,1207,0.561162772369399)
(1258,556,0.9112753482079788)
(1073,2237,0.5980337553839639)
(610,873,0.999128794185917)
(2310,492,0.6830086510879777)
(1355,741,0.13314606474625568)
(1260,2225,0.24641036011585604)
(1246,591,0.13531530386778212)
(226,584,0.12080634254781963)
(877,801,0.4542339844618499)
(1428,1392,0.5807751925927807)
(1117,1345,0.4490716677805322)
(1178,226,0.5465306034764178)
(1749,1189,0.9813877965658896)
(886,1299,0.02075052972894631)
(726,1224,0.40781964786149527)
(1174,1330,0.5537743640799638)
(717,688,0.9230671183087777)
(1498,1608,0.3414930894889927)
(867,1797,0.08817214485009706)
(1139,1,0.7066854623487593)
(1710,1040,0.1667949678267584)
(409,1900,0.6076745362055311)
(1534,1805,0.2915973616788464)
(1109,1650,0.4572737080073397)
(1633,837,0.12156292398070911)
(1,1777,0.7667525047161097)
(1019,1242,0.8724856107822524)
(1011,1878,0.8824730632896973)
(1287,934,0.009092350698616025)
(1370,1372,0.4644596786539812)
(1082,1500,0.1102033389226017)
(80,521,0.6650275018693587)
(1128,1450,0.18394573233097533)
(715,1099,0.21206775216314444)
(1435,1363,0.8318695477906051)
(1198,1549,0.7743695816285632)
(1693,627,0.3147339638260309)
(725,1579,0.37052000711281663)
(355,2416,0.4900943698870788)
(2294,1460,0.7658856160556409)
(1084,606,0.26035459556792295)
(1664,297,0.6899308265854377)
(2402,1736,0.5437553634787378)
(683,211,0.08094626283387563)
(2500,1222,0.2867006371456392)
(852,1835,0.7264303566209338)
(1093,1050,0.4180457607620385)
(1305,874,0.08460787281074444)
(1361,1921,0.9479918477903774)
(1701,1844,0.24238765983620314)
(1048,1460,0.9900652935854843)
(1585,1623,0.33176173976114365)
(1,1437,0.5092213748718019)
(1325,1211,0.22572852717475478)
(567,1954,0.6307256013522532)
(1252,2334,0.6412296786493146)
(1296,164,0.6945762496044444)
(641,2109,0.7858758111209809)
(658,1926,0.2702693942767159)
(1319,877,0.7743959290692443)
(1447,1350,0.989701905574354)
(899,1867,0.01757859626320435)
(1088,2021,0.5017292805872136)
(861,1544,0.22812967136135165)
(1380,1851,0.7321447303143173)
(1916,1318,0.39421960121221267)
(1255,1492,0.10432098338110063)
(1242,1595,0.34649632392015084)
(2355,1827,0.17460905535097804)
(729,926,0.3492933266709022)
(1289,1032,0.7501774695521113)
(626,2486,0.7142189958168723)
(1665,856,0.9218269394650572)
(730,801,0.7772745045770959)
(1327,1741,0.5208374496024697)
(1631,1266,0.9803824830326342)
(1719,1010,0.85572055583312)
(1326,1634,0.8633463846713785)
(2500,721,0.33915260363060007)
(1398,899,0.13085711594879346)
(1153,647,0.2929841058167264)
(1057,1192,0.32403641372777114)
(852,1526,0.6901580784579148)
(1385,1391,0.9730771069948762)
(1,1410,0.9587230595679438)
(869,1236,0.5782978892135321)
(650,314,0.9072605926574845)
(352,1684,0.13544924040952944)
(1,1398,0.2528449995080847)
(1025,1910,0.44668219184512425)
(101,2500,0.34489540907730853)
(1718,333,0.37864929738971886)
(1190,1617,0.6920790017239286)
(1724,841,0.48214350039630605)
(103,708,0.7855004672790463)
(1583,1329,0.06663596993170329)
(1767,1843,0.33265552417027555)
(462,1364,0.939737245343767)
(908,877,0.43285203657087)
(868,1106,0.7103732932617893)
(86,278,0.30162131536170844)
(1371,1392,0.49177920790288365)
(275,2026,0.3333043895510879)
(2253,889,0.9454089305423776)
(924,955,0.0473923489116328)
(1096,1720,0.15668101423726066)
(1647,1441,0.722223689316069)
(1509,954,0.3159020851100448)
(830,357,0.08977916610283498)
(2313,2000,0.17317886151770623)
(474,1763,0.7539545700302939)
(1873,683,0.05195896092334584)
(1613,1265,0.997604332112486)
(976,486,0.5793629224858864)
(913,1573,0.060236481410752885)
(1978,2195,0.3707184884183081)
(1862,1769,0.7804577141822381)
(531,1443,0.42609549310319017)
(298,1571,0.06560545639252213)
(556,2072,0.9836766273920838)
(2500,1818,0.5155999965229364)
(727,753,0.6748492724656937)
(137,752,0.4677891182594103)
(1386,613,0.8556835783563707)
(1244,836,0.12037749845567958)
(1489,1058,0.4455840970990046)
(2500,1185,0.9435749484188234)
(695,1789,0.6820179568872595)
(868,1408,0.7690488197853877)
(1803,2267,0.4893996828306978)
(1079,2064,0.44571615460999336)
(727,1010,0.8774904852248802)
(1723,1549,0.6783845783837881)
(1426,1920,0.3989945844262718)
(1201,1724,0.6507887695790716)
(2117,780,0.05578404574053941)
(660,1336,0.9748178902244582)
(735,1284,0.5763270530792247)
(1,528,0.5779196851412494)
(1399,825,0.7240271908102824)
(2142,91,0.6976364563271945)
(1259,1920,0.9277226499221901)
(1597,1392,0.6950874105433982)
(1089,100,0.802598667324217)
(1909,917,0.3877139649389918)
(2006,1928,0.5981118304599938)
(573,723,0.8411088743805364)
(59,1528,0.016106653594798015)
(1,398,0.950031192845626)
(2092,1457,0.4530418894927781)
(1388,1348,0.3609129018315771)
(1036,835,0.22025123229059718)
(1038,77,0.7370722295123248)
(850,1,0.23882295772537832)
(843,2043,0.5402145416169122)
(1433,1541,0.2915191832994841)
(2363,876,0.7068813917891527)
(1473,2486,0.40724143624001696)
(2117,1759,0.4710884610499838)
(1,691,0.3774096328336556)
(1,1015,0.6633345349434722)
(2461,2500,0.8398782018844645)
(1480,1167,0.23701863055863592)
(413,2038,0.9225298485992267)
(1210,680,0.3225159354224948)
(664,196,0.20710602471086725)
(798,1458,0.3079273423732849)
(1212,734,0.35269382965724805)
(1061,2023,0.3975769853736737)
(806,1046,0.2279330279658447)
(1378,870,0.30937776294010233)
(1362,1373,0.9309326806809101)
(1823,701,0.9016424665470293)
(437,1907,0.2691785248622758)
(2381,2342,0.6409441216490745)
(1682,2500,0.7085319713362139)
(1033,1630,0.7160253078396233)
(1177,720,0.2130106750425057)
(488,1683,0.9323957757902216)
(2164,1168,0.1647757538406074)
(1937,1148,0.18632454114148256)
(1467,1330,0.09964520951983824)
(1337,1453,0.1147639874135441)
(223,694,0.5426595572196345)
(1953,1503,0.0168503989574168)
(1994,1579,0.33779085972738343)
(1011,2368,0.21439192004694785)
(1842,1592,0.7421934349970059)
(1266,993,0.9231060237328806)
(1145,1572,0.8349316315741443)
(158,449,0.2550341186760935)
(1518,973,0.7512124860001643)
(1940,2500,0.23206504674095596)
(650,1592,0.5740068829308143)
(2153,747,0.6177084863214719)
(1078,1740,0.9516696952910808)
(129,1503,0.06851736455629764)
(1158,396,0.021371195470699655)
(1209,932,0.43840450450471347)
(875,934,0.023705789596512705)
(323,935,0.3986325638293634)
(543,464,0.7991216363563385)
(1253,1260,0.1688333204450425)
(59,1040,0.4667303704351343)
(1591,809,0.5056254265168112)
(1114,891,0.7839111230249818)
(1639,1219,0.06917417555164174)
(628,610,0.40737404955923673)
(2312,2314,0.26072618691166727)
(457,976,0.13530027252569488)
(1071,1447,0.8123135130699959)
(2111,1672,0.3227589597921916)
(94,640,0.9186135757316906)
(1024,1130,0.7208418918456194)
(749,1153,0.46916646630791214)
(1485,1299,0.4883206000216388)
(1166,1629,0.16402420476750934)
(200,344,0.7013389628639695)
(880,1098,0.07650862990277907)
(329,1574,0.7752631812656314)
(1247,1631,0.9271130420523908)
(1446,1479,0.4185781680400008)
(1474,2011,0.24705346071487533)
(1083,1587,0.6309824408427123)
(1508,2022,0.8110116376362524)
(1696,2163,0.3334553996648295)
(2043,645,0.5190276438125173)
(1234,952,0.34787474893910786)
(1169,1047,0.7804506157786217)
(673,1496,0.7696540364541099)
(1738,393,0.01227400101148779)
(626,1154,0.3439386960599936)
(1986,1333,0.6243099675654609)
(1161,1670,0.706033702834986)
(1715,430,0.25630767700618584)
(1318,969,0.4434547990145121)
(2074,1182,0.3952986409958015)
(1223,2039,0.7517587389301769)
(1066,1046,0.23650356318131416)
(1509,1288,0.3830680618622192)
(1130,1338,0.0990919957931542)
(1209,574,0.5293723338773778)
(315,2038,0.76879220975153)
(2091,1955,0.3765275248190735)
(1564,2500,0.06405037987239348)
(1980,1564,0.155934391317615)
(952,1220,0.488048697098451)
(1051,730,0.8351915482921188)
(273,1301,0.07043412739477595)
(96,569,0.0017742643935442226)
(1354,968,0.5671555461433752)
(1664,2062,0.9827333121974816)
(1196,1345,0.0867609792794205)
(757,869,0.20159327099143176)
(991,1441,0.22538060263812165)
(839,446,0.9781413063383185)
(1883,992,0.9445165548244087)
(1819,1,0.7186629232552959)
(2317,2068,0.2813664872765005)
(1916,2432,0.4066818722150548)
(2000,884,0.6561117135287989)
(826,901,0.3708852893564516)
(1985,1852,0.566529222296069)
(933,1053,0.9463416689914109)
(1,1789,0.3167872488600191)
(1316,9,0.07081230513714154)
(1235,137,0.8026510770844546)
(1892,1380,0.13870936673824152)
(2500,2206,0.47159788665354074)
(1258,1093,0.2961199386483312)
(624,1,0.509293879946566)
(1246,1182,0.4375619497613231)
(656,906,0.8909883474995924)
(961,329,0.3130394295738943)
(1940,1369,0.16844491939110906)
(1288,739,0.20843015920849117)
(1704,846,0.6202716148083489)
(1105,890,0.25197729192393514)
(1905,1503,0.8861612696653992)
(1019,1977,0.2247594551356905)
(1099,1,0.5386496550283272)
(1340,213,0.040265241993574175)
(1127,2500,0.6884454248905573)
(17,1,0.03475259909430428)
(419,966,0.4431983325371244)
(2018,1504,0.7958076775535606)
(598,1218,0.31952321207389023)
(653,991,0.14649572083832463)
(942,1441,0.7611245853648936)
(1372,1192,0.6570318101560846)
(1858,2120,0.555207378335839)
(623,1040,0.5682094092452167)
(1545,310,0.7522506702327344)
(390,1351,0.2598286456179397)
(1572,2500,0.8808186611355656)
(1370,1216,0.042373851418631925)
(1405,1785,0.646885384020663)
(1743,1999,0.09328354937905659)
(992,1196,0.35784759975961555)
(1298,1824,0.40367547034644424)
(1,834,0.7785713057040632)
(1001,2205,0.5156994404528115)
(270,1250,0.8032423166484854)
(1298,1157,0.7827050810815723)
(1390,1628,0.6099915107456363)
(2500,2142,0.7746359767837796)
(545,2500,0.9329760827399317)
(1387,395,0.7231337271281988)
(1401,977,0.5966199116893427)
(886,1225,0.5987850410359568)
(303,1579,0.5689071769347893)
(1127,409,0.9215689959563591)
(2500,1050,0.09317734438676939)
(1932,2078,0.9048316736010311)
(1534,146,0.3587250880697803)
(1091,343,0.08380713874247303)
(1064,1492,0.05833363372754963)
(829,1523,0.38297559765007516)
(1286,931,0.3680904754545543)
(2009,2045,0.7809597393340694)
(496,512,0.3876514502299715)
(2107,831,0.773101535737418)
(1218,723,0.5510547890527147)
(1469,1486,0.9951163421120229)
(1850,1219,0.4875318398772237)
(2500,1633,0.49981052727591724)
(1569,2010,0.5944240787064378)
(941,1518,0.809320554499191)
(841,805,0.7037547813115904)
(1775,1548,0.9792163762246217)
(2150,1924,0.9568497315735627)
(1315,1740,0.04229482876184265)
(1157,1551,0.5996804600291606)
(820,623,0.953950272515352)
(1997,1260,0.6717637695485028)
(1376,1211,0.8933941006768046)
(643,598,0.7830176806617154)
(1548,1048,0.5163950966380425)
(1768,921,0.19607043307368588)
(1225,2318,0.49119490590876347)
(1621,1132,0.6055125140006637)
(791,596,0.3970450254173844)
(1869,1191,0.09510576980232133)
(359,568,0.36832934145949936)
(841,1,0.32279539288285497)
(858,678,0.949794938663222)
(1292,1587,0.6111493494544593)
(1410,594,0.10053225282913314)
(1415,1105,0.5054312488699175)
(1204,1031,0.21489430589822278)
(960,1485,0.8137655092538709)
(1538,1322,0.6463524781821257)
(1530,1389,0.9698932510127797)
(1136,717,0.7145116652282482)
(1434,366,0.8912390096174153)
(1573,2397,0.004118219947656487)
(2146,1266,0.012275559281567539)
(1509,371,0.8445650418869561)
(1519,1803,0.7277483713312151)
(327,1256,0.5506455612473644)
(632,1619,0.038222175457829244)
(1215,1050,0.3755161970551335)
(724,1,0.9027041073157046)
(2028,1426,0.6166487965355194)
(1318,1344,0.21329289504022608)
(1,1989,0.23774749440236764)
(423,13,0.7072276326567463)
(1398,1101,0.8297468134870105)
(2150,253,0.5536542657200612)
(728,2500,0.9762284264091117)
(1762,917,0.7929985193919222)
(1081,1205,0.9080617185171661)
(640,1504,0.900573537835887)
(903,1494,0.20217901056049126)
(1565,1460,0.29781311553485157)
(611,979,0.1814789468435003)
(1104,1117,0.7651561481919258)
(1255,1296,0.7927149285020471)
(1636,2367,0.8402829483237528)
(556,609,0.3617507751647634)
(1044,929,0.6154210540941034)
(1518,176,0.3033286977441686)
(213,1602,0.6646900020747437)
(782,1145,0.8009541071881033)
(1574,1001,0.6124295914619687)
(1589,2405,0.9135774277948985)
(2356,838,0.7000607131180899)
(731,161,0.4986367410723097)
(2005,1294,0.6009436754342062)
(1191,1933,0.5565010211623166)
(2112,1039,0.922285184705351)
(957,1355,0.5285579527762252)
(607,1130,0.8870567926462721)
(500,2079,0.27626582875760675)
(1382,2291,0.7022324313267206)
(993,2387,0.11385338056254346)
(1839,1835,0.60936997966625)
(1589,1830,0.48467671059560713)
(1057,1,0.9352468382503416)
(1258,1605,0.6933539774445207)
(1338,1282,0.05195925890515751)
(1294,2236,0.7409838952596142)
(1113,622,0.07684628596839338)
(1306,1,0.2357599388748045)
(914,838,0.722503467508795)
(889,1911,0.9715869648804184)
(2237,1737,0.28732387606323617)
(1848,1153,0.19961529914225296)
(1407,1010,0.15375660030904137)
(1027,849,0.4191470391083182)
(1733,780,0.4295944559658904)
(616,602,0.40324547376227216)
(1357,1776,0.5605753124060533)
(2099,429,0.6074370180878393)
(2500,987,0.13045738206149793)
(1415,872,0.5873344411513055)
(796,1358,0.20956708855395056)
(349,1124,0.18620943257336064)
(376,1053,0.5180781937444288)
(1163,866,0.32358273120413195)
(1013,1895,0.8989216765429106)
(1734,1706,0.01386536424753082)
(884,1513,0.23247525204704245)
(1071,1342,0.1800177480230606)
(328,485,0.5879953612556713)
(1,1431,0.02993288553142226)
(581,1365,0.3989457905705647)
(711,1070,0.07580118444359307)
(733,296,0.5192343322259355)
(1222,481,0.20554114987780414)
(1948,1283,0.9392025908331504)
(811,255,0.14979466247557927)
(1,1484,0.15392378612529567)
(1139,885,0.5506752674132781)
(1236,872,0.20977929620857338)
(1442,1958,0.9247810562394929)
(1672,2500,0.4363796623804378)
(1010,1715,0.1257035279344899)
(1450,2139,0.5775952526085644)
(1057,504,0.3121280348508382)
(2093,1539,0.18315398115543213)
(1394,2023,0.2123126202936514)
(1403,1774,0.7967567329999606)
(1758,915,0.8114148000294081)
(1568,1209,0.41049885321502155)
(1069,1699,0.9937878407215648)
(815,1275,0.6120977605149904)
(343,1159,0.9052586196354175)
(1292,471,0.3881220630397113)
(987,504,0.32492602945872373)
(1720,1570,0.28726901650039705)
(1590,1103,0.45746948467760873)
(1135,1978,0.015686444132124278)
(385,2154,0.3570008136322418)
(1742,1510,0.1950494688975689)
(1184,2500,0.5955766977730702)
(1034,2360,0.5433875528655145)
(2367,1295,0.347177359772631)
(1085,1451,0.2961295970871891)
(945,691,0.4968404042363411)
(904,745,0.8230422598566915)
(1654,1128,0.6810244423322872)
(2297,1453,0.24878111294830252)
(2500,1291,0.8036015508759244)
(1505,872,0.23394870199120144)
(1415,1092,0.06343257857935436)
(1447,1895,0.31714708674854264)
(522,1649,0.2580232992042032)
(598,478,0.963673757151165)
(1702,743,0.9910864950425898)
(1376,690,0.376067051796113)
(1234,93,0.3509840577417811)
(1715,1779,0.13449824242632813)
(729,1329,0.06572406423480015)
(1396,1291,0.0998289115109191)
(1024,2294,0.28361028814497924)
(580,1442,0.9992886013267621)
(1895,1367,0.4459253434080147)
(2043,1232,0.200290904684728)
(966,1234,0.5106625900886236)
(1612,440,0.08516617860463926)
(1844,532,0.13849478975399176)
(1660,702,0.34336280660443164)
(2442,1364,0.7558218896844995)
(1079,640,0.874153604257241)
(1879,1406,0.8276095403325374)
(1450,1994,0.2849610648238833)
(1259,6,0.2700584278047693)
(2131,1385,0.9390574525014874)
(1664,632,0.798434538020569)
(790,1500,0.32345704288021937)
(2032,641,0.18056828452517137)
(502,969,0.42471318103921685)
(1409,838,0.37653585863587835)
(1461,2360,0.2790084944680695)
(261,1204,0.35746610600970397)
(1318,2131,0.9212580089934491)
(818,1503,0.4355830738774854)
(498,1020,0.7331269297739772)
(1748,1052,0.6272018153602493)
(1660,2206,0.36935740657618055)
(574,2500,0.6864216143288383)
(218,855,0.5400444946223237)
(608,1244,0.9853992104124473)
(1036,1354,0.630432917395679)
(1380,973,0.8305875623790935)
(1171,801,0.5292748666119775)
(639,1377,0.9663329506915705)
(800,939,0.21527231064463026)
(796,1678,0.598474450565244)
(935,876,0.0455902501100679)
(1355,269,0.18181462942488047)
(1347,1238,0.1404903206217183)
(630,1257,0.07687615493302702)
(1466,811,0.770537456320229)
(2241,818,0.5735746518487679)
(520,717,0.2754401320017692)
(1263,928,0.9290969896739962)
(1970,253,0.08459394763073369)
(1013,555,0.8757532453345795)
(1910,182,0.5842823725797301)
(768,109,0.060768000188348714)
(966,1492,0.273747458236542)
(905,1160,0.7285286604262319)
(1754,1559,0.09971702124963966)
(313,1437,0.37172775820425485)
(1194,673,0.4434948135115033)
(1946,1292,0.9742366876836767)
(876,1261,0.9565870752280944)
(2038,1218,0.2333408912577769)
(1833,2272,0.4202986867174697)
(936,367,0.10653921953460399)
(913,2073,0.7858835913702997)
(670,916,0.16453458008063837)
(1343,1729,0.4721363839485905)
(825,1811,0.48736865307255794)
(1303,460,0.07306501627596385)
(2377,1230,0.4258892811231253)
(2201,1020,0.8832787986428163)
(1020,770,0.5514481272309544)
(1215,998,0.5408696980611942)
(1810,1201,0.6197678592907833)
(1986,2418,0.7509132080176454)
(468,2141,0.20236317829525297)
(2185,1467,0.29196793877976523)
(1643,2128,0.08342735647694532)
(848,1455,0.836673826250459)
(203,1267,0.5948615694685253)
(1245,258,0.03808519312828662)
(257,176,0.35256878374091594)
(770,820,0.8846814374290847)
(906,1296,0.4547941116476213)
(959,1268,0.9750573193762835)
(1069,492,0.4332719474021709)
(1293,1280,0.32943763420814043)
(1384,1688,0.24753245274809343)
(158,2006,0.8738935197079424)
(1987,1778,0.04643251071734422)
(1098,1119,0.3852411869898611)
(1428,101,0.7407581166651251)
(628,1145,0.9170454603029561)
(1519,2259,0.8720271156871409)
(1579,903,0.44875069390806765)
(1091,1656,0.15248342878996357)
(260,149,0.36081452126014646)
(904,1951,0.9991129569001385)
(1568,2500,0.07728089638444802)
(377,1359,0.6109590962346968)
(2019,1927,0.017564529505145865)
(847,2500,0.5961059772149847)
(2113,1298,0.8104287792680565)
(1,579,0.8738117483951584)
(1280,2405,0.2828861642438294)
(977,91,0.8817366991091786)
(346,1828,0.7320327523095839)
(1067,1602,0.6520894735229827)
(1290,532,0.8576521955766111)
(1483,2104,0.10197124185831963)
(1104,1179,0.6881537058259688)
(2110,1074,0.5267019111598569)
(1669,594,0.5864514162083097)
(983,1223,0.45983749577230193)
(227,2204,0.5348421985591153)
(1221,919,0.3803670889890688)
(1836,1577,0.9743448218541948)
(1810,1148,0.2122043643931809)
(1,629,0.6664637857844672)
(619,1750,0.9045802967267212)
(2051,2487,0.28705206066764477)
(837,1379,0.9865964420156674)
(1416,1821,0.4362907791962599)
(1319,574,0.2486756960481935)
(1199,901,0.5426756181817123)
(896,1506,0.5568846488923549)
(1528,12,0.46934013106030636)
(1380,2437,0.26741262135105714)
(588,1092,0.16196479855516444)
(1173,1354,0.527588780020064)
(487,960,0.8644090095589713)
(724,2453,0.6088024986842852)
(286,1676,0.4004563124956163)
(1142,1125,0.9484042937076501)
(516,605,0.35285603185463454)
(1670,501,0.3561704660758436)
(1748,1165,0.9880085615133589)
(879,1792,0.5241063081414541)
(1084,1747,0.2368429616664871)
(1936,2500,0.28297187645160926)
(1843,1247,0.14568425214731817)
(1671,1319,0.952035094987786)
(1247,1623,0.16013730021341566)
(2015,1017,0.38646175534859806)
(961,841,0.34441371001587306)
(509,922,0.7554661575910688)
(929,1768,0.6526352719135982)
(748,447,0.9452348531394117)
(1083,969,0.9924440882748499)
(1,951,0.6541693881812604)
(1911,776,0.1638047768535249)
(645,1037,0.694037115008301)
(2207,1125,0.15403944800511493)
(1792,2210,0.9283913890417992)
(613,1443,0.9698979794327574)
(1809,846,0.14928176748059252)
(662,1724,0.1779431156152843)
(1407,1330,0.18063002966740593)
(1,413,0.5987563849199108)
(130,733,0.5132822715169697)
(1134,1418,0.5904562630006591)
(1655,2491,0.8313608674687852)
(1915,1172,0.09547614682062366)
(657,1018,0.6483906863282498)
(1334,1,0.6354221363538471)
(901,1222,0.1506827667104017)
(725,1791,0.45710090747961607)
(1127,567,0.26870973355572003)
(2080,1940,0.7365881801329347)
(1602,831,0.0346381530472476)
(1154,563,0.560846666865363)
(1703,827,0.9514413863942828)
(2325,1364,0.5712701623209122)
(1079,1149,0.47472054705985134)
(1781,961,0.7673151078764572)
(814,1694,0.6377676448826812)
(1627,1859,0.4012329992474645)
(1293,2027,0.23012274366609553)
(2181,1,0.8053484684395343)
(760,919,0.27737166744634967)
(1482,1351,0.1746017046324615)
(1514,1655,0.45142515241934666)
(974,1175,0.23139566798901146)
(1621,1397,0.3305404675743563)
(967,824,0.4599006127989641)
(394,967,0.9416131958004977)
(1346,1141,0.4276171392765947)
(346,1462,0.3378968778301663)
(1080,2304,0.5018904887414954)
(533,1761,0.9612260110763731)
(1076,888,0.21217198956333294)
(1575,1239,0.6499457093353322)
(932,253,0.5214811132672278)
(905,1651,0.04491012340943512)
(1803,1,0.12861154305519884)
(1137,1691,0.016482365666757204)
(1,1261,0.2217942727225194)
(1159,2500,0.22264923005398174)
(1903,1300,0.08614085592642651)
(593,1130,0.5662230962818681)
(2007,1641,0.13534154751114558)
(649,796,0.09968376747664132)
(1326,444,0.5017373789118088)
(1268,902,0.6677236071271566)
