(1047,596,0.9349617251235992)
(1177,1324,0.5359991954507152)
(827,544,0.6274527529294428)
(1107,867,0.1252567651810479)
(668,1872,0.9170749540929574)
(1112,316,0.270953447706064)
(2150,1957,0.8288266757714969)
(1509,1818,0.08956132425398888)
(793,1112,0.6174925103374527)
(1174,1482,0.8829788812780262)
(1587,155,0.2929023041903148)
(1590,1474,0.6406761010041767)
(580,1039,0.4405404264630014)
(1114,1,0.31092585544498563)
(1271,1490,0.14870783613489102)
(1,1240,0.2262638414280851)
(1656,944,0.7235622423237603)
(561,1,0.777847800645804)
(853,1190,0.12755556983166916)
(1,157,0.9914142112854265)
(1433,959,0.23498682198685106)
(670,1957,0.9964621966150307)
(1469,951,0.14215009191697692)
(406,1886,0.4920083052985781)
(495,603,0.9652098362375265)
(476,1455,0.7165538730918125)
(606,1654,0.4754892579707355)
(655,1332,0.06813571832959564)
(429,1529,0.14383544139730786)
(1134,2500,0.7414589783352324)
(519,483,0.25099390882494743)
(1315,1631,0.21459366048962403)
(1113,612,0.26462267871204803)
(1083,1114,0.9314664755732442)
(93,893,0.2568402559049475)
(1097,426,0.9576949207463243)
(1553,1069,0.69436729306528)
(1432,1034,0.5129423116926166)
(1065,381,0.6600251998346637)
(895,1365,0.8192589239032858)
(1929,1528,0.38693991432857433)
(890,1017,0.589207649688933)
(942,1131,0.40475911207546256)
(446,1293,0.17578154215665776)
(880,649,0.10249199455776936)
(1829,589,0.5504926215642818)
(1,445,0.027457163828734532)
(833,2165,0.6141041846415587)
(2201,851,0.6899977581162777)
(1522,1018,0.6912891738005085)
(2440,1200,0.11307042738033413)
(795,1,0.9530253923617895)
(1108,787,0.5053046431610864)
(1410,1453,0.4534956084877396)
(1173,1746,0.4085330250166065)
(975,1008,0.18155397029544906)
(502,2064,0.14396321722485317)
(1580,863,0.3614736114325512)
(566,145,0.8193824051333006)
(48,691,0.8493546563282051)
(2463,697,0.6894033136925051)
(1576,1603,0.6730738194318819)
(1214,843,0.5792177408158123)
(870,2377,0.04761473223190338)
(441,283,0.8011695605215551)
(1269,2500,0.40211294475017334)
(950,1000,0.20815994191405884)
(740,1418,0.013384557460219937)
(1840,291,0.04283347701658591)
(1534,1133,0.30275463141791803)
(1968,1406,0.8163207033410748)
(2500,1269,0.23555050799478694)
(1715,2202,0.7010141597430569)
(1427,1636,0.8865320209987093)
(761,1480,0.806568422990523)
(1718,601,0.7598603478126852)
(801,1284,0.9695617425678542)
(1987,502,0.42990825807347166)
(862,900,0.05354218745056316)
(913,1925,0.14486862306170567)
(2208,1355,9.726575049988639E-4)
(1726,1505,0.4510368436123501)
(1568,63,0.5608043643242083)
(2122,105,0.7651744998941841)
(1742,495,0.325612733503167)
(1402,1412,0.8432382558309938)
(613,1666,0.5272451501528678)
(1382,224,0.5559867304431844)
(696,2196,0.3590209005995253)
(2123,1,0.484857149127899)
(1270,795,0.572158296099204)
(1796,1409,0.20461244790698652)
(1664,1,0.40155576638003176)
(1834,1542,0.10100223620107573)
(1007,140,0.8605893916073519)
(472,1678,0.28851000247683845)
(1504,1839,0.963599985417389)
(1623,1069,0.6102971986930321)
(680,2500,0.23212747907966946)
(1573,768,0.9416544395097827)
(818,1096,0.7339707539544689)
(2028,895,0.8423906379724918)
(2025,579,0.9605202446679741)
(578,1283,0.7788487054764238)
(1526,1654,0.8253167193487969)
(234,1532,0.6073127641024691)
(1032,1157,0.4564534620210243)
(1180,767,0.8445872475159076)
(815,740,0.9939566144130813)
(1060,784,0.8496908973030027)
(1403,118,0.6953204663924778)
(1953,1000,0.7536637085648932)
(1911,1441,0.9654374649096907)
(877,2049,0.17479201379415288)
(1542,501,0.8065638827789277)
(1686,917,0.8502090433370868)
(1167,804,0.7632363071803451)
(1294,1336,0.34116993867960355)
(1250,1291,0.2785929708103878)
(1729,424,0.024881200030903217)
(1315,1541,0.540728152012253)
(129,1334,0.9913401504964672)
(1245,906,0.7214426429217011)
(589,881,0.6352581779866402)
(1887,1667,0.7918620658110506)
(1803,234,0.6174062989141422)
(152,1269,0.9188851992031797)
(889,1468,0.14083448034641188)
(1510,1174,0.9720087237133458)
(901,2066,0.977766018713166)
(701,1520,0.06387667732201052)
(780,1212,0.9491884545878323)
(1895,1398,0.27285411159249395)
(1604,1368,0.22249734058575943)
(1027,1568,0.8797777719349194)
(2071,265,0.1260160320477165)
(2183,1427,0.8903886509046651)
(1595,1023,0.539441470546384)
(456,611,0.15830167216716906)
(1206,566,0.10246892131333407)
(1897,2500,0.1238460073894313)
(894,824,0.711070385618182)
(849,1719,0.42003409149171644)
(956,1566,0.12117863973512821)
(1674,2500,0.12065288026030663)
(575,1158,0.7474987218593905)
(1066,1832,0.3128434977750236)
(1087,1986,0.6959701939734566)
(1500,445,0.3900087064301585)
(1539,621,0.6062005176826932)
(1229,2036,0.8765920517470541)
(824,872,0.08222155313918789)
(870,1858,0.3602147981225965)
(725,932,0.1276056946530597)
(1782,1405,0.5426981363678971)
(1,1200,0.6356538155847934)
(1168,483,0.2631745418547188)
(1476,1125,0.4676259969015645)
(2345,41,0.6643159215180963)
(1512,1968,0.871858289162321)
(473,707,0.23634841964304898)
(1350,1912,0.0831213931892083)
(1586,1963,0.29970297502268817)
(1151,856,0.5378127486128208)
(415,900,0.6475277727037584)
(1,1788,0.35669766799845914)
(1204,1358,0.3566031333229871)
(1543,849,0.46124497457979585)
(449,727,0.8231409200726139)
(1958,1778,0.32411086335250294)
(1929,1,0.7987775301568639)
(821,1110,0.5595222097413555)
(1913,2325,0.4070243801724759)
(695,1408,0.12123080292429944)
(1326,909,0.1355614450792222)
(656,1937,0.13861212063965012)
(1568,1338,0.6517770283219164)
(1538,360,0.4638427191718575)
(1369,1693,0.10164770956450353)
(1369,561,0.08114381266530213)
(1271,949,0.048454453511159734)
(1738,682,0.7282761184428077)
(1761,2432,0.6271511606101628)
(1778,391,0.010636315765674476)
(579,1580,0.7585216933304194)
(1902,1457,0.03323452828687823)
(871,1342,0.2799769726948528)
(684,649,0.8955147078871618)
(207,298,0.3774599591480444)
(1670,1219,0.15558382517167268)
(1344,1699,0.7548121572597024)
(1559,1785,0.37506014387363606)
(1352,1668,0.356590284714425)
(980,1060,0.8408067526264844)
(1979,617,0.4276549212248282)
(1531,1110,0.41040609877039846)
(960,1306,0.33359554821977744)
(1051,966,0.5260207585504549)
(390,1994,0.8803309066167789)
(160,2334,0.45543963891285577)
(2078,712,0.9580221300472211)
(1,1668,0.6792177788508407)
(47,334,0.030295374745947345)
(1570,384,0.47582349889493436)
(428,447,0.26427646139214245)
(1542,2122,0.2793068535952733)
(1475,1024,0.45661469363504303)
(624,448,0.4268074049731031)
(1463,1860,0.07391053428764782)
(1456,1508,0.9608706934934629)
(1166,518,0.1267856505177063)
(1579,1814,0.9455539761646025)
(186,1255,0.5587608611187769)
(738,1835,0.36982564351537295)
(1809,1362,0.9705338283995476)
(1677,463,0.632186822931813)
(1412,2500,0.33711301548190087)
(1030,303,0.5839693734234047)
(1396,1601,0.7238953884339413)
(1755,1939,0.6311894376959709)
(112,432,0.8336115134843791)
(1530,1125,0.2617658852512641)
(237,1157,0.49712075479267326)
(830,1401,0.04339106387344838)
(1829,817,0.3349761795623005)
(1795,1709,0.5068573592712419)
(691,2105,0.4000615968752794)
(1511,1167,0.9232537870357872)
(1456,761,0.1468865955502756)
(1202,925,0.42193724479181005)
(664,1425,0.5210182186784169)
(2181,1440,0.8857060840563167)
(1342,676,0.40705329646587074)
(1265,265,0.466264198801134)
(767,1662,0.4015018093138334)
(2500,916,0.8578909224058356)
(1610,1336,0.542715466092068)
(1999,880,0.8768405108501547)
(751,1414,0.272710469120097)
(1192,1146,0.4555043538092224)
(734,1488,0.2380714592820069)
(1627,1052,0.8794627825215038)
(1211,576,0.9979481523877015)
(1188,976,0.37339068963448385)
(2015,886,0.5927161192897095)
(2296,636,0.9254722886248021)
(1521,1398,0.2265256896346891)
(2381,2429,0.1930783436206549)
(1885,1409,0.3949177647372183)
(1760,372,0.9913500680937694)
(1364,2024,0.03977159120183593)
(971,1467,0.29039563777349253)
(1282,1,0.0998837743517712)
(2082,1538,0.21987038977144135)
(2079,1499,0.7903122536739456)
(1144,983,0.639354811454302)
(1930,639,0.19256177538631258)
(2250,883,0.41394207252485327)
(1867,1273,0.41163406662853197)
(1075,2253,0.019636337562701334)
(1741,919,0.18760347387170284)
(427,1076,0.196583311228534)
(1031,2171,0.5978689745066258)
(741,1022,0.05061251236117126)
(806,2020,0.594153665548431)
(1160,872,0.07738377496018056)
(1277,1432,0.1562115116317906)
(1007,1946,0.0444908817914782)
(1922,1347,0.8197727611432288)
(774,1249,0.2936741867981798)
(1853,1180,0.027931360860887433)
(1508,1947,0.7916897451278375)
(2131,1085,0.6914817126023779)
(1917,891,0.2695449851843009)
(1294,1908,0.8661043725686765)
(1344,421,0.7944608097991297)
(613,1,0.49406105331125005)
(1781,1585,0.5305304135214262)
(1208,1716,0.9697978918553345)
(509,2124,0.6067154830838792)
(1816,1954,0.6234713465822499)
(1219,1083,0.4370996172039693)
(1249,2148,0.3752395294062564)
(867,1654,0.198255414074351)
(1853,561,0.30746449831693967)
(601,1,0.33770075893165996)
(1542,728,0.6467540583992355)
(1538,798,0.8841449338478868)
(2324,1639,0.571065598746789)
(2154,1174,0.5702157866398042)
(1589,1,0.4433207602988387)
(1440,774,0.9710074365502533)
(820,1999,0.5379188433362044)
(2119,1479,0.490574811170456)
(605,1482,0.7070542571520246)
(1421,1305,0.9243100482315824)
(1497,2500,0.7644074277928412)
(486,1503,0.5821446054385987)
(1736,1636,0.9766728625954894)
(924,1101,0.3385546295486418)
(2500,1443,0.3678465938155042)
(683,952,0.9280951722424711)
(1600,1758,0.1425150474941116)
(236,956,0.29605670834751685)
(1673,1,0.07249432257913702)
(2016,913,0.36755863457870497)
(935,1669,0.765018338569131)
(1691,1338,0.5633676018231416)
(1070,1398,0.3163499966209512)
(1483,1584,0.5472535715017306)
(1765,410,0.7528743181132331)
(1191,1333,0.4571675497320393)
(522,1216,0.5899313798607072)
(1959,1307,0.2902458296396673)
(1721,1571,0.8871725164449231)
(1,1849,0.21153325976641302)
(966,1574,0.5731592639200328)
(946,1813,0.7600962710088093)
(1305,1281,0.4887422522170597)
(1089,1596,0.17398633396314467)
(650,1400,0.18101288914325042)
(2247,1,0.3419839272032559)
(1582,2500,0.8437914441328827)
(1528,1383,0.3209370366674861)
(1300,1180,0.6283742367818281)
(2199,1393,0.07749594678669147)
(2032,1048,0.9023847210343939)
(1796,1442,0.6336078642777185)
(1586,353,0.7596291020752075)
(1184,1378,0.5989101106411129)
(807,1410,0.7592689801923416)
(1053,685,0.16587486330912782)
(1143,1511,0.9071891424815586)
(1834,1,0.4544757282284807)
(1049,1027,0.7260147093074233)
(1382,1152,0.5482463509211724)
(1946,1213,0.33401546687281136)
(2281,1839,0.7187864481346912)
(618,668,0.5299090546847973)
(1,985,0.6191201200220523)
(1902,824,0.9369231570656533)
(451,1902,0.19288305286784913)
(1234,1014,0.015186958460612354)
(1861,1035,0.21844602819939019)
(1889,1077,0.09065811474910423)
(1891,1233,0.6030883975823663)
(450,67,0.2642738188196675)
(697,1625,0.1799183901392648)
(1231,600,0.9724142098360695)
(824,1675,0.9400168475485765)
(1611,670,0.8160995744822657)
(1655,1308,0.8067807128568222)
(2500,481,0.01420469441372918)
(1,1859,0.911882510962854)
(1204,1797,0.08937664587936567)
(894,530,0.320581765733835)
(1825,1707,0.662496511427418)
(450,1165,0.6205329797116469)
(700,1665,0.18976951888651505)
(1636,1065,0.7556443422086293)
(1350,1405,0.7322098614370831)
(525,1474,0.28937164643331104)
(350,1814,0.8559500221036637)
(1094,839,0.4109496032746227)
(165,807,0.1684266731321884)
(489,1,0.2985009860892739)
(1507,1580,0.07754844268567673)
(1770,989,0.5292311365968471)
(1160,1074,0.5707069004764269)
(2353,2409,0.546729682927338)
(1566,407,0.21603454069347905)
(1036,1185,0.2736130220298828)
(2244,982,0.4582218177487499)
(1447,1090,0.7052152934432219)
(1183,808,0.3144579318568089)
(973,878,0.1775615776519891)
(774,1658,0.4483899112549855)
(1405,662,0.0033665662453795653)
(387,1903,0.04837982539076946)
(1112,1617,0.9710542858104991)
(546,1018,0.6319570054551495)
(1265,650,0.7453106307371531)
(1104,1039,0.14376227430821542)
(687,1001,0.3979656144753603)
(2256,1491,0.2565167645131081)
(1077,2165,0.06317698416280437)
(1571,393,0.585584969067408)
(1480,1061,0.45913159926864233)
(651,569,0.48323906182573473)
(2019,1871,0.8833994476225052)
(1612,1,0.562690741186694)
(708,589,0.04437829248681946)
(704,1726,0.3213588521621066)
(792,820,0.046273626307754)
(2088,540,0.5693892786886641)
(1908,1433,0.12913252895669936)
(74,1325,0.681493688966353)
(1710,858,0.9325717492868109)
(852,2409,0.2471783084777246)
(1553,336,0.7705144658222765)
(1229,2255,0.42780539835730214)
(1452,1091,0.20234556603400222)
(884,1904,0.05813839673060561)
(1,229,0.029001523804792373)
(1744,725,0.36986172915451854)
(498,1326,0.9511107638169922)
(917,944,0.42079533992641927)
(553,784,0.39340327244686724)
(1980,2264,0.6069938382622353)
(1180,1616,0.9263916741545349)
(871,2034,0.7057330659870931)
(1388,1933,0.3826198063168009)
(1822,1061,0.07884687838400395)
(976,2091,0.05228041387044957)
(1493,1842,0.5063437120475947)
(1,1556,0.1853016976217341)
(2500,977,0.046921665779033894)
(748,1342,0.9892567315614007)
(973,978,0.29603049585159824)
(1604,1184,0.3604583332065989)
(1350,424,0.2025961245290233)
(1883,1167,0.4710585522431856)
(1386,42,0.1791741601007809)
(1468,2206,0.6986506200220746)
(1354,999,0.8225816547051936)
(662,2281,0.8818319677649586)
(1,2258,0.7444054792645409)
(372,1147,0.2852302977547644)
(2047,856,0.7225258727809226)
(1924,719,0.8954154356979368)
(1,2105,0.4861185124768026)
(1953,1159,0.7594951497439079)
(1528,1005,0.31548024720740053)
(652,1278,0.5436767694477627)
(629,1472,0.11029261426278547)
(1532,1656,0.8973330633388125)
(1401,925,0.054255393945317865)
(1219,1582,0.5343089847179014)
(1470,1634,0.8930723152443297)
(303,1024,0.8847677317917252)
(1156,928,0.2387669717674965)
(815,758,0.05615937032858098)
(1393,714,0.6127652373725847)
(1807,702,0.5857976279579025)
(2455,1993,0.10403899842526676)
(1482,751,0.0023186709236993064)
(1076,288,0.8058709527160972)
(2032,1498,0.6081922929845592)
(1161,634,0.9967623115310854)
(991,1700,0.2660397903994376)
(1501,563,0.9065273395496233)
(1936,1804,0.30157676697732727)
(682,1945,0.7824974948720023)
(1147,2055,0.32194000127112354)
(997,1626,0.9173644997944661)
(1910,297,0.7777317030951136)
(1116,1609,0.9597418254211397)
(108,1564,0.09777963270035772)
(1546,1675,0.5821382578444735)
(843,407,0.16703814977086384)
(1690,1785,0.5410543522150173)
(894,2180,0.7393193324646967)
(1062,885,0.44745403258423067)
(1747,1730,0.37627950923584663)
(2500,1569,0.9057918950217065)
(1482,1919,0.3057477464418584)
(961,2137,0.5700817676741421)
(1437,271,0.7863136457582974)
(699,534,0.07205610040529198)
(1918,1274,0.9300437145575524)
(1294,623,0.08379420351168987)
(533,1593,0.683096008462536)
(1,645,0.4948970765004296)
(1357,670,0.33243363544881044)
(1753,2278,0.4703308619513422)
(2108,1958,0.3426424488189488)
(95,1171,0.3208160013501079)
(2500,1793,0.735209647009053)
(513,1981,0.8043172278274157)
(1375,2500,0.01294131122673825)
(1276,918,0.8616922264322304)
(908,1738,0.43340433848570514)
(647,272,0.90226069729646)
(1018,891,0.17032270282439121)
(666,1306,0.06626608364826836)
(1217,941,0.6021999099002676)
(1176,1258,0.40358634404512417)
(1032,1067,0.6427652990210408)
(766,894,0.38347715228232615)
(828,1072,0.41811094496542445)
(2333,1084,0.9048832962607787)
(592,1619,0.7560338163303986)
(1205,376,0.919367677197524)
(2168,1353,0.7163495934048701)
(2101,1519,0.5326078708465299)
(816,2500,0.5024847865125092)
(619,1432,0.13710839414209886)
(2177,1411,0.042589660163597665)
(1578,860,0.2410267472437404)
(1543,1425,0.34662760512350865)
(353,2042,0.9986033914466058)
(1090,897,0.9695275698329491)
(1049,1466,0.3294958644788981)
(2093,1051,0.3405320786838325)
(2281,1046,0.35717730835315253)
(821,1563,0.3770663054042752)
(1155,1091,0.5476852757680631)
(1888,1,0.2345369273235004)
(1762,1110,0.08227406782344304)
(1067,1122,0.4202969099839181)
(604,183,0.19694358160555225)
(1316,1903,0.05020078361460145)
(1425,1580,0.8825947008006992)
(1161,1701,0.10301228279588526)
(1285,1220,0.993622535726894)
(1481,905,0.7385620776648394)
(744,1444,0.6799266505422927)
(776,581,0.4584021100285439)
(1264,1601,0.9416673378293854)
(912,49,0.6492934829319272)
(436,2116,0.36810175895064023)
(1572,1693,0.7328816708182586)
(1911,837,0.52565493143323)
(2179,1612,0.6991114877198014)
(1045,770,0.36893056801186586)
(1222,1084,0.4748149050856645)
(2043,1513,0.4408602964938374)
(2055,303,0.9555157389462348)
(1451,1674,0.00498068427796583)
(765,2379,0.26797875826960316)
(1068,2293,0.9791212068319802)
(1282,586,0.15860240982388307)
(2111,765,0.6849826502011616)
(1125,1293,0.03451453254702952)
(1091,551,0.45298292710005217)
(2265,887,0.230306077039082)
(959,2009,0.09476457183525455)
(991,2109,0.6503787706590152)
(1506,2125,0.5198266178067037)
(1023,1370,0.8194236301542462)
(1922,1396,0.3993624105704131)
(326,2017,0.2687741852010336)
(2500,1011,0.4796702365060548)
(1761,2500,0.2917605279611468)
(935,2193,0.1487777962585487)
(966,1229,0.1640640965704464)
(1382,1667,0.9729553807570109)
(825,1527,0.6352152726424919)
(826,621,0.9946851911518717)
(2117,1889,0.4025654831115225)
(1181,1401,0.4244646949731612)
(1029,262,0.5933821812467391)
(1822,1243,0.7647820493275316)
(1808,1115,0.7290726306754243)
(1929,1363,0.9868317214980492)
(2213,1543,0.4417011210781183)
(1345,1390,0.9887149973177981)
(1170,1297,0.5839316768141879)
(1250,783,0.20955714119355862)
(1,1738,0.2087632116502104)
(810,1265,0.9935287495739801)
(1958,1183,0.60934141112642)
(1131,1058,0.12668615217136725)
(1092,847,0.005813958012312215)
(924,2130,0.919443679079133)
(1053,1865,0.3677353145702844)
(2161,1677,0.3435312241799916)
(1128,1406,0.2859591892629808)
(1880,301,0.8115839946316216)
(395,1238,0.6015060541382139)
(1753,1260,0.4867391980311637)
(452,113,0.7270020854682651)
(2374,2500,0.7492874330132194)
(2085,1799,0.6360169094400617)
(1009,508,0.6970972010679845)
(1488,1013,0.4020735429119563)
(1016,821,0.5259732675792995)
(1251,1949,0.9237885830818857)
(1599,1251,0.305605260616129)
(1686,51,0.39747675408163285)
(1243,754,0.408554917772871)
(1381,1722,0.42294852276313377)
(1,1514,0.523999718383812)
(451,1575,0.47681842773298255)
(1084,4,0.7780422314630113)
(2398,2362,0.615532472185978)
(1283,1703,0.17933969911587566)
(113,909,0.34299129927557004)
(1203,1145,0.3803379585943544)
(1739,530,0.9739410883833606)
(1434,1294,0.04779003327963227)
(2028,1074,0.3108134541251809)
(708,165,0.9012366435433108)
(988,694,0.792419391834212)
(2051,1370,0.9556564292657301)
(2213,1545,0.42263103322129725)
(319,1460,0.6915124107740775)
(1376,1258,0.8412367936714624)
(2296,1361,0.39944423850090627)
(2017,293,0.2838095746372842)
(1934,628,0.32366161093853707)
(1038,844,0.07629454891039278)
(814,2008,0.0022604642018428933)
(1699,105,0.0030624194822659323)
(1623,575,0.23720265470030644)
(833,883,0.7393248367156763)
(1594,1263,0.10795960740479338)
(2102,1092,0.6124867843763578)
(1320,1726,0.24350945748148134)
(1487,2500,0.43920585390316513)
(2082,1919,0.026003385365949483)
(148,1283,0.09547973908595164)
(1250,1127,0.20999139473280404)
(860,1283,0.26068121559120394)
(1088,896,0.8367253383411876)
(819,1076,0.8468899052620906)
(462,1300,0.6711868260761059)
(434,189,0.8100204382399869)
(636,1744,0.4231554884959533)
(463,1968,0.8671817666855467)
(2034,1629,0.3804273228216466)
(2500,805,0.7808396571263605)
(770,566,0.672273194611775)
(378,1227,0.6009553181562717)
(579,2451,0.2136789908273673)
(1519,722,0.33473655761139465)
(478,46,0.7004879425070313)
(922,1315,0.1193433562218501)
(2367,1027,0.07949003101479324)
(1552,1003,0.5643156464509929)
(1352,1383,0.4932334293068792)
(630,1779,0.4820627102897985)
(1476,589,0.5769501847037444)
(92,1339,0.3031758092446625)
(1210,1670,0.29056962090783867)
(1,1572,0.660127019888449)
(753,675,0.2844507902862149)
(1017,395,0.5609783913030894)
(1483,1262,0.5921664078704061)
(604,2500,0.5240289538019405)
(1067,1353,0.44598518491957284)
(2274,1772,0.44016049460724516)
(1300,1706,0.31480804539648855)
(1,1531,0.16072538023109306)
(736,855,0.9776483730480947)
(1412,1879,0.24316566073949974)
(281,2226,0.6802880266553858)
(257,2222,0.20043678756829197)
(2280,1883,0.10774649413362447)
(604,1517,0.5275304127801168)
(1221,896,0.17564819430591394)
(1,417,0.23275881796513598)
(1374,1507,0.6631767801195035)
(776,701,0.8552111260130767)
(1591,1784,0.016906637668305913)
(545,2070,0.01891071202656247)
(2059,1363,0.3060846973351182)
(1556,1342,0.49621692440073173)
(2058,208,0.6407949222964032)
(1096,1273,0.2555044365356868)
(676,1281,0.3360915388473752)
(2500,1483,0.5659155346114496)
(1286,14,0.6752584321299957)
(1954,1385,0.5020700371993023)
(1028,1190,0.9297368181242192)
(306,1351,0.2253000525517116)
(1088,1275,0.19920298241715206)
(2389,2086,0.21073471820026246)
(1664,2136,0.41862736162972236)
(484,1263,0.8582221677478015)
(1652,1531,0.6952703350485472)
(2155,1157,0.34481692906637695)
(1535,958,0.8918526435924762)
(1307,1861,0.5788445452902891)
(1162,1287,0.866689840973817)
(1263,1791,0.9781396586384526)
(866,763,0.684007753531165)
(868,671,0.642135252592369)
(1488,2077,0.6041031004578865)
(1188,1705,0.0416641451059524)
(1596,1445,0.05133577426118263)
(1,2259,0.5372447178955732)
(1249,244,0.6411768938493467)
(791,1227,0.3259105779485124)
(836,802,0.8261847860628216)
(1013,1712,0.4833527438316756)
(1769,1358,0.20445512127344212)
(821,1151,0.5842550536196294)
(1995,515,0.03646774342978254)
(383,719,0.9990163827204213)
(1834,1845,0.4269577353998598)
(899,771,0.32001172198445704)
(1460,916,0.6460690624522308)
(828,1905,0.3248806876224938)
(437,1415,0.672856461702999)
(475,2099,0.24258107538646756)
(1850,404,0.6753390268855116)
(1333,1313,0.7056452160529132)
(652,591,0.027515742364737972)
(1396,360,0.21389724779873098)
(1483,1787,0.7824660935631512)
(785,2113,0.4827069134762818)
(1775,2153,0.5034375254380458)
(1741,1134,0.6545629499595615)
(1989,537,0.05483000073086508)
(1716,1270,0.970357726997064)
(833,90,0.9851620071249945)
(1898,2102,0.8018537053554817)
(1151,2411,0.46106987719574455)
(148,1006,0.5024608551448312)
(781,248,0.9642769061815917)
(1238,1418,0.6942766735331612)
(2500,1550,0.7248085056534364)
(68,479,0.6599652713654791)
(769,762,0.5335933600145679)
(432,2169,0.5159017257949515)
(601,840,0.49796429595438363)
(561,1785,0.40587288937579546)
(1778,1373,0.5771195644998678)
(817,953,0.9094888003060078)
(948,2254,0.29583802217330324)
(2420,1114,0.1777004604965441)
(1369,1216,0.4387042246146514)
(887,1918,0.2798353565555718)
(1319,965,0.6567931560702224)
(1184,1664,0.34893973298371306)
(612,813,0.1261091224856069)
(213,1347,0.8811175946875249)
(767,1083,0.08240866074249253)
(619,1169,0.16249866004213975)
(618,1116,0.5831781235608628)
(2244,1386,0.3678452973052715)
(1361,1435,0.2988010421533901)
(1017,632,0.9742187412661946)
(1488,852,0.08347719152194766)
(1164,2137,0.1204737943119999)
(944,2094,0.26199272244655414)
(1411,1378,0.8583858111655258)
(1521,633,0.5434354651801185)
(1157,1324,0.9613381183834142)
(1678,1687,0.349325614827351)
(2500,1741,0.6843533442729348)
(1338,916,0.9988293629309553)
(582,550,0.25546145406505383)
(2500,1681,0.07732223269347227)
(1402,514,0.6002572089324958)
(1638,1,0.5882334826107725)
(1154,766,0.8650302863766759)
(739,856,0.7251709281169245)
(436,1505,0.2872237291892127)
(1558,933,0.6009150474519431)
(1366,19,0.5818328020579171)
(498,1767,0.31043805253033174)
(924,1126,0.6214645905935985)
(1971,1926,0.8705093625422426)
(1850,1509,0.8598247123768998)
(1107,1483,0.23753123794288544)
(2500,2329,0.6703301822641158)
(934,2009,0.2638028205248757)
(1873,2500,0.41974839646030904)
(1814,2095,0.3371337949948805)
(1841,1647,0.08525104481541712)
(482,1049,0.5402322226195896)
(847,1596,0.3647064333411576)
(1615,1694,0.18314909566561266)
(1158,1559,0.8134935087030667)
(479,1584,0.2888997458949142)
(253,2367,0.8841905989167134)
(939,746,0.36340981308964004)
(620,1384,0.1165838287981773)
(1949,1287,0.6673481478057252)
(2500,654,0.2800367858344657)
(1217,2500,0.5054852951901679)
(621,1391,0.5899788512563238)
(1072,214,0.3923948120313062)
(1901,904,0.11467012282852329)
(690,768,0.437147223521023)
(869,1608,0.4457948602949805)
(920,2500,0.264894276256336)
(1,1253,0.717274791215822)
(1589,1476,0.20441165090479763)
(535,1116,0.10570337871451663)
(533,537,0.1679327689129423)
(1714,1113,0.6835904559722438)
(2087,1928,0.052517004342263474)
(1665,1250,0.24799360003103965)
(1069,1361,0.20945849153290486)
(2108,1627,0.7641972229887032)
(632,1798,0.861562376483214)
(983,430,0.23512890048423407)
(1984,2015,0.13683328174927722)
(2256,1896,0.3402750666653992)
(2077,1074,0.18199866496244388)
(1488,1623,0.05136660272075122)
(1563,830,0.15572830288199535)
(1230,1931,0.5981810133570388)
(1302,1926,0.9122596103006767)
(1349,2500,0.507483084542674)
(2500,880,0.5260488384523758)
(1781,2500,0.43967694596408624)
(1557,1105,0.8830170089267458)
(624,2186,0.8323718362851761)
(1382,1770,0.6694164096315878)
(1894,1830,0.015618044985069912)
(809,1106,0.9942352830084705)
(865,1055,0.29159626898269875)
(880,1893,0.2502108420198823)
(680,889,0.08108377321613336)
(454,1371,0.7629534278288989)
(1166,1385,0.9364828227846037)
(772,1604,0.40795025894669046)
(1223,1857,0.21944190605352398)
(1718,546,0.5663009285668016)
(637,2358,0.05430984963970786)
(1214,1729,0.2901712096022089)
(803,1291,0.6081317452321764)
(992,1366,0.9336212627710369)
(1043,172,0.6606892358828361)
(1296,1200,0.6737680371682012)
(1180,1306,0.5984476758598359)
(1610,2047,0.6679303164541811)
(501,1737,0.8875734880042271)
(1293,1434,0.6499139305674044)
(1076,1090,0.06830900867596401)
(1063,1164,0.14816419110542844)
(1,2245,0.9964517456135057)
(848,430,0.7739974007871153)
(262,1754,0.4019767707602373)
(1106,1564,0.622410683623753)
(319,806,0.299531984240226)
(2251,1327,0.31745368974810795)
(1830,1052,0.8476616277923438)
(1889,937,0.19989492885644633)
(386,1553,0.32759043092658247)
(860,1439,0.05167703875130736)
(840,283,0.9266571517154656)
(1148,1285,0.5920477144107459)
(578,1525,0.0837275841997639)
(2500,1966,0.22366024757503844)
(1384,497,0.8776012059507075)
(1256,1907,0.828913738886657)
(1230,698,0.23474490191384412)
(927,1623,0.8221846782282116)
(1,466,0.606730990263263)
(2123,921,0.053889654512481955)
(1122,737,0.5297537315475016)
(1508,1385,0.20037572883581978)
(907,1533,0.40661187060656556)
(636,447,0.14222621070300379)
(765,1914,0.6553144271577147)
(1167,960,0.4939706760559227)
(1551,1261,0.016766867015976628)
(1786,1083,0.7398374982899947)
(137,997,0.2669629559146537)
(174,621,0.40824177053369326)
(997,1344,0.692911951276938)
(1156,649,0.7925313918403925)
(792,1091,0.4483751470319153)
(1,1664,0.8087517920925894)
(2500,868,0.0666385056203993)
(201,1,0.07943446597385229)
(801,768,0.33341462179757997)
(1146,544,0.4872465802397621)
(894,2362,0.03245534843599018)
(733,2478,0.31727217118760853)
(1213,1831,0.25951947493240757)
(71,730,0.3041331602749454)
(1478,1215,0.4414721606678391)
(1860,435,0.15413738135159727)
(873,996,0.06843786046170885)
(1,510,0.387001573331925)
(1188,1079,0.6919805688469707)
(2309,1424,0.5229722409019787)
(1225,1789,0.46230987095403875)
(1633,1613,0.4141948174395319)
(954,2064,0.7552220684587151)
(1251,1694,0.47897085703734144)
(219,432,0.675381704493156)
(1519,1304,0.4676659937372878)
(820,2095,0.4253161432564754)
(1250,1867,0.06032016146571517)
(969,2093,0.6726884265343362)
(1737,1658,0.6350440595357844)
(1201,1164,0.3107544412899895)
(2328,463,0.5184850334386552)
(1838,630,0.7696746827940305)
(1569,1293,0.3860421636917002)
(543,1871,0.9985049656980777)
(350,2353,0.7633714165924879)
(600,1231,0.3513739584173845)
(1271,1147,0.40884687179179213)
(1149,1425,0.14955226623835305)
(1458,2070,0.6334968308376203)
(1801,420,0.1650092274712045)
(1,1187,0.4061244559474537)
(345,1541,0.27367938578070616)
(735,2500,0.9601625399379754)
(1115,1634,0.8942764248192444)
(1927,2104,0.9355734010078887)
(1421,1139,0.8134241389943877)
(854,1188,0.9711471219959802)
(195,50,0.2697321381113926)
(213,1399,0.7214826609031271)
(2010,1777,0.03992202963016911)
(2203,1694,0.9859968451745083)
(932,285,0.48951135959028)
(1543,1305,0.32300043693434277)
(1855,1368,0.48199885434595624)
(1368,1042,0.5561128236062329)
(1075,418,0.01862192340750124)
(2061,1017,0.27262154098628244)
(1376,347,0.16419806968795314)
(377,1149,0.6787100338240498)
(1469,912,0.5852175567565657)
(1134,1171,0.5331664774426557)
(2156,1069,0.884661653690734)
(1312,1685,0.15939576989328763)
(1457,1,0.7300977378957879)
(1468,2445,0.4525223318302444)
(1224,816,0.5280335066802097)
(951,948,0.8901689722636289)
(407,1143,0.9773239114056754)
(1137,1991,0.9950741270505399)
(856,2475,0.5387644804768521)
(932,2500,0.3742429899386299)
(1513,663,0.7439103655104929)
(2317,897,0.9636357093308597)
(1250,610,0.7273798835658946)
(1565,1185,0.19490371101673698)
(795,2039,0.1222987830113208)
(1363,972,0.08639273082739352)
(360,1,0.3491823418048884)
(1385,1336,0.891151313518327)
(633,943,0.4874790547514707)
(1245,1764,0.3724033483379793)
(1291,873,0.16988472516655417)
(1229,1409,0.7833676413833194)
(1961,1890,0.3500225716643758)
(1039,1444,0.38636180420454824)
(1459,646,0.9669997047689092)
(1554,2500,0.9084235917718984)
(1749,869,0.3477507716677657)
(814,2243,0.7923671275144716)
(1583,1348,0.0646081941971498)
(2232,1318,0.2043396720909938)
(768,1,0.874007552330627)
(2137,1375,0.3005142470411837)
(197,708,0.8039261051584764)
(277,1808,0.1582515575371508)
(1764,1183,0.17043241292955458)
(733,1015,0.6505421667844784)
(1854,1403,0.5778285272913652)
(1597,1423,0.11752293446747075)
(1631,828,0.20428476934802842)
(1219,1284,0.6493613509892435)
(1700,679,0.9986262807412617)
(781,1299,0.11832766908296743)
(1681,1617,0.5931937970446047)
(1043,1662,0.954267956002008)
(1192,2362,0.09104965054591807)
(2500,7,0.04888698764244803)
(1069,1163,0.7426922622591554)
(1290,163,0.18771539522157643)
(1815,1791,0.6959213865788767)
(229,1818,0.08782963538939859)
(1738,2434,0.08515660395955826)
(990,446,0.6248686027258284)
(605,1461,0.4205678613619207)
(2098,1442,0.5499779021012958)
(1658,992,0.8614059870005423)
(931,88,0.3967236394100657)
(1184,1,0.4370602879631057)
(316,2500,0.464954789011815)
(2028,1328,0.043183619687452546)
(234,1716,0.9342073887149779)
(1532,1397,0.682324741240673)
(1396,2262,0.9148181160106793)
(1678,769,0.5830993577149621)
(1398,891,0.766186615482733)
(801,1106,0.19318730802947703)
(1577,992,0.22144145813059568)
(1449,874,0.44513753395698685)
(2355,1612,0.32957002228059906)
(1139,1955,0.25396023543032054)
(1457,1196,0.44776960029002233)
(1187,1045,0.8734616826897854)
(910,2466,0.9921784581422726)
(1258,930,0.5584698988108779)
(914,1328,0.24611224602115356)
(1569,2058,0.5864575249239272)
(989,887,0.2722580472976821)
(846,1454,0.6757202920740394)
(1609,2187,0.8795124305797474)
(358,1716,0.36052753230900325)
(1917,1431,0.1563913022631509)
(2413,1807,0.9017103877332527)
(1311,1255,0.8405762288270316)
(1336,1762,0.16204260246805724)
(1062,944,0.20730206414469754)
(1094,1759,0.9465075591555576)
(1762,969,0.4959044748450906)
(1634,967,0.7240049890801307)
(1045,1764,0.3283691691150594)
(644,1659,0.32091564815641005)
(1249,2222,0.3986762701680139)
(1005,1887,0.4234382717301747)
(1510,1021,0.2575679148805423)
(1320,1339,0.7768765513064378)
(815,1877,0.5005379839031426)
(2500,941,0.004765946750631245)
(1301,1504,0.21621527709756538)
