(1923,2064,0.3334357082054874)
(907,2016,0.974676026453351)
(948,1943,0.31103603156417137)
(596,1133,0.9118509489907002)
(1745,951,0.3450251577957868)
(1018,1238,0.5723464768343335)
(1336,1114,0.8098043672282534)
(1939,1130,0.17266938311289193)
(1348,1325,0.16174321926741286)
(607,1664,0.18415972320357876)
(1871,1246,0.5694930206177068)
(1940,877,0.7282009889614761)
(632,1336,0.8226369512563345)
(1980,1370,0.3607399852683989)
(13,1652,0.613021764995207)
(1208,1279,0.7533707578404669)
(1757,2238,0.11070897951376246)
(959,844,0.9414112212509408)
(1933,1976,0.2719329291961261)
(943,1252,0.0036492645931079926)
(870,1421,0.5940490408009003)
(1439,1143,0.7034015836576322)
(1248,1455,0.8977412653102566)
(1015,1535,0.8853777110526617)
(515,2336,0.7428801459767572)
(1369,2170,0.7478670810429506)
(588,1454,0.10806907703208313)
(1410,1750,0.4067094142490637)
(1369,601,0.8449638321489927)
(406,1001,0.31013180607195856)
(1795,625,0.797382496914259)
(1354,834,0.1326679059299115)
(1666,1845,0.17369655987099852)
(1807,609,0.32720736597731714)
(2461,776,0.5500225839498921)
(1775,1027,0.11907168533161905)
(784,1957,0.7970365072321871)
(420,362,0.9194569628260012)
(904,1093,0.8214791678167058)
(2228,1452,0.6543303361277207)
(1,963,0.5362145911366399)
(1739,1776,0.021116893276307058)
(890,1125,0.9446212819693116)
(2121,2500,0.4868290448769166)
(1644,1590,0.35936967897178707)
(312,1812,0.4282127448022769)
(1914,890,0.4758371578427094)
(704,1753,0.11884345723804668)
(259,1854,0.04340524483787567)
(1586,2175,0.9187956709643234)
(827,927,0.45568869114396515)
(870,2260,0.3207935662331073)
(1924,199,0.23893600052897745)
(1157,973,0.38017467128461324)
(2500,915,0.6279055026000238)
(784,1320,0.620813953938489)
(21,666,0.11371314147904188)
(2424,2098,0.9502512827602352)
(1930,1379,0.684048494722027)
(1299,748,0.9467272195372946)
(574,385,0.5414407572912207)
(1354,1372,0.8321778744066957)
(1647,1179,0.04315136818124943)
(446,1734,0.3459614965211396)
(623,2034,0.7706963919203498)
(1600,1582,0.12364289416957008)
(1268,553,0.23354926790578157)
(919,1729,0.2122859961682919)
(1584,1092,0.6462987604181518)
(1306,1558,0.10044139090604298)
(245,1145,0.9902674438141825)
(1578,1890,0.7262557401959628)
(1,633,0.8223185227625741)
(2048,1559,0.41883404316805317)
(1850,456,0.8227760136486219)
(2096,1149,0.9424447768600457)
(1360,1294,0.7057629330448433)
(1,1312,0.5767097900214674)
(1580,965,0.18387823125312297)
(1581,1889,0.5980772609670393)
(755,589,0.007369544071634482)
(2350,866,0.004262892640813365)
(1736,1,0.4886630911590374)
(1731,783,0.8933184215580818)
(584,1536,0.7963966855171488)
(857,1228,0.06453622926398805)
(2500,904,0.9483413989922396)
(676,1690,0.0826953191700065)
(895,613,0.07039339898508135)
(972,2358,0.09330397861262307)
(1235,1,0.5136262667272421)
(1355,1044,0.1588065032689906)
(1838,655,0.6537669330254027)
(1844,1398,0.054999727861848036)
(1575,492,0.35477337574398615)
(602,2156,0.7014975248782306)
(1232,912,0.8723173878644578)
(907,2500,0.644756370928584)
(1303,1780,0.1304995392705467)
(1472,1563,0.27905534207328186)
(2249,1466,0.9935053850494037)
(1495,789,0.9076907073253876)
(974,232,0.9972062798285922)
(1136,1153,0.49079351053191855)
(1150,1692,0.6196247586688962)
(1757,1533,0.5311425282908363)
(1371,809,0.8693442612403901)
(1346,1437,0.3550662815267849)
(967,695,0.06775212491940086)
(2171,1474,0.3751911845437097)
(1194,1630,0.7371445316563323)
(1652,1165,0.3345599475612484)
(481,1032,0.84374237515398)
(1418,660,0.9410922420771345)
(1071,1402,0.7195378743632866)
(1676,688,0.0060101692656147065)
(1193,1509,0.19054956641874454)
(1528,625,0.9849651864510215)
(1660,1313,0.09581302436294847)
(969,2227,0.48372649239005505)
(677,1261,0.2462165965936689)
(823,936,0.0115136453730309)
(1572,660,0.898983884302849)
(1701,1796,0.23722417838132392)
(919,180,0.07551124338539894)
(1355,1730,0.4249831017980671)
(969,274,0.47694237660738104)
(1065,1624,0.6619890395772182)
(1336,1303,0.5584443859767377)
(1402,675,0.8456851399436678)
(529,1243,0.8811880393672215)
(878,827,0.41705190105068013)
(2026,1899,0.9163164081364733)
(2135,1009,0.1220762041296668)
(2275,2382,0.5125733045780758)
(1664,1177,0.24581254342541192)
(1058,1945,0.9927208953532036)
(891,1539,0.904061909876578)
(989,955,0.09220219890726467)
(1,1586,0.9406116175276317)
(1416,1053,0.8618325779747025)
(2083,824,0.00864167515415315)
(1745,1395,0.5007899629458769)
(1,2037,0.6667318104456101)
(2367,1331,0.23643175671735328)
(1645,1388,0.7323347153184145)
(293,1138,0.32384848114302955)
(1510,2498,0.5967766410801661)
(1187,1935,0.8149770284778203)
(1010,1536,0.08734610791099895)
(827,1136,0.05125310882086764)
(290,2500,0.21884513369416814)
(743,1625,0.4253418198408635)
(1262,1365,0.3177818714910132)
(1813,1012,0.3073604750252592)
(963,9,0.6138754466024483)
(2349,811,0.33622840076623295)
(1434,1381,0.1447542244573532)
(1185,856,0.9749073932348273)
(964,1129,0.2376084327053517)
(815,2064,0.6367012789328403)
(1107,1839,0.6898983215040863)
(1482,1274,0.08867127452646784)
(846,1934,0.731516948011165)
(1668,1800,0.30252305397477375)
(1888,1654,0.6044048713559382)
(1993,1699,0.5820413339865687)
(1558,1041,0.15682935200545411)
(1924,1757,0.772237932491707)
(839,980,0.22773999101004672)
(1211,1175,0.6754323538271895)
(2189,569,0.28310847323284116)
(739,1448,0.7996187796815044)
(1097,1421,0.37324645033988624)
(1716,2294,0.3054869034558102)
(1403,1556,0.32611625050467763)
(1400,1156,0.3011743275653147)
(834,1115,0.7044178594667856)
(1532,1530,0.49775452394247455)
(2286,1363,0.7274394012690335)
(1860,1124,0.8533274549332487)
(787,171,0.12643311770233545)
(506,1978,0.15831693939925395)
(1624,803,0.8755096932417189)
(1317,593,0.6581134161759044)
(1423,1203,0.10564975983540426)
(1949,2420,0.22582651422537992)
(1108,1134,0.5780266599264072)
(1133,411,0.8810198428491386)
(1576,2243,0.12008827539051459)
(1379,1712,0.7347023947442728)
(1327,793,0.5424715594752916)
(708,1870,0.5316158243669871)
(1642,517,0.06344677557122058)
(787,2205,0.6018460203462547)
(710,1843,0.7511769420561373)
(1757,1328,0.5872502540844703)
(544,1,0.41648932237337244)
(973,2500,0.5689765281180118)
(1024,1874,0.8631730079708121)
(1653,688,0.1209105598534993)
(1392,2019,0.5136734510738228)
(1390,842,0.5708195202950721)
(1262,1329,0.5726711426585225)
(1363,1653,0.7268558365038998)
(494,1405,0.4929393302430295)
(858,1306,0.2552267946965734)
(1214,1326,0.11830916863933871)
(1941,1428,0.8890749993119694)
(876,1405,0.09575335059531942)
(1366,2441,0.6884495042958485)
(1587,708,0.6272789228441109)
(658,2029,0.10929718281213041)
(869,729,0.18636383598046002)
(59,1318,0.4315805237560364)
(120,1191,0.12863331728419491)
(635,307,0.3837684893326354)
(742,1075,0.25758298023376147)
(744,1266,0.39893545928503826)
(1395,1833,0.5834519959300505)
(885,567,0.3760804989901595)
(571,1012,0.11447486944928664)
(1028,1126,0.5526382744106314)
(1181,592,0.6626093524631674)
(1639,1397,0.9828976575752985)
(2270,641,0.3550004859977971)
(1542,1217,0.7850148736632453)
(2009,674,0.6083094273000378)
(2468,290,0.15191951779390078)
(1356,1261,0.6687407596485349)
(1397,873,0.17919915222277671)
(1942,2066,0.6992276326717711)
(414,1258,0.5141052741352921)
(1103,1997,0.9596136189637761)
(1456,1,0.9841048555224864)
(1351,1677,0.25530419678429683)
(1970,1989,0.07826082843597859)
(1709,1981,0.8295057290224246)
(1353,1066,0.34015707645897986)
(872,1529,0.47859511697331814)
(2500,84,0.5655964702094455)
(1253,1917,0.153700850803546)
(1895,2335,0.9893000332387238)
(1010,1621,0.5228118998455488)
(1095,1116,0.47381552731321785)
(1415,2500,0.4505786089815521)
(1455,1423,0.4908111060013213)
(428,1830,0.46656618725021326)
(1373,1130,0.13765133069360602)
(2500,1110,0.4400037602064477)
(1987,750,0.10215383684872337)
(1473,1762,0.8348913245817219)
(952,2001,0.5592965628890766)
(929,1756,0.1736339047832457)
(1834,1193,0.46056424844369603)
(998,989,0.8434920278708823)
(1359,1753,0.7140654182048743)
(2101,1710,0.9942055675659138)
(1817,1261,0.4459586247810561)
(514,2341,0.6469003105926195)
(1428,721,0.524423591541456)
(1392,1504,0.8018245280728296)
(1098,1,0.8775971814795082)
(1261,1763,0.309216601084212)
(943,868,0.0019008840415202233)
(715,344,0.8781491220386068)
(570,1576,0.9320509697262682)
(1198,776,0.379428856277381)
(2445,1093,0.22679769752955414)
(1524,1712,0.7476178899856021)
(825,1404,0.8813357761720145)
(1603,849,0.7667735535254305)
(1,1829,0.01445551125835487)
(2205,1474,0.9850289388653317)
(1484,111,0.22454182407709156)
(1719,1799,0.23108553749499638)
(1843,1055,0.635912800511965)
(300,1339,0.03607725565390385)
(1379,2500,0.437609408586099)
(2035,653,0.8739971091577224)
(369,202,0.1993878482143736)
(1356,1071,0.1722820455582248)
(1841,1163,0.1065588796437239)
(1070,319,0.4877293232449714)
(2500,1998,0.1717900895890161)
(1120,1205,0.6918966659472376)
(1510,2061,0.21089149923612527)
(2237,783,0.6085650685891418)
(988,218,0.05105977219580915)
(210,1934,0.4886921610450793)
(2500,1059,0.4480255472975013)
(329,1262,0.6750841655941682)
(2482,859,0.21555613824129194)
(708,684,0.6318810449867509)
(1114,194,0.09873091348125795)
(198,545,0.8375567704019168)
(1267,1318,0.8971150300704152)
(564,1685,0.4721817568805674)
(902,2158,0.055787101005438045)
(1019,2049,0.08064227524157275)
(1068,836,0.2979268790487054)
(2500,585,0.9293997052611249)
(2500,1438,0.8950464139686733)
(1350,2460,0.691929625670074)
(2495,1441,0.956732096127548)
(69,1882,0.2185818804740507)
(1148,261,0.017189169094069423)
(857,963,0.6998825480639006)
(573,1983,0.9638242468363931)
(1611,1354,0.1933426707331326)
(1731,2159,0.37414027877239053)
(1861,1461,0.9724232787938462)
(485,30,0.6184006368878234)
(295,723,0.9018791827810021)
(1131,593,0.7204209236706118)
(478,544,0.13876333030564525)
(2062,635,0.7172755098712358)
(1932,1560,0.07002778980697433)
(1461,1183,0.09112532277780672)
(715,1136,0.3631974461345482)
(1223,922,0.7040168821315824)
(2157,1310,0.6451045319314211)
(555,2130,0.03895923364840603)
(1752,1518,0.26596198888418665)
(321,807,0.5999153415672054)
(1082,850,0.7719647320289463)
(1,1157,0.705485231734896)
(1038,2248,0.8764101549243711)
(1445,1685,0.33494497550638)
(1807,1248,0.03692312886052207)
(1991,1966,0.2225291645425136)
(927,1646,0.7989301633855301)
(2236,2298,0.3315109595353408)
(1226,1874,0.5818620213053167)
(1272,805,0.12833853211433333)
(1494,2274,0.3199339069385386)
(2107,1688,0.2450225366846306)
(1156,733,0.7241594875251673)
(2213,1666,0.7450066478348014)
(1084,1645,0.1317788629117186)
(1580,1805,0.6116919564717751)
(1406,462,0.7205389698005263)
(1458,542,0.6299743155609641)
(104,592,0.5337856835683671)
(1303,1851,0.7348522612828677)
(1345,1371,0.17544854177401414)
(2271,890,0.24601785572237478)
(570,1265,0.6176501502504596)
(1698,1280,0.5673832511397828)
(998,1270,0.8041643032610666)
(948,756,0.31230961813055)
(1713,838,0.9878594336592577)
(1111,99,0.6548983023622864)
(1992,1203,0.3296896705128638)
(1373,1876,0.1943802549985928)
(1,933,0.05187533771038266)
(842,831,0.49099703170395625)
(1694,883,0.016158341739756388)
(1032,203,0.790264149884526)
(899,1095,0.20095923151590867)
(1814,1441,0.6524673788439294)
(2102,837,0.6933826672378963)
(632,1280,0.7518220593146073)
(524,1580,0.9928243390444138)
(1959,1400,0.1664964235661328)
(1337,1,0.9787459932149535)
(2151,1389,0.6039722853260506)
(1323,1921,0.7134353424773141)
(2070,337,0.13536276101183087)
(2368,566,0.5872014166529699)
(1531,1193,0.7571878399215409)
(2108,1346,0.4633126958664978)
(2005,1141,0.7644664045997718)
(743,843,0.7875469228018867)
(1148,914,0.5101521214543597)
(79,2012,0.777350429567614)
(1049,315,0.9116970285878933)
(1215,1532,0.13445805804478617)
(1372,1573,0.4602188992492138)
(1258,1560,0.43630595593419974)
(191,1351,0.9783307352900418)
(358,1517,0.19877010478730073)
(294,1057,0.8330273811407771)
(1054,1490,0.7671513025958216)
(1705,2072,0.9950151030400789)
(2500,1820,0.20314401837785712)
(1447,318,0.9645925119242222)
(858,1185,0.355365723374764)
(489,536,0.22031192553909407)
(330,1030,0.648537236935174)
(2093,1900,0.26090961691725434)
(1403,669,0.4433095952575664)
(946,1899,0.2935385221567889)
(1105,1614,0.6560395953424337)
(929,1,0.1432379829857553)
(2215,1063,0.12369069272578448)
(775,1715,0.057084248819105676)
(1140,1321,0.5951531285970756)
(312,745,0.7493929983502752)
(1604,241,0.7138055675787668)
(367,662,0.8107299610547808)
(1686,2322,0.8228621896753594)
(1150,433,0.331965249776521)
(1994,894,0.25508034973589666)
(1712,1681,0.5727885733817139)
(1426,1219,0.9241381251456007)
(2383,1746,0.5104377647162346)
(1,1291,0.9379441124548074)
(201,2196,0.8923925184915482)
(1173,2500,0.5127381214318463)
(1,950,0.33618033014054594)
(192,418,0.8328653400946731)
(1937,1,0.9620812233970786)
(898,976,0.64716990477374)
(1294,1159,0.7771336385389964)
(2500,1520,0.4856616761825646)
(1446,1057,0.14389974019960106)
(1744,1613,0.22902966992601326)
(2322,1508,0.05483130676682002)
(1174,1017,0.4939600457387102)
(360,1883,0.7867640380109152)
(1076,1008,0.9539994631072324)
(1338,2094,0.2494737915066998)
(2139,1741,0.0024414709760716136)
(1200,194,0.17982488135674024)
(1448,799,0.6788672351468896)
(1597,2359,0.36628402171671837)
(892,838,0.9732861104973082)
(394,1699,0.3379662184455491)
(658,1736,0.22860685198352326)
(1,2201,0.47491399242879107)
(1090,1522,0.44524941852423106)
(1813,2398,0.11576741947746239)
(1195,1080,0.9876754837393498)
(653,1562,0.7400856314158187)
(868,1949,0.04424036958016786)
(1508,925,0.5675290367283296)
(303,2095,0.07497566324508753)
(1315,2500,0.40213267944486897)
(569,1209,0.3915993229294663)
(943,666,0.958770632499963)
(690,1205,0.3710773707438352)
(1262,1411,0.2550340987646509)
(299,1018,0.20270941646394125)
(477,1546,0.28562510980264555)
(1581,1276,0.22281527701748804)
(1653,843,0.18390752365002183)
(2280,1411,0.2378869339732559)
(505,2301,0.5854997063933407)
(1466,88,0.5055435381320018)
(1363,1727,0.8279794502601997)
(1592,1828,0.10591532510802137)
(1206,533,0.06999097698511092)
(1781,1873,0.8036832783278627)
(1035,2500,0.35423312087794734)
(1516,1,0.1835363653374893)
(1432,1343,0.9009801790030867)
(1093,1575,0.49979454835410553)
(1277,739,0.9372212364891963)
(1902,956,0.4245600515457302)
(1691,1727,0.6309931235009252)
(1135,2076,0.022199240193123804)
(518,1,0.13931683173131415)
(472,1609,0.8062626063478007)
(1969,1267,0.6674171931804652)
(1303,881,0.011955019574726666)
(800,2011,0.17276458393124972)
(1126,309,0.7870779785628084)
(1381,338,0.24947408731299325)
(1896,2324,0.7305197457825789)
(1230,1803,0.6563498688808463)
(802,1497,0.7157271417950724)
(302,2180,0.4734543412022876)
(2108,1814,0.14335597986404502)
(1162,1317,0.8642405099103374)
(1305,337,0.9198265643012076)
(1519,1417,0.9002858739774285)
(1266,793,0.02897014623007743)
(1623,970,0.5685096639476492)
(1041,1184,0.865573372685)
(953,1584,0.9682892226868729)
(1172,999,0.1574306413296983)
(971,1545,0.37050858259659614)
(1253,400,0.6498865952545698)
(1406,2267,0.3753735399846616)
(691,976,0.8626254865963275)
(2105,1278,0.033574085993955505)
(1635,365,0.9854975680398883)
(864,2353,0.9617892850258307)
(1229,898,0.3853499789601964)
(1978,1980,0.41081216083313965)
(979,2032,0.5381711660995083)
(1426,1981,0.12789100552279664)
(978,1381,0.7181066294580094)
(2500,1887,0.11585695299646381)
(898,1172,0.5077490896914596)
(950,300,0.932884926142503)
(1154,1,0.7184084456231014)
(1,523,0.2752283674505631)
(1912,1047,0.015588198857616642)
(1742,790,0.5323628443611614)
(1381,1570,0.9808969600066152)
(1488,1576,0.770698402526102)
(464,1243,0.6841707452647003)
(650,725,0.001735691550624363)
(996,1754,0.8158534561394588)
(1712,1,0.13072502062768232)
(169,2157,0.4250556818149567)
(1046,536,0.1717120541303575)
(1376,1385,0.03142215809928017)
(649,817,0.8281625470987821)
(1668,1152,0.19849691608677944)
(1158,1004,0.8881920634441944)
(798,974,0.28234909118782736)
(891,857,0.6882760669034065)
(1730,2044,0.3553655272848375)
(1240,2337,0.690749830798026)
(620,1117,0.00381905464452037)
(1532,1273,0.17432453531101566)
(1504,165,0.48708072034482675)
(1,1489,0.6200653851948819)
(1368,1,0.27501580490900546)
(1459,1468,0.10476667674181617)
(1127,868,0.9617762688343913)
(517,1362,0.539152888533936)
(561,1555,0.8541491170916263)
(1,1138,0.4389757117934868)
(1332,1429,0.18692015630716785)
(1287,1176,0.5173641815018915)
(1248,1611,0.8328729357118178)
(1760,1048,0.9171996096285988)
(1337,1628,0.32833055355175167)
(1150,832,0.4193777284219664)
(1215,1090,0.7788821041802351)
(846,800,0.9665949061940756)
(926,803,0.32972256772759423)
(927,1351,0.5600294339212389)
(1887,624,0.7561371634872772)
(1216,862,0.7848372972171941)
(1425,1578,0.7822391872253426)
(1221,1146,0.30183582786109797)
(1478,203,0.9752474316346856)
(2172,1629,0.05220522337061395)
(1350,1184,0.4476554553387073)
(564,721,0.15661645617481912)
(1,1686,0.376159883403961)
(769,592,0.3818920296438516)
(1888,1029,0.3085656054084679)
(1385,1264,0.0017390985188686647)
(1792,803,0.6286470210725693)
(239,1699,0.6658161110090745)
(840,1011,0.26929219839177787)
(496,525,0.6736195449734379)
(1207,2030,0.7559040424355459)
(1062,1092,0.48804139515606293)
(1737,1553,0.9080614851085793)
(1,347,0.2013736504788164)
(209,1560,0.9051543374725148)
(1662,78,0.8239102217873576)
(1371,851,0.8456444060116862)
(1817,1736,0.09087298648961095)
(1772,77,0.6222696361422639)
(1124,1190,0.4492923764766845)
(750,1621,0.17495812794475307)
(781,341,0.82916358080323)
(1568,1316,0.9829812683585885)
(1381,787,0.8249652257590967)
(415,746,0.923548754136101)
(1864,2397,0.05901780567408976)
(690,890,0.0830877949615082)
(817,1044,0.5083015073834742)
(353,1568,0.8869588350671865)
(488,1555,0.9924501326565818)
(1779,779,0.5577013931013067)
(786,1280,0.8825957825078784)
(1176,1098,0.21832112865448894)
(1668,1341,0.9635281332375404)
(1,733,0.2896141677213585)
(573,1238,0.44253926388594567)
(1211,1080,0.31684104949046155)
(409,1182,0.19651022091059323)
(1276,899,0.2904356346421627)
(28,1243,0.3804470781336312)
(1402,1279,0.9912944351862878)
(1303,383,0.07384235077952273)
(1993,945,0.42208060315085016)
(1395,937,0.6921485172153814)
(1080,1783,0.6281032978806519)
(793,1016,0.9837851517514383)
(1584,1144,0.47991789237094296)
(876,1,0.6783311389088655)
(360,1337,0.09837456443328185)
(1216,1668,0.004099607048566156)
(1109,1808,0.10317008672445893)
(531,1160,0.6278289640299399)
(1258,2200,0.9331684832794678)
(1173,1571,0.18312565188866303)
(1,1420,0.16320362093829577)
(16,1458,0.7695188643780425)
(1189,1693,0.26635001848146045)
(1237,747,0.6915589647638892)
(562,1119,0.7272127038569083)
(2103,2500,0.07113469882549717)
(989,580,0.9686903032103436)
(1176,1079,0.1992677340871859)
(335,535,0.7592319835217964)
(2319,1582,0.6704563534654534)
(2135,2199,0.5090318623811415)
(922,2037,0.9504852281934978)
(608,1375,0.6516757453735543)
(1,410,0.8591123449189473)
(1399,1380,0.7563020072527173)
(721,449,0.06914723198181683)
(2423,1164,0.9671015121061997)
(1406,1315,0.5021873275016326)
(203,2024,0.25183782518120756)
(1729,1632,0.05789145448240329)
(678,2500,0.4659341753865405)
(1843,2129,0.4125204196704899)
(1215,608,0.11281698747944591)
(1628,1578,0.0017635291557701605)
(823,355,0.33276584879880056)
(1196,1280,0.20262073727794216)
(471,811,0.8024817982967934)
(777,769,0.08639877887970482)
(1846,730,0.5011784785175116)
(561,692,0.14700927272168052)
(1239,1051,0.9755495000204338)
(1932,1485,0.4268979303946515)
(1149,407,0.20652627566562698)
(654,1575,0.6129360146509745)
(1542,980,0.7743602910624052)
(1,1183,0.3544070940228671)
(674,1584,0.8750989168680929)
(627,683,0.2874950729796969)
(1085,1656,0.9462758557387854)
(2226,2175,0.8597708993592245)
(1832,1858,0.01981578118711025)
(1851,1646,0.8793248889036692)
(617,1429,0.24968822427292325)
(1297,564,0.6185095312995325)
(1659,1105,0.15500430403931142)
(2500,811,0.9333769613746861)
(1339,770,0.6271717371459481)
(1877,960,0.3998733662693411)
(1927,2088,0.18557087113638093)
(533,300,0.5566886537872259)
(2038,2079,0.3808250443685708)
(1427,1370,0.1712542382225447)
(2231,614,0.018308548551426718)
(358,1547,0.007231610627927543)
(1661,947,0.043369337625467574)
(706,1796,0.4831251058113296)
(2062,1367,0.8204889736318722)
(1681,1825,0.711671541837578)
(663,1164,0.6527175615920872)
(582,1,0.10310806250834392)
(1,1630,0.6788986008662597)
(834,425,0.6342901722023938)
(2031,1815,0.34124038894354913)
(1677,1402,0.8664275430220636)
(1015,609,0.5922822944946643)
(958,1290,0.27142256918300234)
(2500,1342,0.4819260108433384)
(1117,654,0.38283431046507777)
(627,1028,0.3836109511393049)
(1306,1229,0.7059379632002604)
(595,1571,0.23243855231322852)
(1709,1186,0.3038261501177757)
(1402,1580,0.17519414116152632)
(1642,1069,0.4610707160077404)
(175,541,0.736059321087215)
(1590,40,0.21454324084491228)
(1064,1512,0.7756394288388252)
(1377,1855,0.8889754572504162)
(1355,1020,0.2806893442106395)
(758,525,0.2453873691121098)
(965,1030,0.26926955726205204)
(1341,1551,0.2913699212777937)
(1316,1526,0.8869744941816615)
(2202,1426,0.6533716423655986)
(1557,1298,0.38773776339716426)
(2485,1408,0.01883262101993488)
(1437,957,0.38310144074420827)
(783,472,0.9366124760614375)
(1595,1702,0.7602191237509975)
(1169,1665,0.6123829206258098)
(1910,1703,0.7262368254435302)
(581,2500,0.4639758855611802)
(572,3,0.8543747558054254)
(2500,777,0.10008073781914006)
(123,500,0.8999246661785638)
(2251,928,0.7510188965356984)
(1431,1513,0.3424006346964594)
(1375,2012,0.06867148351489272)
(1369,1405,0.5576352875669409)
(923,1492,0.7023762283052569)
(1685,986,0.3114575348759553)
(687,512,0.834733392066996)
(1,1687,0.5822975252194315)
(1754,803,0.7595155351336124)
(1987,1248,0.5773629163738068)
(1980,1002,0.6159845285445869)
(1468,1323,0.24389507914516262)
(985,1603,0.893099166483935)
(1619,1533,0.10274563025253214)
(1348,1522,0.9971985126381072)
(1,1539,0.004391671647057782)
(998,1318,0.6485924019686741)
(1140,894,0.9454869967052782)
(1684,1198,0.5434558666767825)
(1573,466,0.8443521749389327)
(826,1586,0.6862912143743333)
(2238,2053,0.24444678220932536)
(1168,1869,0.38268683008975424)
(1026,1202,0.7406926649007298)
(1565,389,0.7346458813060543)
(851,632,0.7868008478388339)
(1335,766,0.4193605842943553)
(168,1339,0.9212455100999143)
(2,822,0.9842929692101402)
(1874,1839,0.8236174831999833)
(646,944,0.625187576615586)
(1147,1426,0.8955294627955928)
(2452,306,0.7445928979923442)
(2379,221,0.01571190516903964)
(849,1,0.2983590079264482)
(1893,1209,0.6444489209895596)
(1688,1219,0.04392316229660165)
(766,1448,0.04776410670849829)
(640,1286,0.10700553488213049)
(2275,100,0.9860562085274434)
(1283,2500,0.6436032206727533)
(1423,1286,0.4067234984947071)
(1514,2040,0.6549551055017576)
(560,1166,0.4453717959455391)
(893,1731,0.03157959971429114)
(1288,2398,0.13593825176669905)
(1950,1481,0.9372813361375685)
(1224,672,0.6638000275574643)
(2321,1250,0.5949804296215733)
(1852,840,0.5966935091198549)
(1258,875,0.805979941037303)
(1834,2430,0.7587069729294362)
(1367,1081,0.2827328316009624)
(2355,646,0.38843403200325366)
(638,1754,0.402209189312807)
(1938,1966,0.8755601407634009)
(1476,1093,0.9103374688267879)
(1392,1612,0.7644396966012971)
(809,1284,0.8910680474470823)
(1650,2293,0.212421950594603)
(558,2318,0.9185906506381061)
(858,905,0.817195410273498)
(2058,1426,0.6044412738916777)
(1753,1748,0.7778163311382789)
(2055,819,0.4870060108554156)
(2272,1713,0.009085288206197029)
(201,1492,0.45288960155261804)
(1988,1379,0.8847031097268189)
(1680,207,0.24955540676833265)
(1410,960,0.7052806700210213)
(1640,1184,0.447397448606924)
(1679,1237,0.6318249966709972)
(2046,1779,0.35374286029632274)
(758,975,0.4685209253325038)
(1463,1305,0.795499677682097)
(2153,1488,0.4472651893804037)
(1962,803,0.15745683199349536)
(1408,1605,0.284519329889355)
(1721,1811,0.6761247793062053)
(1020,1,0.33883675130951263)
(856,1041,0.48348122234325075)
(1375,1660,0.5872852016600111)
(354,1233,0.5514280105880831)
(1479,1725,0.003907133318799216)
(150,2026,0.24775945786482145)
(172,1674,0.24717913073320574)
(1613,352,0.9507747250383292)
(1363,2440,0.6795979362749498)
(1884,1407,0.21456068761747937)
(1416,508,0.19247531107121985)
(1105,1420,0.1318123554229621)
(703,1371,0.519468997051637)
(1136,1,0.1436460465198638)
(498,1361,0.6629450571261829)
(2000,968,0.7357607010984634)
(1899,1446,0.15857876323940356)
(155,935,0.4469917307519622)
(1774,1659,0.6814804983604223)
(1710,1569,0.1098315551257204)
(2143,1407,0.8746645702082866)
(1468,2078,0.7889401093279232)
(1263,1586,0.24350089212325599)
(1294,451,0.13827937184735917)
(75,905,0.21687516904440307)
(1124,888,0.6444120256108065)
(633,907,0.6035616084566594)
(2500,1722,0.7098952894163253)
(1265,1979,0.27001536822750594)
(1314,2427,0.20628398839843642)
(2009,423,0.5295352775189501)
(1228,636,0.5420430935614415)
(2023,1600,0.4256091203468103)
(1454,1325,0.40758195700597644)
(1659,419,0.14253582970659473)
(1,2021,0.03255834068894936)
(2256,1674,0.2589143314586899)
(1883,749,0.6635369615225004)
(1841,777,0.18276191538728515)
(1014,1319,0.8035952138841033)
(1001,762,0.6409362998701423)
(1,191,0.9095217330182863)
(2500,1383,0.24590413469041184)
(1245,1500,0.6055001418934934)
(795,1046,0.7371558963259947)
(837,441,0.615467704103977)
(669,862,0.5326020834284144)
(1741,1498,0.5034618389461811)
(1109,2063,0.7437552490649187)
(963,2245,0.36083251265664873)
(1962,991,0.5915405027618036)
(457,631,0.29943536238358714)
(457,1624,0.7245362600593351)
(1766,1271,0.01589708527288103)
(1917,774,0.6670909991404652)
(1920,999,0.060601914070479546)
(898,1903,0.02500921655114008)
(1311,484,0.18903080096415226)
(505,1262,0.05346997785099061)
(1557,1266,0.9340282437820697)
(1720,1057,0.6100035121435127)
(1490,2265,0.5273099375721735)
(1738,1014,0.5716732926265341)
(1803,131,0.4235567689833354)
(1056,1081,0.39322277441076825)
(2107,816,0.9524474539666871)
(285,1480,0.8416767937699785)
(1234,214,0.8107151841473552)
(562,1833,0.676007889764447)
(804,1243,0.5143290781696676)
(1234,37,0.3099425174956668)
(464,1153,0.565206644230832)
(1150,1250,0.4567251719427877)
(2204,747,0.2995320211230952)
(2500,125,0.1262061840332479)
(1213,1053,0.2928153088140699)
(1881,2263,0.6133075790064073)
(1472,1142,0.7930950781779964)
(706,1164,0.22077932052191007)
(1572,1583,0.8126980690685642)
(1878,1472,0.5190440885381695)
(556,1725,0.9543315289408772)
(671,734,0.14515142466294528)
(1825,1561,0.0688970586274067)
(360,1718,0.7835053654513147)
(1819,970,0.15868381877679605)
(1920,1115,0.49031905670950626)
(1898,931,0.22239574028936548)
(1038,1411,0.18520860587199273)
(2500,1157,0.9100270624327969)
(1919,1418,0.3778515900342383)
(2125,293,0.9238405713596459)
(1128,2392,0.8827558080442993)
(2260,1674,0.8901800440358895)
(69,2413,0.01080810283565059)
(2054,2098,0.5473773683123819)
(1548,1960,0.5973602025042518)
(409,1746,0.14515530905762808)
(1586,1586,0.3739968891505431)
(1099,1313,0.8342643549409886)
(1387,1223,0.46491159719746733)
(2127,1441,0.31954377460147865)
(1336,1223,0.5053030339632667)
(1343,691,0.25504692909100457)
(1024,2170,0.8835729959758735)
(1472,1598,0.882731854254005)
(1208,600,0.18287376190006754)
(1630,1751,0.221561439537434)
(664,1054,0.5193997371471514)
(1101,827,0.6626412281025706)
(415,456,0.35325492761946164)
(1235,1172,0.5366368361864242)
(2058,1761,0.7388559865026025)
(976,60,0.5269678555705651)
(1314,1599,0.397235983785476)
(1475,1313,0.42588398885586476)
(1632,2039,0.5660311447204079)
(550,987,0.0043466171686106225)
(1292,2500,0.997528267194052)
(616,991,0.8212261728056647)
(2399,1584,0.914245443363964)
(2296,575,0.9958382926917333)
(1465,1101,0.7463329678440407)
(1300,969,0.601116403773599)
(1634,723,0.4869518647738923)
(268,2222,0.2872881036104361)
(2057,1586,0.6606933190898603)
(1718,1942,0.9414488216566984)
(819,431,0.538970000329818)
(1770,1008,0.5747414680810516)
(1188,2021,0.003163874456014071)
(1190,1679,0.948965031547654)
(1755,37,0.15955825627065767)
(1036,2276,0.12163926971479555)
(1180,1,0.8266710574415662)
(1607,2051,0.5187764367931006)
(1867,1670,0.1240058397083087)
(118,459,0.12639300733220626)
(1228,1088,0.7036554981742951)
(591,2500,0.8740745725714909)
(2026,1158,0.5412670253155754)
(1642,1293,0.6962855486754561)
(1985,2181,0.8375219534355964)
(1169,1,0.8892049150780249)
(1429,1909,0.8666755295588741)
(1645,1451,0.015012988493497526)
(240,772,0.5626422570829587)
(251,2065,0.02127918093342307)
(1367,1249,0.699523658169378)
(2500,1008,0.8875496793781541)
(530,1280,0.5843717440393865)
(1648,1439,0.9152412797734106)
(1251,1392,0.49326149739891856)
(1164,1146,0.13986793516330476)
(969,1135,0.0542087908793536)
(1597,382,0.17466224942713537)
(1570,1032,0.46855120499081115)
(1723,714,0.5696162134399223)
(712,1022,0.9563030970392249)
(1241,742,0.9747177555211932)
(1671,536,0.354794952969407)
(1335,171,0.44884447845672537)
(1351,1469,0.09650751163393612)
(1,1459,0.24581642875079635)
(157,1423,0.09933811321011488)
(1359,1908,0.2961623000705046)
(1499,1384,0.4612278052450496)
(1058,1989,0.8631957469368535)
(1654,1089,0.9382048036575936)
(1800,1447,0.40835023407081117)
(901,927,0.6459729618447481)
(851,12,0.48739620710852305)
(2175,1396,0.258913351641637)
(440,570,0.31576209568870006)
(1089,2257,0.532503013133641)
(1705,1164,0.4384703946456724)
(94,848,0.7711294759710497)
(2078,2148,0.14461113861037533)
(2014,1,0.43998354563749986)
(1201,960,0.47935805179162705)
(821,2500,0.4021716692381635)
(1,1741,0.23825242037946348)
(1519,144,0.9194064969629824)
(964,1843,0.34682049967921214)
(1771,1918,0.17606522252700807)
(844,1099,0.5462038959295241)
(681,619,0.4511996640216116)
(1366,572,0.7671038793674363)
(799,1584,0.002493802922393984)
(979,1,0.6571935489775749)
(540,1325,0.5502638223492637)
(1049,1577,0.6015961690775312)
(2407,1381,0.06713998998506565)
(1328,2420,0.9819200280057765)
(2077,2149,0.02119896843302982)
(1361,923,0.05581238268713784)
(1391,139,0.3774307296782853)
(2042,594,0.11498556550538863)
(1237,1697,0.5229977886558774)
(2210,1865,0.17123866587892433)
(1795,665,0.48063721889875866)
(1982,1055,0.726197648481374)
(1,1119,0.3911382808271865)
(1250,1244,0.37922250413644765)
(185,1933,0.2861252436838495)
(1632,516,0.19726178008022022)
(409,1217,0.0900241503737258)
(1902,1085,0.954302479187678)
(1553,991,0.9899803503263617)
(477,1640,0.9135640009994265)
(1258,2296,0.15690954468899776)
(653,164,0.36439676500384277)
(758,1454,0.2829676579589011)
(1736,2314,0.17262311431869548)
(193,1714,0.5215021725847094)
(2009,1716,0.19325474616558203)
(343,845,0.15082396856301794)
(2018,1345,0.37148566276607964)
