(998,1305,0.9476242087952856)
(889,1072,0.9505860571252164)
(1819,1642,0.6126399643066229)
(1135,1830,0.8969106556980654)
(2500,1309,0.9533683473968876)
(627,2424,0.9417062536675574)
(557,661,0.7955269562349729)
(2500,1985,0.8223423551234222)
(1255,917,0.07079499324202587)
(1678,1067,0.7900777978019744)
(976,460,0.7677470051690752)
(1483,1206,0.3887266259809753)
(2131,1379,0.7398464988014581)
(1001,753,0.1937507864493826)
(1068,1075,0.82048088791279)
(312,848,0.1072778800284393)
(1980,1751,0.9780832145994174)
(1565,906,0.31110463595888105)
(1268,1312,0.8375579546925508)
(1854,958,0.22077259301549768)
(1581,879,0.39331003477333515)
(2031,935,0.3812771349862053)
(1396,1620,0.3701025527390749)
(1376,706,0.28610489967275676)
(1193,1206,0.679979989002371)
(446,2214,0.470260055518254)
(862,524,0.5696860368696641)
(1341,1394,0.3358848717746047)
(460,696,0.04602765225501815)
(1,945,0.7663438011322476)
(1138,786,0.10210152329640909)
(1334,2500,0.5451484114540819)
(1609,1498,0.7495178186229168)
(1491,2061,0.26728356023406696)
(326,1145,0.4824665799549501)
(1511,1784,0.2179761492422143)
(977,1273,0.5926256363307929)
(1370,2020,0.2897480211415854)
(1633,1226,0.9508887632959576)
(2113,1029,0.8400949755935456)
(496,1448,0.5928169554872821)
(801,1359,0.28589623422034305)
(1600,2500,0.19402322083060797)
(461,1538,0.4243494862673953)
(2142,884,0.6784241496145523)
(859,382,0.9114648714510393)
(843,1510,0.26533316758180725)
(1206,1134,0.9988257241434371)
(1258,1578,0.8284023185736659)
(2178,1490,0.9643245987301592)
(1043,1300,0.09272281114864667)
(825,1822,0.8431628770199723)
(1613,757,0.37580602955294107)
(953,1835,0.04671617469004785)
(437,1454,0.6783085830978501)
(1316,1071,0.5392474902099795)
(899,1238,0.84273695177241)
(1253,1238,0.8969114100075822)
(701,946,0.6004898793961448)
(1490,1266,0.30554862488193235)
(2304,359,0.8647840796132884)
(1248,1,0.17781879318872018)
(83,1910,0.4105910905808552)
(1235,1149,0.7172140026958281)
(1299,1335,0.6070106111000987)
(1805,2283,0.12729873455042595)
(2175,2125,0.4284582256712314)
(1582,320,0.04908617278007055)
(2143,1557,0.15278153889060309)
(1614,2340,0.8981536216769502)
(1603,1450,0.19376252907301705)
(742,1754,0.9778532911655887)
(2500,1315,0.8119496985388089)
(2032,1255,0.6585911826000744)
(1070,1229,0.22812194107358985)
(1233,877,0.23233649324896377)
(2315,566,0.629581890801297)
(1639,403,0.3109104691864887)
(900,1075,0.7478686008203985)
(784,1778,0.9946837710367267)
(2227,1,0.23937104663345476)
(670,130,0.28411898254526535)
(1,796,0.7687488063439712)
(1676,2242,0.16434834735526094)
(795,453,0.9874414086100939)
(1224,1398,0.8021793982502724)
(2052,1,0.46856617583474514)
(1531,1338,0.08244675279251057)
(1709,1595,0.45294936899431815)
(970,863,0.16991999580569128)
(843,1477,0.8480296186198266)
(1038,1906,0.9920856932616362)
(745,1571,0.284769284618435)
(1314,250,0.08291776799749762)
(1165,1335,0.47166074106251354)
(1860,2200,0.23240318546663263)
(1532,893,0.4469506355318511)
(612,1051,0.1697086304277896)
(470,1286,0.007966014294964019)
(1399,1696,0.7502784815816944)
(2146,1,0.3166322003993065)
(1385,590,0.05284762445918789)
(1125,674,0.6256665033337488)
(977,1214,0.16553495490747072)
(2005,1507,0.22103074885966634)
(995,2500,0.21691765493104243)
(1865,988,0.05249898563656874)
(1434,1459,0.6500714121159406)
(630,1821,0.13152081557747852)
(2500,1711,0.44176468598748253)
(1177,1888,0.6265661338370538)
(1765,1936,0.5445523534666595)
(2406,1221,0.8312635372506811)
(1272,426,0.878622761255041)
(874,1668,0.08647568379077708)
(1448,1293,0.09639818571679615)
(1017,147,0.4248860281375433)
(587,997,0.17244782503655598)
(493,377,0.8121567421524584)
(1486,2031,0.8496314575513811)
(2064,1183,0.8441527752205868)
(1613,1509,0.7347402118663483)
(1170,876,0.05354844661943581)
(939,1063,0.311739896699324)
(597,644,0.08112840668475929)
(801,172,0.5486208210888089)
(1070,711,0.6664069202663323)
(1248,2317,0.7280001603621603)
(815,1603,0.9765924138272134)
(1776,1120,0.2006194129150941)
(988,1185,0.20939970593926382)
(1963,302,0.1343823761578371)
(1316,874,0.6719607266295557)
(1011,448,0.9838312831571178)
(713,1046,0.7036754146953468)
(20,1192,0.2253687342117584)
(674,2493,0.5496099710230123)
(2500,1638,0.8188497964026556)
(1142,963,0.3185108833210427)
(2023,1118,0.2992990977283565)
(746,2026,0.5719826035417264)
(578,1,0.6536585757546414)
(2442,857,0.860683350654622)
(1104,1744,0.32823032349348924)
(1350,2079,0.2762831379839308)
(1545,368,0.43102230943938225)
(1234,1375,0.6574511855876862)
(2500,1461,0.43970197636994723)
(255,542,0.7123204542840517)
(724,1137,0.4682300478622976)
(1701,865,0.9823791589355261)
(486,1670,0.9882426606782312)
(506,1141,0.2950336137848467)
(1625,1,0.45221810596828227)
(720,704,0.8759287193639976)
(1451,2295,0.46815438456505576)
(1359,682,0.542697584391816)
(1533,817,0.08079644301915168)
(2500,1274,0.08856577707687563)
(1793,1472,0.32262251348616977)
(1892,1669,0.7462310628680646)
(1210,1460,0.9747769428952082)
(1009,1663,0.23286184967873935)
(865,1706,0.6404191861083957)
(360,1160,0.5833756520280551)
(1108,1690,0.9075717562115737)
(1335,929,0.24357315737942642)
(1905,973,0.1059029600236806)
(519,1583,0.8751572184713693)
(1373,1460,0.24920043225541366)
(774,207,0.9529790938574283)
(1158,1062,0.6655669723503653)
(1396,1374,0.8315606056201752)
(800,1453,0.8223524924386736)
(1072,2500,0.7291774239506591)
(1448,1312,0.772821789805725)
(1261,2044,0.5833161631660881)
(602,2197,0.876546802571115)
(723,36,0.5913410532442903)
(2321,1115,0.5598820901749574)
(827,612,0.9863622867783977)
(104,1230,0.5449422931973698)
(1261,384,0.346328040317326)
(567,1,0.960876352369503)
(2452,1499,0.21922239412862166)
(1546,292,0.3759668086673562)
(1706,806,0.38664576071803236)
(2172,1406,0.8609846517824108)
(1397,1680,0.8442241657498077)
(1644,1110,0.5203825679524893)
(1425,1658,0.6957869432558915)
(796,706,0.3090689514286329)
(1361,784,0.28846699283614174)
(912,472,0.6351311709470757)
(1884,1879,0.2361703517815521)
(2130,586,0.8343547109904135)
(1094,1333,0.34139374595042693)
(1,2190,0.3041605664069371)
(1350,1919,0.19314924226322316)
(1233,2500,0.36435039997868723)
(1678,1942,0.6543262512029934)
(1748,86,0.5584185657427672)
(1227,650,0.46282351243382824)
(1710,1331,0.6360645659602469)
(1347,715,0.5471575008082584)
(1980,2274,0.5555893115134042)
(1085,1235,0.9656059682917564)
(1394,1240,0.28333410460373254)
(2061,1407,0.8142405552949532)
(276,276,0.40970549524279787)
(1410,325,0.5292196509382167)
(643,1991,0.9059075504414278)
(1981,1,0.34389861443236824)
(1223,1807,0.29158831258876206)
(1557,1811,0.007522603136551065)
(2297,1556,0.32204752518668833)
(1025,404,0.2260166884311604)
(405,1114,0.9976248117323558)
(2418,1362,0.022534357039039055)
(1525,1120,0.5267284661976112)
(1463,929,0.046916189186721136)
(1202,1463,0.4254891776428331)
(1501,824,0.9927199167194511)
(1034,1963,0.9238935955040567)
(841,1459,0.03405547526084107)
(728,879,0.6249655655029503)
(1158,2314,0.24116716939089333)
(2103,1,0.2326893978806407)
(1861,2431,0.9110489045567248)
(936,912,0.2937989166385435)
(1833,1436,0.5624485940527487)
(2388,1754,0.4887677332412793)
(431,732,0.9057664403085816)
(2283,1,0.4167969019192882)
(964,819,0.7756228509518347)
(295,1352,0.6596893881651553)
(1069,336,0.9809285438012403)
(1514,1182,0.8028489936068599)
(1411,1712,0.7873843257856897)
(1083,205,0.09997382597196502)
(2003,1185,0.2004623435186189)
(1245,1563,0.9934189360361959)
(885,967,0.9364803968488294)
(916,837,0.5093385095332935)
(1298,874,0.18866147061215)
(802,568,0.4814574492720568)
(636,713,0.18880022767571747)
(1355,1535,0.34009181666665844)
(1589,713,0.9486686364351937)
(300,768,0.48110220766980216)
(991,1,0.019248184784742328)
(657,762,0.2663319112753729)
(1963,1273,0.6397979556427112)
(1091,1954,0.6897795775641247)
(1991,1193,0.6965465188433987)
(943,1314,0.15305133208592814)
(630,1575,0.3852339992430751)
(2233,1626,0.16437141043073134)
(413,2500,0.11688593871580033)
(1207,1,0.03870865478375396)
(1205,156,0.6827047424088516)
(1062,2500,0.12563751371756993)
(893,427,0.7534794035194402)
(548,952,0.9882682716708526)
(1052,1636,0.8684287569697954)
(351,1432,0.47056777179039366)
(1849,1546,0.8572811714335419)
(1734,750,0.8105693682434111)
(323,1074,0.24188705579810188)
(764,1898,0.2994726015169339)
(1180,1386,0.3285222289493619)
(2375,1936,0.2953641879139043)
(1322,585,0.3221483460068959)
(1194,1789,0.5130136674587022)
(1209,775,0.7305607161071104)
(896,1056,0.49634782295235225)
(716,724,0.3735185677089736)
(631,771,0.667089528822395)
(605,1590,0.3123322709948282)
(764,507,0.5722195645164978)
(1164,2500,0.2938773934058281)
(606,2342,0.5692644210847446)
(243,381,0.0294224606171386)
(966,1262,0.22221491222169665)
(1225,1437,0.297559256751852)
(2214,2080,0.7894622081988938)
(1194,1297,0.847920288186845)
(629,2133,0.9372983677302845)
(1033,306,0.7252522338629421)
(1,1526,0.5826498144364277)
(1673,1164,0.052742905165426124)
(264,2006,0.34676435575918096)
(1531,1636,0.32950423322749567)
(1232,2500,0.004084321983147565)
(1670,1001,0.45136054340581)
(2500,1585,0.1629278170392221)
(2155,724,0.42500851250877913)
(2324,1319,0.031765025694366456)
(418,1726,0.8445718860034701)
(1144,2124,0.36282624217477777)
(443,1357,0.3215214330872438)
(2105,1079,0.8864644050321723)
(2147,1531,0.8339782298207001)
(1522,1531,0.7408015396477196)
(844,790,0.8874795763866907)
(1306,505,0.7625217655454781)
(2042,1277,0.7236748997229122)
(1265,252,0.9496633850513728)
(1315,1491,0.45815228591508694)
(739,1884,0.014632682067692526)
(1621,259,9.890035552418963E-4)
(419,1783,0.6126662207158965)
(285,1356,0.03383813005261305)
(1582,1692,0.48261790797700554)
(1311,1209,0.1427247547353816)
(813,809,0.8361171931133091)
(840,1926,0.9575331849369124)
(2371,1650,0.17366112578141346)
(1052,703,0.16247257000552506)
(764,1825,0.0704487310415226)
(1106,1126,0.31899833121942645)
(1121,1612,0.5154059174608574)
(1080,1663,0.8059617410140257)
(1698,1344,0.4698557957775511)
(2150,1792,0.6815238366732935)
(1,657,0.7030530315717275)
(1606,1134,0.7424625968437917)
(167,535,0.047470273367129834)
(1060,848,0.047225650406295894)
(1505,1514,0.8845051992499188)
(1075,770,0.6877798859599332)
(1143,521,0.3107084813689891)
(1492,1914,0.3990685499437342)
(1554,1431,0.9951902459842943)
(1215,1244,0.20832631025504578)
(825,1142,0.27642455804101396)
(1465,2434,0.2455989879583802)
(1993,1630,0.02790888457584184)
(1480,1165,0.6256743054979332)
(667,423,0.7579346269802124)
(1451,1731,0.13708455330689717)
(1684,1661,0.4869503948241638)
(916,1295,0.41533494263896265)
(559,1223,0.9332371573245929)
(1471,986,0.607373310868031)
(2500,2350,0.5969332120772363)
(634,385,0.5150713649591333)
(2233,1321,0.017741725866462166)
(1575,1267,0.5425239393955059)
(385,2410,0.4082388247365001)
(997,640,0.5284638587365763)
(1465,1917,0.965480465435644)
(833,392,0.3791026611711704)
(1139,932,0.3813559265039419)
(623,937,0.09213934461409867)
(1280,645,0.6148930696764329)
(1900,2052,0.595332725221903)
(1126,1089,0.1338353596579439)
(1392,1,0.47041531521375546)
(792,1470,0.7427834321829302)
(2500,562,0.49740695430575455)
(672,1428,0.8233027988898736)
(1735,1623,0.9693069688125644)
(1136,1648,0.05024517142685492)
(859,1757,0.11201247172593787)
(250,968,0.7727080140297929)
(1472,613,0.4441112642352748)
(1429,685,0.9455227667267475)
(1544,892,0.18216300366353688)
(2174,1317,0.45283860541255816)
(969,1620,0.3428571837184453)
(693,313,0.6407753799159988)
(1298,86,0.1704724623097459)
(1450,2402,0.013722565134538067)
(1285,1961,0.823849646078107)
(802,716,0.3532895683321742)
(1873,839,0.2681324315630773)
(1,1074,0.9462205461100645)
(1206,316,0.4458977282945895)
(1488,1363,0.8027069166108823)
(1066,2288,0.7698593332362493)
(867,229,0.05755430646093096)
(238,1754,0.20774005591651812)
(768,130,0.029032421294934885)
(1623,2172,0.5888611284374107)
(1186,2148,0.44495942827609525)
(1366,863,0.5502816188716451)
(1927,1414,0.429475680272545)
(1138,1130,0.4863198123796939)
(1,786,0.9486791855795675)
(906,1797,0.9711811393686756)
(1649,281,0.10179183446952944)
(1,1665,0.49094358968340635)
(436,1,0.29957980215863267)
(1263,20,0.8296971611353355)
(1502,1830,0.4303430287448662)
(959,2500,0.8390640674974909)
(858,2215,0.5438796242061403)
(1631,2122,0.19729517185425016)
(1640,785,0.5490879300733598)
(1600,1608,0.7908900696865236)
(1,1205,0.7260981708101426)
(1618,1391,0.7376030626428511)
(940,2150,0.39959771523137944)
(2013,481,0.5665055940546522)
(307,1671,0.6740318642797591)
(1253,1422,0.641460738091877)
(1,1068,0.26637715467790324)
(1015,1012,0.6719865178178637)
(2253,1605,0.717515733956205)
(1748,1997,0.9359404411433703)
(1555,1519,0.8959516014547242)
(1521,360,0.4224632060870034)
(2103,1310,0.7090444747126678)
(379,1927,0.9841595037977574)
(1200,1491,0.6412825166139103)
(1996,1362,0.7620155084753946)
(893,2469,0.3539275626138513)
(1732,2239,0.10400578408475447)
(1423,1302,0.338164456304863)
(1142,1026,0.45485793864588686)
(504,2450,0.5769465332433092)
(1912,1884,0.3982155089896873)
(2101,2094,0.7789379928166016)
(2267,2500,0.7883513977140499)
(1289,1464,0.8028432997737787)
(1731,876,0.6511002785943819)
(1366,608,0.90735316182995)
(1109,1464,0.008243626606666776)
(1962,136,0.42524028851090157)
(645,1812,0.9435067443768813)
(1163,2500,0.2894663420696072)
(346,1,0.8373770912431485)
(597,2500,0.8403081746832086)
(1135,1341,0.06523410976351551)
(1192,965,0.5987400822606045)
(2112,329,0.7038431450479504)
(1823,1787,0.19831662254469296)
(505,929,0.6112631482274044)
(156,1697,0.8942221084847474)
(1803,1630,0.06599951802372928)
(1027,741,0.05207760461439337)
(1685,1417,0.16254709616019358)
(485,1416,0.5404187992390126)
(802,1076,0.926583836906644)
(1645,55,0.48548616989499493)
(1258,884,0.9661801216395791)
(165,1248,0.5142841634908291)
(1116,1,0.9742760872421118)
(2027,1598,0.9119736542844146)
(586,1093,0.549991247121194)
(1229,524,0.6713109355448758)
(16,1999,0.7769800694717466)
(1608,1532,0.3366322183784951)
(2442,1168,0.39368525538865373)
(2337,138,0.05957200287195019)
(1621,1790,0.26827785986303565)
(1594,1071,0.4725937296241497)
(1624,1240,0.9552002048827953)
(51,2077,0.357412574367586)
(863,1302,0.840609588924254)
(994,163,0.4351283659680426)
(2063,2228,0.5183809498089239)
(1133,1077,0.18146173774796326)
(1,2147,0.11156435272021203)
(1425,1662,0.9886705666998788)
(810,778,0.18066633300870716)
(1055,1701,0.9000716663326876)
(789,1466,0.1750438822585465)
(1083,1,0.3778535534254984)
(370,563,0.36733958224923535)
(671,1713,0.17437014342464563)
(759,1244,0.5024524133130995)
(674,1205,0.29307148739031685)
(604,625,0.9536206922900506)
(2303,1540,0.45563167659511694)
(1018,1740,0.6514194996006968)
(735,1916,0.02430491367597465)
(504,1437,0.7535273834752337)
(1164,1393,0.39424614275763825)
(1304,1849,0.798126983866258)
(1562,233,0.4263562766904815)
(1591,496,0.5791573630855418)
(1527,720,0.7904936539095686)
(659,1002,0.26278714037529216)
(928,995,0.4110683560097119)
(734,1428,0.5459793050903542)
(1322,689,0.9442168203593415)
(823,986,0.19902960824255078)
(1285,1646,0.33312840840313873)
(2273,1378,0.14053066178482954)
(1802,1547,0.08975529760382295)
(1555,624,0.6237237358783907)
(1784,896,0.4454653582721858)
(1187,721,0.49596687267972295)
(1428,1949,0.6867537325289372)
(1151,915,0.1825779960290167)
(1631,837,0.7759475811181459)
(1469,1161,0.1658810902927903)
(1963,1879,0.4170069761904166)
(1106,922,0.7321549340971601)
(1299,1643,0.11894632279832573)
(529,2050,0.2681422561538589)
(1902,1027,0.8111715745728568)
(716,1598,0.1049729546596786)
(1561,189,0.6884222902930035)
(1740,724,0.7419640190342214)
(1521,1283,0.6412290554590658)
(1857,308,0.1217644637551557)
(1580,844,0.656863828357256)
(2019,1402,0.9847643344650495)
(1183,937,0.7058747572555861)
(1875,1146,0.8930666042591044)
(837,524,0.5712491864574359)
(338,906,0.9270875414054164)
(2336,1033,0.7323884828020024)
(1,1473,0.48999186578102205)
(1739,1313,0.3747748099302318)
(1301,888,0.7646008270412217)
(1285,1726,0.4275111518125866)
(2500,1200,0.5199752997591123)
(1275,792,0.5843957117714721)
(963,1103,0.45512714381762753)
(1178,775,0.5906668815829794)
(1882,1317,0.8251419653242452)
(315,1805,0.7978023446277581)
(565,2004,0.7378620328585739)
(1257,1761,0.8697734984591332)
(870,1090,0.04612486609348332)
(515,1024,0.8911985228561636)
(2038,190,0.3925636869966289)
(1593,1055,0.7011956430044267)
(1839,490,0.11159099429093988)
(908,1194,0.07532540942983623)
(939,841,0.8581729185096241)
(1630,1326,0.15330933208796693)
(1448,1937,0.14033584645296304)
(1969,1793,0.24056499643495233)
(1162,1106,0.6015101551319633)
(1750,1208,0.438884418522855)
(1797,2500,0.3100309370047918)
(1753,1699,0.21854265783720173)
(888,429,0.7482577642800986)
(901,1432,0.8964763790571958)
(769,1716,0.34887838044030606)
(2172,1966,0.6287481339126634)
(1188,644,0.97983574894184)
(1667,1347,0.6123438452639038)
(1459,1859,0.660401064159509)
(1436,1681,0.13114986247762495)
(377,1324,0.5870371261757409)
(261,931,0.5263437471916493)
(1315,996,0.13932952460711634)
(1775,2048,0.4785942053190869)
(1058,467,0.5218385091551908)
(2260,1710,0.5072312457038388)
(1146,631,0.9983706612435856)
(1540,772,0.7585822038721607)
(1405,1382,0.40414781685712176)
(1617,972,0.7642349533848083)
(888,900,0.2705950301972787)
(1304,1445,0.5441342921876097)
(1696,1022,0.12731139626989363)
(1247,1821,0.8794414638696053)
(2483,475,0.8801020361644426)
(919,167,0.554163983510495)
(1653,550,0.3812501751445584)
(129,1556,0.43909768519758674)
(1175,1876,0.15898056877467126)
(1245,639,0.4372545079052099)
(1811,780,0.9561074520324244)
(2245,562,0.8716845185692311)
(711,1202,0.23359588603405557)
(574,79,0.8510968799175432)
(1907,1760,0.9074310868427944)
(919,1336,0.05572406409357522)
(1496,1504,0.8503013607100035)
(1904,633,0.5814769142412147)
(817,1331,0.062041968500505806)
(2500,969,0.591343868543738)
(1102,1835,0.5511777119028259)
(781,1746,0.5584965014788503)
(1604,739,0.5742974197896488)
(1545,1662,0.9823024995208284)
(2187,1312,0.40368105517459185)
(712,1,0.7146630111570816)
(781,486,0.9535024895627039)
(930,667,0.8447864428685562)
(1,815,0.8706723150531178)
(1574,292,0.6747211086363728)
(820,1230,0.341351715283979)
(28,1733,0.8583978976009575)
(1576,1770,0.4884218579262787)
(793,1560,0.11925986967614255)
(645,1263,0.37265555420168306)
(1,1601,0.9204899089287593)
(1497,1326,0.6289004006983334)
(22,1622,0.9042047526680757)
(1055,2150,0.963304888657837)
(599,1111,0.5632098336931178)
(2003,2500,0.31166167119966026)
(1580,1122,0.022112908219941385)
(1726,2056,0.9265352701685887)
(747,1857,0.12846403202304568)
(443,1597,0.5356628060217595)
(1821,2500,0.5834632002856189)
(1233,1594,0.9455066275448369)
(933,1,0.16948580783377665)
(1075,1235,0.6251098822026032)
(1021,1017,0.6673302101607578)
(1882,2242,0.09205422796655893)
(1,460,0.3790993730256166)
(708,1279,0.6349251898446966)
(1101,1494,0.2646690177296941)
(1383,1937,0.9858392065543352)
(1486,1128,0.8180805759139121)
(2404,1737,0.0487949245444359)
(2337,1302,0.2425993055479353)
(1610,1,0.6576530108569858)
(349,1753,0.9299145118213337)
(1485,861,0.7285783515581243)
(2408,1422,0.8191913799832033)
(561,1675,0.023905735628859004)
(827,1537,0.06824545078127475)
(740,1433,0.16603834883436508)
(1552,1,0.12575901482334206)
(1075,374,0.17463206434397827)
(1381,1767,0.22563062696687863)
(1138,1594,0.33867957404817184)
(1150,2003,0.5972457354253452)
(1317,1032,0.9412296796076913)
(1675,964,0.492252635278536)
(2012,987,0.7365688438172506)
(1585,427,0.9074786046531531)
(1969,246,0.22442128604311862)
(1059,351,0.6193459120445765)
(2110,702,0.9702477613668501)
(1138,1102,0.688895193756919)
(597,821,0.38518529767973264)
(1,1353,0.36977367784256043)
(686,865,0.32407172726601063)
(1542,1363,0.018361219475289348)
(1799,2500,0.99587021245879)
(1,2157,0.22903199483288617)
(1559,495,0.9689776690414441)
(540,926,0.3232153344179134)
(1630,954,0.5606637448892229)
(1399,2500,0.6952160523149009)
(998,591,0.31130008574292256)
(1,2049,0.8905533413908251)
(1231,1293,0.24952758242531314)
(1471,1043,0.41179726181010035)
(2056,451,0.33895077341377866)
(1437,1798,0.4331887402707021)
(2500,900,0.40651719024553123)
(1708,880,0.8951219771152819)
(1166,1324,0.5202370985519975)
(575,2158,0.8709486175256062)
(2105,1313,0.07099210897887454)
(1075,762,0.4324495447580734)
(2201,752,0.473801754388783)
(2028,967,0.21571894864780594)
(1879,1114,0.506043346250548)
(1638,1553,0.4606129618251926)
(1441,711,0.30243370618747356)
(715,913,0.647784870883781)
(125,1421,0.4726501899177641)
(2041,2295,0.4295985584661849)
(383,1699,0.06920828969033666)
(1683,2173,0.6106774550157638)
(1328,1745,0.5199744740846389)
(1813,1467,0.8253893145413955)
(646,1025,0.1696134310352464)
(1898,1426,0.7228291438240346)
(2044,966,0.061941808797215)
(696,985,0.0952705290414354)
(1892,1052,0.8272995081429073)
(833,1355,0.2458793746070369)
(1284,1026,0.6174223277508983)
(1291,552,0.624102852208735)
(810,625,0.12354546961271529)
(719,976,0.28752739505632263)
(1517,1096,0.03565531886713458)
(1,737,0.5913629549203414)
(1287,1425,0.22714793715413772)
(828,1018,0.48628699623697924)
(2127,1338,0.43057932355403317)
(774,905,0.1860680003092745)
(446,731,0.39616188429265964)
(2230,1547,0.2366843214801957)
(1702,2375,0.477867465968559)
(902,2305,0.0019165887409140492)
(690,1182,0.02706698751428538)
(958,1770,0.6109041170692144)
(985,1232,0.3702251363350789)
(1529,968,0.4861196528956635)
(2318,682,0.7586877638191593)
(1162,489,0.10226970303480021)
(629,1098,0.9220459671322274)
(1269,2016,0.6749829198118615)
(1280,1191,0.8910869350203331)
(1527,1354,0.5714838500188402)
(700,2068,0.908729751496977)
(1469,1605,0.18373676346604462)
(1258,1085,0.012594012371157537)
(1725,1438,0.5561874170411278)
(94,1239,0.05834857464845167)
(1261,2428,0.7013034320211556)
(1090,1913,0.6998416056611533)
(2500,1192,0.2735280628177207)
(2085,2500,0.3235159356057199)
(1720,1846,0.334164806230152)
(1245,898,0.6138190643484548)
(2069,1145,0.11177966251939642)
(2202,1146,0.6914518321733547)
(1967,580,0.8047850515565239)
(1515,1428,0.9310891964767974)
(572,867,0.3524912214070458)
(396,1238,0.36042400467127345)
(2024,1025,0.6173684456451473)
(639,1405,0.9074919052628201)
(1101,1332,0.5142678776051328)
(670,1009,0.8689422738532044)
(2001,973,0.1682205887588315)
(1972,1338,0.8091315981216763)
(2500,1749,0.2641615774777262)
(356,1610,0.5890110871398363)
(1494,28,0.28798547025017796)
(2149,2074,0.27233242370556554)
(1207,2203,0.7185058170730926)
(928,1893,0.8211664929015661)
(1064,558,0.5565255278985697)
(2159,1340,0.4365246681394771)
(2287,965,0.5704400518704202)
(1627,1160,0.2578522645314182)
(368,1154,0.6970879306234794)
(682,2500,0.7429864608766344)
(794,918,0.8278467981923031)
(1292,846,0.2813519539949194)
(2020,2093,0.23493746905390456)
(713,908,0.018410179308166907)
(1407,1103,0.33275940514149394)
(2326,1592,0.7093381456959875)
(1364,1351,0.8205145798484226)
(2208,215,0.45294747349763864)
(986,1047,0.30174451188782847)
(946,859,0.8140896474348949)
(1453,2111,0.6164688062629312)
(1114,694,0.6983193135596025)
(705,1547,0.8926242635243188)
(1645,547,0.2805458089071413)
(1723,1197,0.031709162002975244)
(2076,510,0.651591285316254)
(2022,1699,0.22029531940661684)
(1330,587,0.23792711344362594)
(489,1415,0.19504101535415863)
(1516,2237,0.14213810598913867)
(1542,650,0.7270032908520611)
(1137,922,0.015858466982611064)
(1376,874,0.3490470113847801)
(1650,1091,0.55902124475055)
(1682,1686,0.05932941778489398)
(1416,1300,0.18623029674231562)
(1935,584,0.4129522524425694)
(510,1298,0.6271221772054749)
(832,1010,0.923672430162335)
(1587,392,0.06755881604072644)
(1815,2236,0.8352973699471818)
(2052,1054,0.2813419305325595)
(1044,679,0.7237353248205539)
(2088,337,0.11874787006979204)
(698,982,0.19956522025284285)
(1385,838,0.7489581152415064)
(1244,1356,0.8832345506992277)
(786,1245,0.9204831600715881)
(1738,2122,0.22497471880072784)
(968,164,0.6810101175152024)
(1559,432,0.5698052473586349)
(89,303,0.014789096483390551)
(458,628,0.01146396844268005)
(562,2233,0.9008249555923766)
(845,1404,0.5072020659317035)
(2182,941,0.020836654910873054)
(2141,2500,0.4378650266665385)
(2095,1244,0.11997873616111165)
(1419,1941,0.23977661092224067)
(1905,1,0.15066092934172715)
(1091,678,0.7249341256069122)
(1063,1950,0.5606374620335189)
(631,1988,0.31624139892566805)
(1447,1318,0.08602080133959789)
(928,1757,0.9586068742491449)
(2050,348,0.5270930292035217)
(2070,2040,0.527017186889245)
(937,1468,0.3871520833735811)
(1609,1260,0.8221430182488633)
(1313,1089,0.8586626769699958)
(1234,1039,0.8222126754036767)
(1209,834,0.025411306084910157)
(1857,789,0.9993279972349618)
(904,2030,0.6044543211916107)
(2458,894,0.6403341967403556)
(1012,123,0.31473554875867693)
(501,1196,0.12544747965363812)
(1545,1544,0.5834504106590928)
(1328,1043,0.573978983292076)
(818,1211,0.6824316585626894)
(392,2038,0.5983778060319676)
(757,1070,0.8787689105740737)
(1194,954,0.2875448703685166)
(1741,1179,0.9808189911552534)
(1248,824,0.9135928442672644)
(927,1,0.08085598513029946)
(1166,1439,0.9566787189844993)
(655,333,0.6608968357586736)
(521,1075,0.9993349800734408)
(2137,1322,0.18518102373633127)
(1328,443,0.582133487412236)
(1918,1388,0.9866532017845459)
(722,1462,0.7700361117205085)
(1245,1569,0.7272483085065179)
(1590,887,0.8127931099335978)
(1073,1205,0.17819663770044825)
(1087,1684,0.13517822610388852)
(1620,860,0.5745513964471415)
(1069,1,0.7934731889015814)
(2500,348,0.7850377103790092)
(1182,742,0.7259315658124342)
(802,2161,0.5738861974128321)
(2250,1687,0.6333258615558056)
(1498,595,0.29828504329911465)
(1874,369,0.6045370686985817)
(726,1095,0.15822925316177516)
(651,1201,0.3009860591319765)
(357,308,0.057434682249000946)
(470,2306,0.37247487301985827)
(1470,702,0.8585660007350003)
(1950,1582,0.3193344453002511)
(1207,1976,0.1873198575110121)
(2498,1908,0.8563695271684469)
(1913,1853,0.6575983317838691)
(550,1310,0.7525106282471483)
(2092,766,0.6444433742484519)
(1558,1485,0.7185746860989648)
(660,1171,0.19897182753596865)
(901,1290,0.791022355976419)
(127,1019,0.05236062351038839)
(1227,200,0.03369121734006553)
(1991,822,0.22994070218778206)
(1469,1,0.38031701019831887)
(776,1014,0.4763865370986813)
(845,367,0.8279705463766032)
(926,1382,0.27592694100628123)
(2121,951,0.793056972495834)
(2500,1020,0.732807890646854)
(615,1047,0.9621085443959757)
(1360,420,0.48169426914269353)
(1617,1343,0.6509803442302045)
(1643,2416,0.8969917219240267)
(197,2500,0.44947590773038215)
(1522,323,0.29092927142127034)
(1333,1,0.18560784275188213)
(493,1723,0.7555003191163508)
(1352,1739,0.8719520743649024)
(543,368,0.6105252251651023)
(596,1048,0.006330926618269506)
(100,903,0.07758244839938666)
(1552,1375,0.2767833439498155)
(695,1538,0.7693137146362543)
(2145,2398,0.6759628037147009)
(2051,1434,0.007212796585125636)
(919,1765,0.4802248935021334)
(399,1496,0.10217696629543593)
(345,1510,0.07094953462352604)
(1289,1039,0.5923352097112654)
(1432,2229,0.8857557727476754)
(1279,941,0.8988241515469508)
(794,1407,0.9807782843403263)
(294,1042,0.7053668412939578)
(1271,1507,0.5995759373746983)
(1848,1042,0.5809730518336385)
(1417,1126,0.7889434460840683)
(1715,914,0.9682374750022305)
(1738,631,0.8971359698500242)
(897,1780,0.8049376837988438)
(1342,1995,0.11913888115477878)
(1736,1698,0.8637694839430405)
(414,2075,0.9335036886543757)
(1301,914,0.09088468842497355)
(982,1124,0.057453531541170166)
(955,573,0.07773090553931994)
(1747,1740,0.5244462112480534)
(1641,924,0.6981077135075222)
(567,1157,0.6639753153989175)
(801,996,0.5022938111709241)
(1445,1255,0.6033968945035987)
(2130,923,0.8871696124885301)
(1194,1219,0.2246402043943393)
(2500,769,0.03812222206627203)
(1840,202,0.6881804973026437)
(840,1519,0.5646281533921985)
(909,564,0.9140848708725402)
(1919,763,0.45231343337142815)
(1778,1944,0.10326900017030238)
(1196,1316,0.6842020415048181)
(575,2250,0.7191809762627225)
(1588,1658,0.33502710125761026)
(1695,1168,0.29114048321392105)
(487,1701,0.9086509056640515)
(1921,264,0.8396447155472763)
(1396,838,0.6269259560119803)
(1312,1847,0.2593387489476692)
(1584,326,0.0057607771387713225)
(328,98,0.7177734962299773)
(841,964,0.41950423190403774)
(1527,1053,0.659699470549053)
(25,1120,0.28098320513553277)
(1021,1228,0.825649070402166)
(1743,296,0.9183534856975989)
(1325,1320,0.8401519741018725)
(1130,460,0.11467393355887967)
(2410,677,0.21867364528789934)
(1705,899,0.7039007405911066)
(872,1265,0.5067543844269299)
(1418,2402,0.6919509096877903)
(1612,740,0.758161645920337)
(1168,1595,0.9811372700489638)
(1279,2024,0.9805489407600686)
(779,2383,0.5534629751913919)
(1749,2150,0.8649987347723861)
(1251,2500,0.042709805901321674)
(904,1404,0.22198053363020498)
(306,1382,0.9625266143823963)
(954,1036,0.06803158706895118)
(1420,1668,0.39258807502144333)
(1015,236,0.7306632340187164)
(103,2179,0.362963968541439)
(972,2242,0.46308151161682887)
(1599,1832,0.8429983296427587)
(1218,1311,0.5285289990899503)
(1499,1048,0.5525489172104893)
(1176,1717,0.7741696701604184)
(2188,1473,0.6228829661821632)
(1963,732,0.281195268851407)
(1689,11,0.2760187372270544)
(1492,1822,0.9230992442612094)
(763,1036,0.8213474920763444)
(558,129,0.7501725069804598)
(1024,1762,0.04721285764481531)
(672,1250,0.6918988732945789)
(2046,1054,0.43846008202985587)
(2049,1863,0.5250640251979107)
(1404,1782,0.18749231024056812)
(1066,1722,0.16337191457186884)
(1975,1513,0.8376416145237685)
(1413,1367,0.08100501912723712)
(1384,2116,0.3208515048772417)
(779,1326,0.7359492038297069)
(2073,918,0.47300260765180935)
(525,1593,0.24419703996990927)
(1465,951,0.6170342023868072)
(639,1218,0.7822662260267499)
(163,238,0.9798059714522384)
(2500,888,0.5962824838653316)
(1250,2072,0.591404118230117)
(1096,989,0.9318318605127506)
(1442,997,0.34336191299907104)
(559,1012,0.7047462589814149)
(125,1354,0.4248843862098539)
(2294,662,0.07436665974329548)
(1008,391,0.009438414542713103)
(1568,1478,0.09552610891385038)
(1803,2285,0.869130280414016)
(1510,458,0.6438239503648225)
(1332,1237,0.9574921029432756)
(2045,1684,0.5216609964954584)
(1518,923,0.7721026893242132)
(402,1154,0.6950276073500565)
(998,2131,0.3944633480040668)
(608,547,0.16727412888136106)
(867,650,0.2587519390180424)
(1010,613,0.30574590684785174)
(225,445,0.7534502732416645)
(1190,1025,0.05976552440753935)
(2170,1153,0.16439231235198137)
(1374,1719,0.9234363786275182)
(1414,2377,0.22809438237436264)
(1488,1951,0.8749227193010582)
(1827,458,0.5519528591908343)
(1184,875,0.25250436735097337)
(1689,1215,0.583514998917164)
(484,1511,0.8302144352327866)
(542,1010,0.8198718108179166)
(1211,1634,0.08038248409767945)
(358,1530,0.8338963682599732)
(1596,879,0.40182333579232)
(238,844,0.5028022461119457)
(1205,2078,0.7561949240794542)
(1666,1926,0.9824085055474797)
(566,2500,0.100005028032768)
(1491,1480,0.9899010129868396)
(1694,623,0.44648020749853434)
(1523,1092,0.13533987695250294)
(724,2003,0.678993538346373)
(1347,853,0.5929840231732441)
(1274,1003,0.11181213393637313)
(1,1793,0.6298245796751785)
(756,1527,0.9032035342538608)
(1080,1866,0.2485528913518359)
(1086,1860,0.992601343114139)
(1732,1816,0.12588113920473376)
(1689,1245,0.09853841747986969)
(1732,1918,0.4461411018535487)
(967,1131,0.23086916632707633)
(2450,2337,0.4315846463399524)
(1442,324,0.13103025243321365)
(1363,1543,0.9944413223689754)
