(49,1403,0.9285206036466103)
(1880,2181,0.7697782680537062)
(2114,1067,0.5306453170118767)
(1864,909,0.4462425228425525)
(104,731,0.07960073047397975)
(1162,258,0.1623511319295884)
(1025,1177,0.6980346127197863)
(2440,1124,0.3782352664766968)
(1447,2500,0.15230115499920105)
(760,1,0.8569504738329345)
(1661,523,0.5560728277456923)
(1063,535,0.7001964957473595)
(763,1949,0.017136507254729816)
(1234,418,0.483201081288951)
(1123,639,0.14683835278198787)
(1878,1204,0.4119870663998164)
(1957,445,0.20169620062184912)
(1081,1689,0.7935530343816634)
(2060,1497,0.4030051188759578)
(1803,1194,0.9374163195065054)
(1112,1202,0.8451691045016366)
(1969,1395,0.4684866398569676)
(1278,1662,0.9305535960213193)
(947,1,0.6705763325478497)
(433,2174,0.9605113016366873)
(2420,2407,0.7135278863421917)
(857,1,0.33732322383836)
(680,1263,0.5687545717416681)
(1802,340,0.4847354002810986)
(1613,1577,0.9192812497379366)
(2500,1055,0.6945249523312297)
(1285,2500,0.27814860830462673)
(1480,1799,0.18346361245658194)
(1879,1166,0.0673223094146469)
(1222,436,0.9639200317899892)
(1664,945,0.5307963263305642)
(1721,217,0.724948971557437)
(794,2072,0.14665930272765926)
(1195,1615,0.4912120117542641)
(1005,847,0.13931958877164186)
(1266,1421,0.7160431456343818)
(1940,1625,0.8046727129029924)
(68,1188,0.8701657901286529)
(1851,1091,0.30228336215330254)
(1095,1068,0.03893286679732322)
(843,1348,0.49079963490182)
(1444,1431,0.8521546016375715)
(2181,1528,0.33411325539053127)
(1664,2084,0.49878582408009997)
(1019,1402,0.05208083742006964)
(1351,1375,0.32080129315628914)
(1254,1063,0.24261202959674688)
(2038,1457,0.831782897998858)
(898,1060,0.04235344949402087)
(1304,2500,0.5668157084969938)
(125,1098,0.7929912092047446)
(1453,2471,0.6104647163944117)
(465,1697,0.43289552745660664)
(2317,721,0.8670329749392863)
(2500,1712,0.32520297729270276)
(1709,664,0.79286327376496)
(1758,966,0.6021877781844224)
(1927,1402,0.39208722894617465)
(348,1018,0.10177524076433109)
(659,557,0.9994852876228543)
(2191,2100,0.3167682625942225)
(1024,867,0.38919178775083074)
(1169,1351,0.8713194854288276)
(1888,2302,0.9653263816767603)
(1794,1565,0.09857096487455508)
(830,2215,0.12784257624567574)
(417,954,0.5217446044211612)
(483,716,0.6400331654389917)
(1418,1721,0.02370445617716166)
(888,1065,0.4934010007512857)
(1,1355,0.36561096905693546)
(951,1910,0.8644353057083158)
(1440,1922,0.429645714148457)
(1410,647,0.19832115703134634)
(140,786,0.6311202193506008)
(1433,582,0.5488746744163829)
(2097,1467,0.8562418245210061)
(1455,1970,0.13496370089099463)
(2017,999,0.3540137408161791)
(1343,1799,0.32922062669783947)
(1129,1118,0.6576986101791319)
(1093,1131,0.30410889667124463)
(1154,1415,0.1469450911575273)
(1579,1313,0.18611088333952686)
(149,1250,0.8561805603583512)
(1870,26,0.025379639740219395)
(448,56,0.8520357571639441)
(978,1012,0.7159469223119066)
(1775,1531,0.9142625936443406)
(357,1001,0.195106148237421)
(1336,1839,0.23936628488921985)
(1195,1955,0.32584698191320505)
(2500,1094,0.06642019439022828)
(1273,2184,0.46048747890118213)
(801,1027,0.7700092754597962)
(1075,1067,0.053166519020814484)
(1711,1997,0.7500580328003021)
(393,1728,0.5040352416967105)
(1639,1323,0.039205217098510214)
(1058,267,0.5499396992557437)
(1534,1325,0.24890970402642365)
(1,1880,0.6681826337897475)
(1137,1274,0.1672556784448893)
(851,983,0.8272914615510137)
(328,1537,0.715625956665822)
(1499,1954,0.6751512128620943)
(1962,937,0.2340755537483773)
(814,782,0.13390123430365952)
(647,380,0.831925170218493)
(2500,1103,0.7703407004126531)
(1858,1012,0.7744955216208772)
(1746,631,0.5485689792040203)
(286,660,0.7249783475312513)
(2057,1279,0.03079574736264834)
(1218,1085,0.3321977596560385)
(157,1920,0.7499336709206941)
(491,1402,0.33663637500113675)
(598,1273,0.33663445034354034)
(1240,1960,0.9002833596279176)
(2310,1621,0.7154804689844994)
(919,1734,0.3208592379377724)
(379,882,0.4580182704928748)
(42,1278,0.9942762904126775)
(1338,581,0.28413430996750066)
(684,1015,0.474547132733822)
(973,747,0.2366993417145009)
(2470,1626,0.1532981869207516)
(1317,1512,0.2911159101906533)
(672,2500,0.8916431526792018)
(1493,363,0.13975213115313034)
(1834,1121,0.610447322439368)
(1098,918,0.6933301377146811)
(1675,145,0.6989612687173269)
(1195,429,0.1580123111911952)
(1698,752,0.951634818143206)
(912,1893,0.6563693738886566)
(794,2111,0.15513482058138117)
(2441,1319,0.5666772122860165)
(1325,691,0.3264763762412861)
(2392,1708,0.363416905536195)
(791,1355,0.7111275425390244)
(2327,2500,0.19042497251590929)
(747,1890,0.3251767765636807)
(515,46,0.1990888801138212)
(1149,1862,0.9000689571100503)
(1940,1780,0.134610178801166)
(715,2041,0.761682920893257)
(2033,1720,0.5037139737751677)
(1885,2500,0.17668525640386257)
(1261,1441,0.17055740079448223)
(1261,1223,0.6462826073562257)
(1891,1034,0.3971924913391026)
(1034,1188,0.705127302526296)
(2240,628,0.6334384397107546)
(1010,1808,0.9197713330332149)
(1249,572,0.8474388622679514)
(222,1189,0.9908289412179253)
(1408,2057,0.00365242160302226)
(1295,751,0.9232593059967177)
(1619,2194,0.77159133967308)
(1566,734,0.06230155001192483)
(1802,408,0.2947868407577041)
(295,1915,0.8698839318696356)
(1858,1173,0.6758739820700024)
(793,1275,0.6630807019554655)
(802,587,0.4777607861024471)
(1359,1340,0.7177152366377398)
(1657,1303,0.6433402229603704)
(626,845,0.9810560127947227)
(809,2500,0.8516916872899843)
(431,726,0.4107284175744129)
(1297,457,0.4425769793872125)
(1741,1,0.4223019535552657)
(1273,1674,0.014899237209087035)
(1868,1548,0.2998712967693633)
(981,2070,0.825707385804267)
(1096,1974,0.5974714978544106)
(830,1988,0.3569384503040537)
(1011,2182,0.9206080177851238)
(1957,1770,0.33474066355640153)
(2002,1851,0.8645284105914168)
(107,1918,0.197028300774848)
(949,1235,0.6690413924786505)
(883,956,0.011570866398691648)
(1079,414,0.23626152655846633)
(88,143,0.4100666743075043)
(1224,1658,0.8373664139962579)
(2191,1680,0.2867880581984946)
(2089,2301,0.9514912852587072)
(1867,1107,0.06580089835154546)
(1619,1455,0.8879757705302685)
(1495,1141,0.5260085954007467)
(640,1366,0.4943761447785123)
(1255,1318,0.5644551542801947)
(1315,827,0.04267335948114759)
(562,1550,0.6727628048643887)
(1189,1427,0.3691011740533148)
(70,1155,0.22400336872094728)
(2180,1781,0.2243823239899575)
(1201,1131,0.010683266954408799)
(82,739,0.07595953797420696)
(1989,1364,0.3726869208290239)
(1181,1961,0.49086186325183534)
(2056,305,0.6682885525170855)
(898,1451,0.08361790789530976)
(2264,1174,0.212746436751295)
(1350,705,0.6561617301274775)
(894,499,0.5111984777298787)
(741,1564,0.06820056006604214)
(1774,935,0.8896387700563009)
(630,2167,0.981608394941415)
(1505,2002,0.3986030418695222)
(1380,815,0.6203076251297723)
(2500,1135,0.8893152938098179)
(2037,1110,0.027759718296013314)
(1321,552,0.7159419160825901)
(1287,1722,0.6625827894176944)
(1302,1743,0.31088865031340995)
(1174,1426,0.9101595850626292)
(1724,2199,0.7084694728655336)
(327,412,0.17681316363257205)
(1288,1999,0.8331810660371483)
(1227,1377,0.6800740448910566)
(2500,1170,0.16736692274092713)
(1782,1047,0.47682109824836694)
(787,1426,0.7990576424467876)
(2331,1,0.6017062107924805)
(1599,1097,0.28707618982947025)
(1585,1387,0.6536496945235234)
(2088,312,0.6241760887737132)
(1935,1073,0.4669954781594463)
(1899,2402,0.5590842544373731)
(948,1716,0.5936674991471513)
(881,1155,0.6686941901471759)
(1142,928,0.45086049957151775)
(1435,1242,0.6957668546129573)
(1435,796,0.6126521236149839)
(2280,2107,0.6767898359567406)
(1508,1208,0.3316513692582779)
(1186,1555,0.07614819154760522)
(513,1974,0.15643522117428732)
(1624,1763,0.6441591289849068)
(1201,891,0.13791561076263492)
(1488,1859,0.2452647708588872)
(1027,1628,0.469621679583891)
(2500,2326,0.5002850910914617)
(1511,1436,0.7537687958275804)
(1645,1,0.8207111067614242)
(749,224,0.48727585817390806)
(2234,1,0.3443729911837413)
(742,724,0.8664989880592644)
(1970,673,0.37951237401648397)
(628,1389,0.9998218949100864)
(907,1566,0.3758427455583371)
(1515,656,0.5545965383325219)
(1,2101,0.9637135189226521)
(2094,2344,0.026691276122699614)
(1435,1012,0.2848907995383222)
(770,1551,0.035965265987129236)
(1421,2150,0.09841868567277678)
(1770,1550,0.30832338182613295)
(915,1315,0.1544546201504381)
(1963,1231,0.026155060369801086)
(662,832,0.8539838203124838)
(2357,560,0.4936173888607084)
(1616,1508,0.8077157623585082)
(601,1319,0.17201319270515003)
(2072,611,0.656796665372977)
(2141,1618,0.9115931174170179)
(1318,742,0.7868500974835985)
(2057,1439,0.2841188620824894)
(1561,1358,0.09787758268651436)
(1306,880,0.8197455238760156)
(839,1077,0.28970493100610817)
(1129,306,0.6105061875018585)
(183,2061,0.04240498346568167)
(1386,958,0.3534484065982251)
(439,1671,0.6315215469721337)
(443,1595,0.021200744751251666)
(124,1792,0.4106904530351747)
(1225,1386,0.2939554053377408)
(381,666,0.5006816800154464)
(1953,268,0.0017301610889488561)
(2151,1596,0.16754685001823644)
(2230,1061,0.3943177408853945)
(1305,1187,0.08380796351921793)
(1109,1674,0.13443066814243954)
(982,1181,0.06810538080720752)
(1100,814,0.5006142006006449)
(1576,1376,0.8827758987329359)
(1781,1096,0.3954014371293514)
(847,1764,0.05181179835827587)
(714,500,0.18704354691495517)
(516,1064,0.4273247063457345)
(2219,1549,0.8096296577433617)
(1271,1017,0.8268540899106188)
(1069,841,0.9483354335266524)
(1929,2052,0.3754031484721877)
(305,2115,0.9219814155055412)
(2234,217,0.8494600421019582)
(1562,393,0.6915574519472553)
(1526,1310,0.48947180426276626)
(1839,1520,0.6652294231477998)
(1001,834,0.3691685976044432)
(1618,1508,0.5025751742288835)
(686,1890,0.18629253532279832)
(1524,676,0.6995216465303437)
(366,749,0.04626841540042348)
(293,880,0.16081432007417507)
(1344,995,0.27387528694865504)
(2368,1131,0.7358394229985357)
(399,1224,0.22626733651642195)
(1738,1971,0.8319745039568806)
(772,217,0.21776069147811683)
(1617,1254,0.9254207785822421)
(531,1579,0.12085170251106536)
(721,896,0.12363806871898497)
(1391,1382,0.92052996814609)
(406,2466,0.24712086734122163)
(1329,951,0.29603184791167436)
(1455,244,0.035932940516530065)
(1015,996,0.9309900584214581)
(835,2475,0.25920346431102026)
(898,975,0.9887995216547578)
(1340,892,0.21906802370268863)
(1590,1762,0.5836366852656432)
(1402,1052,0.7085854382325026)
(1618,766,0.4878532681844515)
(822,2500,0.9781971494451849)
(1348,419,0.10940005736534997)
(1615,1972,0.2048884661940601)
(1679,1023,0.6639768530808363)
(697,42,0.43376150838663063)
(787,1303,0.47408541862097087)
(377,1852,0.7167663863047731)
(1872,1524,0.4737687058743063)
(1367,353,0.7880509571622146)
(1061,997,0.8796997164426559)
(1417,381,0.6089535094157665)
(1022,1230,0.5162264363373128)
(1653,2422,0.9969209795728402)
(1434,271,0.5254629959555237)
(1103,1332,0.8825380432003948)
(968,1996,0.1606197840069178)
(1003,961,0.7505309874155236)
(2173,720,0.4346099900265262)
(2107,2100,0.4498469040020382)
(2282,717,0.3006441412413221)
(676,1728,0.565845390180822)
(424,1727,0.39114788265475153)
(433,1273,0.25371879558544586)
(1225,1651,0.7899636588076533)
(819,1800,0.578760895325413)
(986,1531,0.3808483415482441)
(2047,1503,0.2551829083397005)
(2500,1958,0.4245590172602183)
(991,1157,0.8235634432232467)
(1100,1409,0.07648436562243333)
(1850,1070,0.3692958034436217)
(1369,1084,0.660832703730688)
(2500,2375,0.599495325749407)
(452,1467,0.09564721497616357)
(1874,1629,0.5314498014489064)
(2489,585,0.13391878533958645)
(757,1361,0.23925530965122932)
(293,1625,0.5973791256849728)
(554,1403,0.3362258602707189)
(1619,1159,0.9814682517814901)
(1063,1043,0.2763357600478492)
(941,771,0.0872968872462424)
(1840,510,0.44915317272547206)
(1285,1649,0.9688708635235431)
(1651,1,0.3982437635017855)
(914,1145,0.15500196539902278)
(601,2392,0.1905532869316907)
(1123,1794,0.17661238297662274)
(1,1563,0.01186499655092288)
(1772,1121,0.05326418426284174)
(1733,1464,0.37262868495310186)
(946,2500,0.20054952631145884)
(949,727,0.12451097544603618)
(1340,727,0.6932410147536577)
(1454,1089,0.3915320641802966)
(984,1657,0.9934675544248404)
(322,2399,0.27337430251179473)
(2500,2268,0.2348747131742065)
(759,2485,0.055730776447051045)
(1602,1415,0.6452438521543048)
(511,1411,0.4453554989649785)
(1580,1290,0.2679648956666547)
(1087,1,0.5172569690089467)
(1659,1755,0.1304798628001349)
(348,1612,0.8309498978217784)
(45,1928,0.5767340396216648)
(1735,1321,0.6361271680150485)
(1569,1822,0.9595899478110175)
(834,1121,0.5102201416125101)
(1136,632,0.3267292090500741)
(1886,329,0.08649020804758323)
(1478,1039,0.871337418754361)
(1263,2287,0.6025614060561926)
(888,1051,0.6323338476620013)
(2270,874,0.6717510817415053)
(936,649,0.17000260915890042)
(947,2220,0.46399771769054254)
(1498,2051,0.9627334235212073)
(1011,1850,0.864659620507533)
(1677,2116,0.3347891552424952)
(1231,926,0.6428692426096552)
(1379,1036,0.05574836534058902)
(1009,1133,0.9184641559035042)
(1023,1905,0.033246329792853135)
(2015,408,0.5478230752416731)
(2023,1452,0.10424847419537475)
(1988,1764,0.2525296594096188)
(434,779,0.7672892875404538)
(780,749,0.47996917107591486)
(637,2500,0.2067825305705806)
(373,322,0.4141227702419392)
(1496,569,0.24732973364415112)
(1160,816,0.7225157122573033)
(1126,1288,0.3635217298917378)
(1880,816,0.5990126812268245)
(1776,1035,0.7411086195455395)
(1163,649,0.9360626523733636)
(1099,2080,0.054593002596457274)
(1118,1606,0.02425375727241086)
(1146,1608,0.7244019865566386)
(1505,1349,0.36022347373484287)
(1064,1521,0.15741494003379652)
(1500,941,0.20434980608743814)
(1784,829,0.12081131697028746)
(1725,2500,0.20822116124500256)
(1151,1629,0.44118975040083064)
(868,751,0.2195343621688678)
(1616,730,0.8759574356784121)
(1115,527,0.030884028699435184)
(592,391,0.5447031863076848)
(1722,969,0.7540606252059604)
(465,1799,0.34466644446775174)
(1406,1494,0.37895900088273615)
(1291,1437,0.47949971799866187)
(770,618,0.006941690260682809)
(2500,2500,0.6821488999775492)
(1757,1195,0.4507539359754805)
(887,642,0.34590061023440444)
(893,1567,0.4847374676590699)
(1670,928,0.6047216769146408)
(1771,548,0.8247014667295945)
(770,1373,0.40602296039944796)
(1,1823,0.8555410988312993)
(1736,1391,0.020851522694430025)
(1209,517,0.30454040278663563)
(846,1473,0.8201180807029151)
(1278,1710,0.004260971501953814)
(485,1157,0.20219147323552455)
(2364,1347,0.2989642878079475)
(1891,1888,0.3188140237367211)
(2025,1,0.6651378927340706)
(1884,963,0.5885463600998739)
(188,1087,0.9321052787447661)
(1219,449,0.3821661700107445)
(1096,703,0.7968815441191818)
(1121,187,0.700057268693341)
(745,173,0.05038477178365819)
(1452,920,0.651412397387721)
(1193,1259,0.6573669716986461)
(172,565,0.7077858591262058)
(2032,1570,0.5333533691854966)
(464,1961,0.5758513411271249)
(1394,1465,0.2445259546840508)
(705,889,0.7176760292093264)
(432,1314,0.5447891613832789)
(1356,1168,0.042912232985497734)
(917,165,0.4536420168027311)
(1634,1611,0.6963026081028628)
(1409,567,0.5053239473234507)
(581,36,0.06646672656236396)
(2351,1904,0.6547515351941641)
(1010,1,0.8460035818138958)
(1232,2000,0.5369447246410071)
(858,689,0.76177988389536)
(2500,1542,0.13927195245260515)
(1232,1451,0.9256242675335503)
(1276,803,0.8971132151703356)
(2066,1509,0.8213600491231142)
(879,1470,0.08548693731294055)
(612,1922,0.7234508984899322)
(1078,2268,0.13934875114859835)
(1528,2416,0.5089850521266535)
(1010,1011,0.590732352217119)
(2173,1694,0.7600922523702618)
(241,342,0.154606433272499)
(696,569,0.09402967966851417)
(1567,932,0.14466998334022518)
(1401,973,0.7235160974791656)
(553,1176,0.8634392971302411)
(1517,1320,0.6858908200795024)
(190,1570,0.06717572198714283)
(1139,1964,0.39763032224578043)
(380,1667,0.061235072836143156)
(1405,990,0.847882000268925)
(747,2191,0.7821106330175147)
(2135,1366,0.9597035995838118)
(1093,1296,0.8923859048714371)
(1157,933,0.16485930579780905)
(1181,320,0.4157886734087951)
(1289,2250,0.15383035649542898)
(1306,1825,0.9200447162963727)
(2322,670,0.3506687894231927)
(844,331,0.614147283036643)
(1312,1030,0.23938231086303807)
(1408,1982,0.4770886902831253)
(905,740,0.3186380199065765)
(1594,843,0.38201966836758494)
(1844,1901,0.9087622134731649)
(1713,1393,0.7433329516096433)
(627,922,0.4455633371155292)
(631,1465,0.19301979568482897)
(927,708,0.12664982101333844)
(1918,1032,0.5979430821672883)
(1577,598,0.7128434217111215)
(1,1735,0.1323199238872057)
(1244,1422,0.9192958964178206)
(1019,1035,0.722316666458607)
(1959,812,0.42948539655733875)
(1836,1260,0.4824477463094924)
(1120,704,0.47338828188493876)
(1591,2399,0.08090022819606302)
(1711,711,0.11256069600540197)
(346,1369,0.9931381658181014)
(379,1324,0.4453924544171656)
(1,1449,0.127988972421334)
(887,762,0.6645129374991677)
(1394,937,0.8334156973694458)
(254,1,0.1268481128731338)
(144,1,0.9785309650554174)
(1424,1218,0.6898674749175343)
(1295,366,0.842250738399601)
(1431,1444,0.6338376831023981)
(1025,1620,0.3278866832454811)
(632,1908,0.9445407795495505)
(1739,1888,0.36856569493559843)
(856,1186,0.44255299030755424)
(927,1153,0.6141867263152083)
(2079,910,0.4473636340464341)
(1161,1299,0.8643410046775969)
(1599,1025,0.011682645926480495)
(637,1738,0.16767642097249236)
(1513,344,0.8487878519210474)
(1499,1454,0.9005044455840131)
(1600,1243,0.822462399562363)
(2294,1084,0.9541219014372623)
(1635,2494,0.2961435775195187)
(1662,1788,0.46305194844534014)
(1475,1088,0.9631939659366993)
(832,2480,0.33263456893220544)
(1819,1342,0.1559108090382122)
(201,1205,0.6884538364106416)
(934,1,0.9478813197874888)
(893,1355,0.9179409470746103)
(1356,785,0.44278833556009123)
(1047,1009,0.4153148026562057)
(2255,2039,0.9479811679132085)
(1291,759,0.05186071160842498)
(1659,949,0.922039305354987)
(171,1356,0.04202956600806407)
(434,1084,0.15844545550849332)
(1437,1204,0.682396564428227)
(1136,654,0.9858184199168363)
(523,936,0.8557616736150074)
(1,583,0.7628495742255913)
(1600,489,0.6273425153861856)
(634,2180,0.03892260042415008)
(1739,910,0.2309922885010629)
(1433,1413,0.023637762453684208)
(751,604,0.9070653052074513)
(2117,1605,0.9475880131730856)
(348,582,0.7078385234101369)
(1,1998,0.06957941254523425)
(1828,339,0.2395102491160468)
(758,2110,0.9570711947293945)
(1554,1647,0.5190593939309509)
(1895,2028,0.18682295316701691)
(956,1328,0.23008920981622716)
(1587,1188,0.2735525841537064)
(1987,1370,0.09762534780285559)
(1877,1229,0.2643445395444507)
(1151,378,0.3026096455314322)
(941,1777,0.2690016091507924)
(954,1448,0.41966308555058873)
(1457,2500,0.07542829404119766)
(497,2487,0.27684281244287)
(1637,1501,0.30318962934502647)
(1846,1351,0.012906835685527751)
(2005,1364,0.31572617243488554)
(767,863,0.44613669029786174)
(1341,1864,0.14989412744645403)
(1014,2262,0.5070725458920987)
(2033,427,0.3330119846010564)
(2448,467,0.8385435319017178)
(1798,2214,0.5361587104473869)
(1851,1502,0.7983168228690338)
(1266,2082,0.47114517306345505)
(319,1384,0.8394410955719426)
(777,611,0.461533020407184)
(1287,2500,0.7363861085820358)
(1270,2335,0.12458372432611253)
(1,782,0.7708823853418907)
(1449,1179,0.2436040822090091)
(2061,356,0.43248858954651603)
(1805,1370,0.6396329293607341)
(2314,331,0.011219587580121093)
(2195,1316,0.17057348168945186)
(710,1432,0.2977686037802527)
(1485,560,0.1533164211269179)
(2399,1457,0.5728433922085899)
(1519,228,0.896515193710753)
(1101,1731,0.982219783867356)
(1470,848,0.4821222715195099)
(1894,1610,0.7571154838067461)
(1506,956,0.4349334641515673)
(348,1432,0.2666186678336574)
(2168,324,0.5580995295637267)
(507,1573,0.0076189487088051955)
(1,1651,0.6827020609953524)
(1719,2036,0.7961524132054663)
(1648,1,0.09691037418322723)
(1483,1,0.2917936807537893)
(957,1305,0.08308959315184994)
(1779,284,0.26193885674423156)
(1265,1278,0.9196425947418333)
(1450,1676,0.2446494808324885)
(1896,76,0.8716122364982749)
(1559,100,0.5917866230606628)
(1182,1,0.9431264905833391)
(2090,756,0.7247145165181328)
(2068,2500,0.28346797924325384)
(1121,1476,0.6559599651818835)
(1519,99,0.626972740657584)
(1263,2245,0.667853137766924)
(1415,1709,0.4478901175697554)
(1153,572,0.8359539985783822)
(1778,1619,0.8164381580568777)
(2027,558,0.37638852274300805)
(1358,2006,0.2264180491811687)
(1031,2018,0.7261619584410656)
(1951,557,0.8864764869685018)
(1330,1371,0.6075515037140184)
(2287,524,0.21573756334080507)
(1561,1451,0.9451021924087365)
(1898,1855,0.963153041142597)
(1201,2187,0.6802388096448473)
(758,319,0.43593477467555375)
(1243,989,0.6533216698428709)
(1251,2319,0.13972314508950723)
(1155,1848,0.8091859452455715)
(1209,2083,0.30724715801918767)
(301,1976,0.6845820883088911)
(584,867,0.8502502712274661)
(1137,1,0.30071322100785625)
(1236,84,0.7768570118704844)
(2500,2010,0.7025046782526062)
(2067,1570,0.08673936855504272)
(1294,1824,0.8386901503052663)
(1677,734,0.7328215717029934)
(944,1112,0.2909698335939078)
(1236,995,0.0015593255754918767)
(1005,1808,0.07565466934279197)
(1871,2458,0.8553870239658591)
(1363,1456,0.21073086879579306)
(1857,1323,0.37649050471618395)
(2186,1127,0.2925444382372202)
(2500,1063,0.19212155812719733)
(624,1752,0.3650754183129423)
(922,639,0.39271850315127066)
(149,1701,0.3380362530623596)
(598,1477,0.3569901834892245)
(1247,806,0.9385634078708731)
(1531,219,0.3021800719796508)
(2283,517,0.6668656620087062)
(1128,694,0.12387057766956289)
(1327,1253,0.1732993563800791)
(1055,2157,0.5598981231780502)
(1420,236,0.4833528700452355)
(1595,880,0.333576545466156)
(76,2144,0.003830386266795327)
(893,1052,0.9573218296072753)
(1313,1844,0.04914947854302776)
(432,1395,0.5836510721619235)
(1345,1921,0.7057285314739005)
(1435,1397,0.67213264823947)
(1787,2500,0.7505947077399212)
(2500,875,0.9599291817431282)
(944,879,0.7291020657882873)
(1057,1968,0.49406562182664215)
(1702,419,0.669746766584146)
(1088,1,0.03393204572447317)
(1038,519,0.08467302822278722)
(757,1431,0.6559519060735747)
(1428,1514,0.8332983610919203)
(418,942,0.20194510466739057)
(1156,1294,0.18976137945300686)
(118,1218,0.5263276216290739)
(597,2448,0.1784304233373134)
(2031,1568,0.8293350325629026)
(2357,997,0.660549528255012)
(343,1634,0.3380354268215062)
(2372,2500,0.31925765887140034)
(2386,616,0.8129761824960714)
(1422,1234,0.6247496125950543)
(1155,982,0.7551248807910725)
(657,785,0.3157384599403451)
(1598,1728,0.7202411298596313)
(1000,1416,0.07664686041938673)
(687,953,0.7029719217956748)
(2500,1237,0.20980865963700845)
(1945,2112,0.2162605101801771)
(986,574,0.0643165234259645)
(942,1551,0.6046626441656103)
(1246,1119,0.5524905777209763)
(591,1161,0.1569898655464802)
(1391,1919,0.6320306650975367)
(2326,1104,0.1575907395792161)
(929,1352,0.22664453221395953)
(887,1453,0.9792011048399207)
(1737,708,0.4365320332361736)
(1266,662,0.1563354591565922)
(1909,500,0.5102087045939802)
(1,1643,0.46162256825329906)
(1448,1499,0.6865514015446064)
(2455,1462,0.43406663184621497)
(1399,1,0.7949091111983067)
(66,1940,0.6068252378222682)
(1616,1664,0.5577436630445997)
(1180,788,0.5958278650680432)
(1086,1515,0.06384365082360433)
(2150,1013,0.6402560557110543)
(323,337,0.2539816349022661)
(923,1256,0.13020352643664468)
(437,2500,0.07495636976691777)
(1414,1695,0.18994117330950377)
(1004,1113,0.950224486150661)
(1625,759,0.33687594804718124)
(1406,1268,0.6543667493589603)
(84,1312,0.07345402244671162)
(1800,749,0.6079164538713486)
(2500,1788,0.8843627144394003)
(417,2099,0.3794618256676088)
(1412,319,0.8136308905704879)
(979,1118,0.3324218501077275)
(1542,1087,0.5569008215126978)
(1523,1226,0.2555664583950038)
(645,886,0.9482831511619457)
(1126,728,0.48495696811493727)
(572,1495,0.5788453304297572)
(1333,1525,0.8762334500641051)
(957,1,0.9807776768286415)
(1840,644,0.7898438904719561)
(897,1449,0.6231352610505843)
(1941,1289,0.6715856833351664)
(1185,1346,0.40208361993797925)
(659,916,0.3805701235255171)
(1125,2500,0.4433333112692439)
(641,1371,0.6115654191583936)
(1539,1251,0.5683154059850964)
(1,1160,0.07647506001599869)
(1190,1619,0.4080627936852814)
(1625,1707,0.5792892020114759)
(1127,1004,0.795795412576504)
(510,2146,0.6610190004952778)
(1170,1243,0.5495701789964968)
(1782,992,0.43618577567112393)
(793,883,0.6807815021498743)
(1279,1465,0.5814864687830041)
(696,146,0.029992062608399706)
(49,2302,0.5898467450297038)
(1308,1037,0.11039511118663714)
(1064,1737,0.9958889238763983)
(1646,1499,0.9579177551942659)
(376,1354,0.2023824026944574)
(1150,585,0.10748824273868651)
(1928,499,0.06343938792534931)
(923,767,0.526182451847456)
(2162,1685,0.3721723158812248)
(1124,1328,0.6980411360222016)
(1534,1473,0.8155012253849456)
(1656,1875,0.7417623352483905)
(600,727,0.17070759286518633)
(309,628,0.8615886324708677)
(1548,792,0.5669175796044746)
(1495,1085,0.8721040385759536)
(2056,885,0.05096385058428632)
(1402,1228,0.6412907421693154)
(1228,2115,0.37142842801531417)
(1395,1036,0.22028264568420974)
(1587,1130,0.13564225916841488)
(338,1747,0.04969723078505617)
(1552,488,0.6045607162301494)
(1675,1722,0.5217629370088137)
(1723,2500,0.9816833668112696)
(478,1097,0.6647201247897728)
(469,900,0.5949518308062213)
(784,792,0.23660572668262636)
(2204,937,0.7548547522464852)
(298,2349,0.4765801902438521)
(1237,1,0.3439394827661292)
(1499,443,0.14669972352285165)
(685,2129,0.10071663305149225)
(1133,142,0.265733577008599)
(1037,1910,0.7418081470506759)
(368,446,0.3674060464648228)
(1114,1072,0.26115073358936236)
(1601,265,0.004514903238637902)
(783,1122,0.8302674971523685)
(1140,1805,0.5126321536900307)
(1280,1604,0.4504010881257149)
(1160,2500,0.6066806454980139)
(2213,1091,0.28618114237561854)
(1,1093,0.06522237352404336)
(997,183,0.4655853019029329)
(910,691,0.027512158586280422)
(1830,1177,0.6760385314285309)
(797,2066,0.3570472994640541)
(681,843,0.737484960692786)
(789,986,0.12347946755543449)
(1141,423,0.9551697614408002)
(1827,999,0.8780308273442623)
(590,1922,0.528334912472501)
(1396,496,0.5354136367582305)
(1998,1182,0.9609113069725906)
(914,2500,0.5609876218107496)
(2086,1377,0.4079106057476285)
(665,1231,0.3847884006051132)
(1,1430,0.09914917709323112)
(1487,1375,0.19585499122056893)
(1416,1523,0.345632187201133)
(848,1137,0.7541786777098226)
(2500,2069,0.24753940265184815)
(1430,1692,0.08776825326985926)
(1776,909,0.5687317268011649)
(1,1236,0.15098624083548162)
(1497,679,0.1770645844228559)
(1312,923,0.35728058341843094)
(1,677,0.6894384568866924)
(1005,2290,0.08562786843611425)
(1502,1379,0.6597006175417961)
(1393,1371,0.4420785956049462)
(505,1954,0.40368133704983644)
(1503,1536,0.29253729494077385)
(1916,2126,0.42874111720454067)
(1678,1060,0.006234552814586625)
(1189,1319,0.09996575639748584)
(1579,843,0.5838131419062602)
(1588,772,0.5908108844558654)
(325,1,0.6006657624546948)
(899,1125,0.6978713072333772)
(1555,1982,0.1126250584571874)
(1399,1172,0.8366696677488868)
(1317,1652,0.9071777571652103)
(1693,1295,0.8572439383781341)
(1116,1783,0.27586551353326194)
(462,1402,0.5957732832148095)
(740,2394,0.6344833540746873)
(761,843,0.1687226284120381)
(1552,323,0.506021118934389)
(887,2329,0.4468059766908312)
(402,790,0.7526170627515599)
(803,1735,0.8004898590530308)
(1786,1303,0.7061948011580464)
(749,1303,0.48597290838630136)
(2362,902,0.5792718342982565)
(789,1322,0.8453321276537733)
(1212,2500,0.7486549257405355)
(1322,1119,0.7844733964533788)
(318,872,0.12702081654759956)
(1616,436,0.11197811671961577)
(1476,1282,0.3849361171314821)
(868,1184,0.7867636102114058)
(2500,747,0.2597875630550732)
(1446,2100,0.19172627641701034)
(1218,890,0.16856631839251568)
(2126,1269,0.04784103473152068)
(1489,2151,0.4591595711398764)
(657,1148,0.10166784402436269)
(859,790,0.6928164716663034)
(1426,121,0.9074477405921203)
(1240,2137,0.781864381219265)
(298,1186,0.29803636282805446)
(1743,572,0.6448233532375107)
(2500,1734,0.1661988923539296)
(1147,339,0.130372098757775)
(723,705,0.544863761852264)
(272,893,0.5216349418211375)
(801,1266,0.16569054128278693)
(940,640,0.3382278204170983)
(219,773,0.40291793154994937)
(28,1375,0.6459975931541267)
(508,1650,0.4316790905076403)
(1841,2301,0.7218953738481273)
(1348,1212,0.15111792664601065)
(1793,1117,0.131300595745928)
(529,1334,0.7798922642624079)
(1255,1604,0.2839771097866941)
(1982,2275,0.8497526210525911)
(1891,984,0.12519160500956983)
(2052,152,0.3718133089565565)
(1,1049,0.045372714187978835)
(1346,2134,0.40578593936871177)
(1570,1544,0.24909243319564833)
(715,919,0.30765882569314507)
(1812,1603,0.8242136657970833)
(294,585,0.6549783175133578)
(1164,480,0.02909110608604082)
(634,1677,0.04234022956590722)
(1515,968,0.5900697729054238)
(1946,423,0.7241292761838998)
(1421,2207,0.11342013683485475)
(1575,1682,0.2345678788896648)
(1418,1085,0.2119994015080724)
(813,2205,0.9051878123122205)
(996,2039,0.13693104743588336)
(1640,1228,0.6090701489694423)
(2045,1332,0.4030834980078627)
(1651,1851,0.6273414458039135)
(2325,1496,0.5293614031645911)
(1477,1653,0.21204695459056144)
(1431,1026,0.4754652632160117)
(1306,1162,0.09390464981217239)
(371,1119,0.2333638360093866)
(973,2094,0.5386853869010091)
(1780,332,0.38934241185628715)
(2500,2193,0.8580307592067274)
(2198,1116,0.887211328913147)
(539,348,0.9747657331123145)
(2500,527,0.12482716961655216)
(716,1485,0.12012256675324096)
(489,1839,0.5845727799573345)
(1033,445,0.9232079403368395)
(1450,1168,0.06997538645229817)
(1136,1081,0.9459605708705788)
(1247,251,0.7049381381611247)
(1562,562,0.1311527428350583)
(1020,1317,0.19505676825628415)
(1280,1577,0.4993835922550306)
(2142,1573,0.607604533557361)
(1384,1464,0.8082789155291271)
(1320,2049,0.06191347621357568)
(1293,1891,0.890963727094832)
(1345,657,0.9712117806757341)
(2203,864,0.5526890486665341)
(1310,1631,0.6198729456978803)
(2451,2460,0.5094421162897602)
(1469,269,0.07190359649066336)
(815,987,0.31458041710120666)
(1,1336,0.22775926556420423)
(1181,957,0.6739853055284495)
