(817,1,0.5070496392228501)
(508,1627,0.7535786051161858)
(800,2500,0.2694706956859806)
(1612,509,0.4048925043386935)
(1455,1966,0.5783722246024368)
(1502,2181,0.24361262508141246)
(2177,899,0.9461376959635007)
(1364,2278,0.21686697105805997)
(1371,1440,0.043144846513175183)
(1976,602,0.2566112887067993)
(881,1198,0.42698584341073786)
(2234,607,0.42804368472127774)
(1486,949,0.6999697567805017)
(1195,1633,0.377535949242478)
(2310,1368,0.36243709698123305)
(1655,1750,0.28212413632801436)
(2315,905,0.2734729732024992)
(1021,1287,0.6445072414145727)
(599,1363,0.683305068069219)
(780,740,0.048145049360112435)
(1546,698,0.5913923948344226)
(430,1277,0.8614312943391547)
(1211,133,0.39900842668865877)
(1212,1491,0.9727517200173027)
(1,1480,0.03157812850284625)
(2216,1549,0.07296982609224212)
(2477,197,0.7047403467978816)
(2500,339,0.44122761925638476)
(978,939,0.9006654521743629)
(934,1408,0.1714025586447081)
(2008,1903,0.7133919461087199)
(1372,1582,0.5672781848600483)
(119,1967,0.23283766993120347)
(1,2405,0.9130049517777614)
(972,1088,0.2900739642526845)
(1505,1634,0.983675697809335)
(1055,1256,0.4875241589244067)
(912,1,0.8245655497761292)
(1805,718,0.904277387430169)
(930,323,0.23559243523932472)
(2380,1270,0.4732252857500874)
(1705,1522,0.2200541058584461)
(1673,1551,0.5748380282348486)
(1435,920,0.7482762120692653)
(953,1447,0.2047538122433069)
(870,569,0.34947478184325254)
(301,1522,0.73789420205092)
(1431,274,0.5506918025281943)
(262,2143,0.9959317014089014)
(1270,1699,0.6465632009266665)
(1470,66,0.17288387959916907)
(1645,2133,0.9012199326126281)
(999,1362,0.6348263144740343)
(451,696,0.30782156373443337)
(1956,1303,0.863042787368065)
(2168,1426,0.17580165294438754)
(1791,1094,0.05088087467145097)
(1463,566,0.674826384428885)
(465,876,0.07302943730221001)
(1491,1989,0.979057555252055)
(460,1055,0.8136054110464613)
(26,974,0.18423724369783911)
(2042,458,0.9257968999486792)
(1206,1252,0.22657607421141757)
(2078,802,0.16882493088301043)
(1123,1594,0.691807532739665)
(1127,1142,0.22746246456175045)
(1424,1476,0.28409328341983364)
(1026,1100,0.9817374708070747)
(1090,1795,0.5187862771067137)
(1310,1360,0.9415408579436211)
(1056,1714,0.2923349218547403)
(1766,1071,0.784818574604001)
(510,873,0.5393808176497918)
(333,1961,0.43286274835761795)
(1168,1449,0.35171574095048097)
(1300,600,0.06671300274072356)
(1122,2127,0.2780803862501634)
(1132,804,0.9285511347631569)
(1321,761,0.49631211754637006)
(427,1126,0.2911414003159829)
(1547,2236,0.33182567489226533)
(1747,1962,0.06399499788794372)
(555,2394,0.8999626582890906)
(1520,1,0.3947071493735598)
(1494,2278,0.25751393418597734)
(1972,1751,0.8036865142490209)
(1800,659,0.43242792841910294)
(1129,1776,0.2916671921573569)
(703,2105,0.07721998419633536)
(127,1198,0.5538157925196615)
(1281,1824,0.9452291500474195)
(1123,308,0.2206826838412569)
(1195,268,0.5058416106579959)
(1428,1055,0.4134361178720829)
(1131,509,0.6292082414221711)
(643,783,0.4115999451673096)
(973,569,0.583866215528414)
(1732,1400,0.8667565395084379)
(2161,956,0.8428268861591312)
(1829,393,0.3039551406394385)
(500,1248,0.13204424718435448)
(1887,1831,0.48562126729502686)
(1818,1059,0.6559648945948234)
(627,1319,0.46005624992662675)
(1144,1288,0.9342079846253507)
(1791,792,0.5186973164907049)
(1235,729,0.7444168698365698)
(2033,1,0.7285243419870374)
(541,1013,0.7223820876028721)
(5,330,0.37600887707687314)
(416,2500,0.5563608326538122)
(1478,369,0.4559254514133434)
(1558,1665,0.3902207573005211)
(719,1622,0.0035941727237311927)
(1459,310,0.6027388550383644)
(1067,2359,0.3817685258331025)
(1049,443,0.11330415288116324)
(1275,651,0.6231896284131373)
(1634,2161,0.29293236990308136)
(1758,1729,0.993836544831641)
(340,891,0.9040651675706523)
(1578,579,0.3781001396189957)
(2500,2245,0.603821700866129)
(1581,328,0.7673644463821974)
(1203,1756,0.9595837317687914)
(1520,1944,0.9116969798137347)
(1015,833,0.269638632417353)
(994,1288,0.7869830035636477)
(1185,1545,0.9126556284543225)
(999,942,0.7111620987812961)
(2297,2091,0.2947680979154216)
(2500,1068,0.3440370509256693)
(1079,1805,0.9141902477828673)
(1558,403,0.20452832201782523)
(966,1418,0.0472006887829044)
(1994,1608,0.7398849884744448)
(1301,704,0.24630524051576874)
(1564,1944,0.73426055220521)
(1032,1152,0.9985685986025189)
(1281,1603,0.5822118255267172)
(1063,602,0.22204830922975816)
(440,1206,0.7690109757694534)
(1164,880,0.7865820602775188)
(1662,114,0.3852062138026908)
(1439,1135,0.6856147618301315)
(1629,1125,0.8555402817378593)
(1261,69,0.6259463557241725)
(940,1233,0.805534649165518)
(1603,1550,0.19722563464264975)
(1519,204,0.5426404159245714)
(1440,1814,0.4310319405534875)
(1478,1286,0.9848856677264352)
(1924,821,0.17692097417129282)
(1181,1011,0.894207201395722)
(981,557,0.8715276869665779)
(840,1128,0.655038089920385)
(587,1290,0.18055921344136916)
(1456,1154,0.5701368477701463)
(653,743,0.19172214917079777)
(1819,1633,0.8580789321783174)
(784,2014,0.9535219948086805)
(1229,17,0.006283121799069202)
(448,2229,0.8060143045670117)
(1810,1585,0.1552168741025347)
(1857,1322,0.8404650754590561)
(1113,2500,0.3662812884579457)
(889,547,0.7450839564611386)
(1902,2050,0.7437481651847346)
(1980,1789,0.7907892220493898)
(2419,1540,0.26256196300668055)
(744,249,0.14215586733474228)
(758,1722,0.31316146196786954)
(1636,1537,0.22497793146540224)
(27,1423,0.7073633437519246)
(1743,1035,0.18316804770103268)
(545,1241,0.2313032865238237)
(1795,1399,0.38546107019482023)
(1814,947,0.6374536811532607)
(652,1081,0.8300417984154599)
(1882,1573,0.8804491567755741)
(528,972,0.3247643765501472)
(413,843,0.8062036934438671)
(1909,773,0.5105138496400229)
(746,1348,0.3643366963796095)
(263,632,0.2295093739317161)
(1685,1491,0.9359007081943738)
(1362,1477,0.2794475186821128)
(1852,996,0.7656046461131373)
(2386,2079,0.010167026094847209)
(1090,2331,0.31655202806779126)
(1350,1315,0.9522158224193178)
(837,1578,0.8804635266901044)
(1095,1179,0.5200322639494379)
(309,796,0.30308633022923903)
(2300,2218,0.8735433020438644)
(1,1061,0.9218040314738897)
(1354,770,0.7853855376778418)
(404,1647,0.5556297182529997)
(2500,1226,0.6938509688981704)
(1500,1400,0.7337347487180476)
(634,1363,0.43157978285475185)
(983,1792,0.8245869894285469)
(1207,987,0.7650563230180328)
(2064,1385,0.10121165720634195)
(2233,1224,0.035428251501192554)
(1729,2500,0.7709242998839451)
(1147,967,0.9739806882411608)
(1296,1152,0.12920388111615)
(796,1666,0.753860515156173)
(894,1526,0.058180213810087866)
(1,283,0.9478416655789264)
(882,1259,0.286803997840538)
(1000,734,0.5244520778447798)
(380,2069,0.38269658823729125)
(566,534,0.5464867374166521)
(1004,1312,0.3530242349621472)
(1303,1616,0.5037870238596517)
(1954,664,0.687467050842084)
(1284,1396,0.2450897202232204)
(2017,1022,0.6374890354146019)
(1424,1247,0.6539629091831329)
(1330,1554,0.5157467340995517)
(1581,1482,0.7970521404124523)
(1793,735,0.5491555387663619)
(1,573,0.4674705496683529)
(1692,1347,0.560990947839445)
(1255,924,0.9715244752844697)
(1004,915,0.38210166452066197)
(2041,762,0.8253742602373703)
(2031,1191,0.2558502827812801)
(1293,1489,0.3437616403030549)
(1704,520,0.5643340471441841)
(848,1929,0.6358940782233157)
(950,2500,0.3546127979903483)
(1638,2128,0.2861629822093886)
(1421,801,0.9238954032170171)
(1241,832,0.14247735669436)
(1400,830,0.4425794804582708)
(1074,896,0.8337502285545689)
(1552,1689,0.17221467015166714)
(1092,589,0.09267474106905083)
(1381,1545,0.7855396426886833)
(388,1203,0.9264178780588821)
(1625,1306,0.06675977837712366)
(1052,1175,0.8360894490537667)
(1285,1005,0.33257708528795904)
(1648,842,0.5562609399781825)
(1051,387,0.9901317986742787)
(2498,885,0.01063568236775514)
(2266,444,0.09615797147375427)
(1947,1285,0.6058328893391909)
(1245,178,0.7823892614090062)
(1629,487,0.16131271146958415)
(1779,561,0.4296644550529568)
(953,1203,0.25907105098726013)
(1325,1318,0.49742357876055754)
(948,1995,0.9776583772304166)
(870,331,0.6832063550042425)
(666,485,0.5173801045057723)
(1245,1052,0.4447117951967984)
(267,1305,0.10774431997931855)
(1250,2361,0.15030666119617575)
(1512,1800,0.41988240008003674)
(2070,1281,0.398189987874338)
(1728,1297,0.32094174108644935)
(1728,1496,0.3819292679727412)
(1348,1493,0.07973805758255437)
(1254,1110,0.8627893838597438)
(1387,557,0.9905581015568512)
(595,789,0.6826916123512804)
(796,1838,0.5036791652291774)
(1167,1612,0.6544813932819774)
(1374,811,0.1667439570215692)
(1153,2206,0.8782410511539362)
(2157,1643,0.36864789429830924)
(1359,1575,0.4318222490325394)
(2500,1835,0.36025056428798385)
(1894,1357,0.1718046920367321)
(1405,934,0.3184840700872916)
(1728,260,0.16326476994241457)
(1685,1159,0.012788126431048541)
(1324,1078,0.5033858462181213)
(1803,1602,0.6922399711505784)
(1504,1,0.14001680765193059)
(557,871,0.9317801504260494)
(2108,1317,0.8872818956335043)
(1738,1050,0.37084818102381856)
(1833,761,0.1639798916845775)
(661,1268,0.4989303865115172)
(2164,2500,0.6334900013889796)
(1828,1274,0.4908133689602908)
(286,1343,0.8096464428060904)
(1379,404,0.04953809202191739)
(1936,1061,0.0144864341591312)
(1526,990,0.6196318883930927)
(1,2478,0.7091348620404105)
(1,589,0.294695429487296)
(1564,1473,0.45751250318390957)
(710,685,0.6914029244871268)
(373,560,0.6523999265322927)
(2134,2392,0.150573645937231)
(2447,1975,0.16716908865517865)
(761,1873,0.41294232442405443)
(1785,1203,0.5296246107571589)
(738,998,0.4063612739079574)
(1269,1580,0.3965171568227097)
(1831,1072,0.05179871447457096)
(1525,2022,0.7671248220007095)
(1436,916,0.9231480052023585)
(1825,780,0.3713618760525573)
(1276,2500,0.17804091475834072)
(1224,101,0.526491257631533)
(603,700,0.3544455078807013)
(1115,1535,0.29322900047329115)
(1336,814,0.9903832739883037)
(965,1024,0.9495725469821402)
(1535,918,0.4543804919160168)
(647,375,0.737002993988507)
(785,723,0.5221126055324739)
(585,1442,0.8823812447500307)
(1765,840,0.5468773814582799)
(1183,926,0.6853174471611144)
(1050,2012,0.28562540430744654)
(1174,1439,0.4651895453955054)
(1852,956,0.7033988488035166)
(1543,1296,0.07013141980238147)
(1216,1816,0.4738701699206993)
(1181,1070,0.7316547773336315)
(1610,718,0.7891366265393094)
(1865,1639,0.24896102902537687)
(605,1985,0.6565756052263602)
(1,2048,0.9984245280857622)
(2117,1144,0.20676595511660723)
(1257,1109,0.09558830889389791)
(1636,783,0.14910968579612804)
(403,1450,0.9411500764681121)
(1143,1190,0.7079342123638953)
(1637,2500,0.17151993076690386)
(1190,1954,0.11579488518062209)
(1196,2500,0.7371635515565932)
(1924,2500,0.25889005755825556)
(1789,647,0.15835276725770409)
(1498,1562,0.8168550825186184)
(2140,981,0.7394860153663454)
(2402,1434,0.10383538917822255)
(992,1087,0.6660838750987143)
(2458,1928,0.7439367614149424)
(1344,680,0.06466014020308553)
(2170,1879,0.8793767147229732)
(1184,1048,0.2133617032890004)
(761,1735,0.8401958726758578)
(740,1553,0.8696785065865782)
(1425,1563,0.10928897907728319)
(1435,1854,0.9550124616803757)
(1649,111,0.5817535079364582)
(1390,1254,0.545390957262758)
(1112,1065,0.3782865150986384)
(1947,1109,0.3260275287244322)
(728,924,0.4237711417026335)
(2319,446,0.10906223700494433)
(864,1165,0.5253353816524842)
(596,845,0.8522063313803782)
(2105,1419,0.7335312669529346)
(1079,1697,0.39163887382005647)
(649,1512,0.8461101414434992)
(957,987,0.9725020717310069)
(985,716,0.05669900565183783)
(983,246,0.43112574412184046)
(530,480,0.7219919373106998)
(1901,917,0.8120502890411445)
(1082,1336,0.007526652235268827)
(2500,1165,0.5773883685006105)
(1412,1060,0.8983067966223693)
(1794,1142,0.9609631046073402)
(1646,750,0.645954683228504)
(1779,406,0.4095083444635145)
(1539,2363,0.5224939563229631)
(2084,226,0.3285253344446213)
(2139,1005,0.0575389079239822)
(1809,1683,0.26929995533570117)
(1312,2484,0.3773498865356296)
(1233,1249,0.32717296033340737)
(1900,668,0.9768454462354135)
(2438,771,0.7870179565197972)
(620,1130,0.12149276943645382)
(1672,1755,0.15844133855192588)
(1,450,0.5996740414703694)
(1287,1213,0.6169846186625835)
(2113,607,0.29650546261054855)
(1477,612,0.2957310516542707)
(1483,180,0.9485620410445056)
(1069,1127,0.8017361904977495)
(2062,1480,0.7449086159595805)
(2496,1668,0.1406033913456176)
(1864,1392,0.8339986331268726)
(1713,1075,0.8726326188573035)
(1827,1194,0.9279359133215519)
(2342,1033,0.6118615738484048)
(651,1649,0.9705779914634665)
(409,1330,0.8298649713692945)
(1478,659,0.46218616236263876)
(684,2171,0.11421649155237457)
(1927,1383,0.8330062506644323)
(1691,744,0.4354895586391436)
(623,455,0.1750589857308682)
(536,1684,0.4294497681790338)
(910,1191,0.1177869112110147)
(759,2253,0.1900931497460404)
(329,740,0.43624049523604436)
(1328,2032,0.23535940376258768)
(1314,2389,0.6360882327303251)
(2462,2239,0.3500881111864296)
(2038,1030,0.26703527813998296)
(1087,1430,0.8190714185780349)
(1,1925,0.24575000818299086)
(436,1054,0.3628595720442196)
(1845,264,0.6743176382755778)
(1707,1124,0.21433718927881695)
(403,1543,0.950505223124725)
(617,1901,0.05796601435058912)
(1354,1135,0.2334371400955133)
(1987,591,0.6785406934974182)
(1771,2068,0.20089368651801653)
(2347,1,0.6111495098624856)
(1658,682,0.8706455394467892)
(1549,1658,0.7099669928772075)
(2273,1684,0.688881773898318)
(777,1130,0.17129461398563695)
(1384,954,0.32676253622494544)
(2500,1900,0.8324250448762393)
(1972,1601,0.13253655474425985)
(841,571,0.7257417778046352)
(1588,734,0.07540647844861925)
(1196,1356,0.677459258579771)
(727,991,0.06942637866220636)
(1681,932,0.04507781730315952)
(2500,1109,0.35311741506900773)
(843,2500,0.8216625958728991)
(528,1755,0.6710695276746397)
(542,1452,0.6580162297539368)
(1739,793,0.7334613840975536)
(1,1144,0.5161596873460427)
(593,1597,0.9359636617540401)
(1801,1757,0.747320207409041)
(1592,1729,0.014290474199576186)
(385,561,0.44539096702954395)
(1071,1691,0.3067608947783479)
(1669,296,0.3045932187040218)
(958,680,0.7917858217127584)
(1819,2402,0.30733605091037386)
(1012,1868,0.09490755319290023)
(2183,1078,0.0036181924046506664)
(1639,2345,0.007024064020505483)
(2175,413,0.3515500366288311)
(1419,1256,0.7842782124916733)
(1308,1192,0.7519951502592317)
(624,1202,0.7734812412508718)
(1482,1520,0.2771228711365621)
(1798,718,0.5204495983427391)
(1,655,0.7877190721821086)
(1128,2095,0.7882677128895226)
(601,2186,0.31212196294469885)
(1135,1123,0.23251176528175543)
(1952,1484,0.9556715619119602)
(783,876,0.9027734155318106)
(2047,959,0.42226468175386345)
(653,759,0.7331660966558449)
(511,1198,0.005330317678578944)
(663,1538,0.044744128612382306)
(1740,1,0.15878827496086123)
(1081,1018,0.46374062290196727)
(1849,2500,0.33650277492476177)
(1082,1,0.6578728888053015)
(1,1942,0.22774891513467066)
(2347,1214,0.8090631886297281)
(70,2295,0.7632600186093409)
(1038,1112,0.9569710154894697)
(1254,1848,0.6839070252809433)
(1799,1071,0.7292373059649865)
(1056,933,0.7210178219815196)
(680,968,0.48940290515032836)
(1093,1233,0.16115145017898602)
(1331,1270,0.3575369090289495)
(627,1680,0.8438262304021595)
(1,1569,0.5977621649883613)
(1114,515,0.8308093311084593)
(1249,1294,0.7098605359861037)
(570,1883,0.30030402678479573)
(1312,2115,0.07117959841143207)
(2500,210,0.8838552260412209)
(1452,756,0.4589891359938496)
(766,2500,0.8511715583560481)
(1479,1768,0.715875229067188)
(1258,566,0.2809196061677254)
(891,70,0.6442460541121587)
(1195,1223,0.3689916803481478)
(630,1316,0.05868592634299208)
(438,1257,0.21901527274966803)
(1227,1164,0.990004150791375)
(1293,1286,0.06387575250880984)
(1394,1411,0.2185973335801089)
(544,1288,0.9617433817470018)
(2163,1105,0.7836840665899607)
(1149,1620,0.3093974718484973)
(1363,708,0.9883167038170394)
(693,464,0.2827667639345942)
(1512,2069,0.9935511315591616)
(1322,1455,0.5859678265364272)
(561,1694,0.4383899642593583)
(1096,896,0.28384917585716496)
(1268,960,0.8361625837561165)
(1380,1519,0.20735230703221885)
(1605,1,0.6557265336238953)
(69,550,0.4216594994882513)
(1377,1359,0.45182303101443566)
(1277,1312,0.8895791572303325)
(786,985,0.10870922962149665)
(1182,2325,0.19892026678122965)
(450,2093,0.39012540483200564)
(1535,1903,0.1648141662949526)
(1446,1856,0.7410896376003719)
(1010,1166,0.4198128406077599)
(699,1,0.2065911027501124)
(1036,1093,0.516874408926643)
(818,1664,0.369921769913369)
(2500,1407,0.7540931151385054)
(1244,2142,0.522208739789346)
(2046,962,0.3086740591428754)
(1059,1931,0.5626149782749031)
(580,1183,0.6384686982844175)
(1229,399,0.1890861541743043)
(502,1228,0.4864715044676551)
(1165,2455,0.3474317011266196)
(1611,1959,0.14557284482732147)
(930,874,0.851423718552616)
(678,1253,0.3331899175937628)
(208,1772,0.8967862433810787)
(1837,905,0.5262980061659354)
(1857,252,0.368807669188046)
(1302,915,0.8251792046782683)
(8,999,0.16057849040326844)
(2173,1560,0.9289889666998024)
(1226,939,0.0345224925430877)
(780,200,0.30544794413916987)
(1035,1121,0.5223249423597734)
(1652,1359,0.3543311720410107)
(1,562,0.2507428984807587)
(1148,1294,0.3590828385443806)
(204,2281,0.4553699700578602)
(2027,1600,0.4935066901519415)
(1722,1203,0.1475266799386442)
(1263,965,0.900952975780336)
(1106,1890,0.8883918161164361)
(1352,1648,0.968990855616338)
(1991,735,0.07438576292003396)
(631,1351,0.8513391369410529)
(1384,1731,0.46856979389085573)
(1183,1436,0.3719451982141547)
(1940,864,0.77655274194362)
(2182,2500,0.47506587028668756)
(929,1212,0.07317105705906901)
(1325,2500,0.7794377711734259)
(1071,2381,0.30170259787034603)
(1534,1561,0.1023126009998041)
(2455,762,0.2749342151395253)
(659,1060,0.982865744864081)
(1159,682,0.07493472157555925)
(2133,391,0.9746780650462114)
(621,1746,0.19461632146529018)
(1235,790,0.34197370783468006)
(1475,860,0.11739550247670694)
(1074,1737,0.18122928069875677)
(1338,1805,0.7229944390068478)
(1059,1803,0.7717948777641881)
(501,1697,0.249043263531188)
(1095,1523,0.6193547454454459)
(1668,1376,0.36234655455694875)
(679,1141,0.26875675264183385)
(226,1422,0.5294616456561065)
(924,1659,0.2669294688386311)
(1883,1296,0.4850106539922798)
(1090,500,0.8674186378402207)
(1186,498,0.159458252537942)
(1647,1055,0.23500331579608102)
(182,710,0.8719400121090014)
(1493,1987,0.27609985123846204)
(1601,1881,0.5616671061627201)
(1956,842,0.1450718379570275)
(2500,1689,0.8717710270235375)
(793,1343,0.03163294691826368)
(781,1881,0.18180637811877487)
(1,1232,0.0412547665732943)
(2100,676,0.5499711803168936)
(1760,1077,0.003995317573535773)
(1525,837,0.7424254764842282)
(598,1672,0.10927815555455189)
(1,1416,0.7884266201858184)
(1447,1700,0.7438961105242037)
(490,1687,0.021824844545466182)
(1365,286,0.08479661901584856)
(1586,1067,0.9874262072711052)
(1711,1650,0.5962104408455388)
(763,1540,0.8841593080392134)
(552,1114,0.8603883036136093)
(2500,1519,0.2663504245734678)
(824,1397,0.5439516637922738)
(1495,1295,0.026920877490621664)
(1388,1289,0.9939313886180131)
(1769,1308,0.38571261739090323)
(1726,266,0.6817637453210249)
(796,323,0.592344492035606)
(1016,1116,0.4262322209423377)
(1389,940,0.31206460744608955)
(1143,796,0.22389724921571375)
(2330,1027,0.7867390735897283)
(957,913,0.9758537463405377)
(1,537,0.23973353965854727)
(509,1167,0.5297584525331076)
(778,2141,0.19772175814755755)
(1521,1369,0.5363855736428251)
(2067,1070,0.8970561060515393)
(1340,1525,0.3119075507164908)
(162,901,0.2635050080021979)
(2212,1382,0.8018131577453935)
(1549,741,0.2041754859660636)
(1660,2032,0.41330608629696475)
(1368,884,0.5397951311320055)
(1606,2027,0.16620831284871984)
(468,66,0.08314286735443988)
(1716,1492,0.5373524764104394)
(2377,1954,0.9096859860960383)
(4,1177,0.4505908309279225)
(987,1610,0.22516408829632517)
(985,525,0.8263322576568941)
(1545,464,0.5701854603465528)
(639,1468,0.4045771987364306)
(916,707,0.26204086721315845)
(2500,1106,0.8451008576929321)
(1728,1385,0.9714974574784391)
(1727,1560,0.5236209424174506)
(1241,1111,0.6825973889125158)
(832,2045,0.39784134840513763)
(1065,1723,0.11991691241796765)
(2223,1224,0.6608995903283865)
(1434,2245,0.10113873174319443)
(834,817,0.7607107846286394)
(989,1886,0.9694756298353977)
(2500,1030,0.3896583405793158)
(1915,2042,0.6177802147852767)
(1850,1799,0.37028993697238255)
(557,1628,0.8887223611221203)
(1700,804,0.6168747298872187)
(875,1767,0.07593077300906703)
(904,1100,0.891314027052533)
(12,1499,0.177206770006321)
(391,1617,0.023437339736750773)
(2415,904,0.207593239642205)
(1325,817,0.4465867279388618)
(1626,1224,0.6082666592241956)
(1306,1181,0.6207386065651793)
(910,1935,0.10231474580402011)
(759,1051,0.37047076790124245)
(319,2238,0.5584141518329792)
(1249,510,0.26770860945292996)
(2363,587,0.9000340035653518)
(1333,755,0.47999661466511434)
(1456,407,0.6203905807047937)
(1740,72,0.6114828780344101)
(843,461,0.9254663097089578)
(421,1039,0.8042777990304839)
(1003,349,0.8107364036100806)
(1746,917,0.7430784047953876)
(2458,1752,0.15840103638835934)
(1556,1645,0.18814597875043104)
(713,802,0.5208521724390079)
(84,2500,0.04867977127378309)
(2014,2112,0.3483330939354782)
(1420,234,0.6988179846866514)
(2278,1539,0.12462662730595886)
(584,2185,0.436727100061037)
(654,777,0.04912096217894346)
(886,751,0.15643093402399744)
(1110,696,0.9806156619845523)
(383,625,0.6751989964192049)
(1816,1335,0.48364336058737856)
(1770,1064,0.15112315806670318)
(1594,741,0.6860761735506471)
(1718,1381,0.3372912787037716)
(1418,719,0.4488404353559208)
(1,1567,0.803158226558662)
(1096,1069,0.10694453604377774)
(457,1285,0.6420191279874814)
(2108,1400,0.7799624548091988)
(1671,1342,0.9828310716368697)
(1557,608,0.039173398972721984)
(1383,1000,0.9736735067298762)
(810,750,0.7723646415932078)
(1516,1303,0.6938218504337643)
(1268,308,0.7242221074685904)
(992,1816,0.9542054411213635)
(1088,1121,0.0026514591990319802)
(1461,1853,0.6712909881723879)
(580,1236,0.7064371082358442)
(1606,1414,0.6960175929891305)
(1728,1777,0.2782572560345863)
(702,537,0.4969258397290759)
(831,2500,0.24149602725293284)
(442,1159,0.7675836113696143)
(1212,1781,0.21836828490405435)
(948,2249,0.02355516504463573)
(131,790,0.5469884461675937)
(490,419,0.817092315730488)
(635,996,0.09146591770767731)
(891,1575,0.9172387238962146)
(1718,964,0.63737395817508)
(1343,1954,0.7406105565991877)
(718,737,0.37898120333066987)
(1977,2213,0.3151320509555169)
(1467,1252,0.7578480496493657)
(722,1819,0.2194118138486686)
(573,1406,0.5468824463337191)
(900,1297,0.22691197575467814)
(158,447,0.5073914349218974)
(1683,952,0.17227406976355764)
(2464,1932,0.00648333091080322)
(1388,1026,0.7690403626455774)
(1423,1806,0.042584645413807465)
(943,1268,0.4160990813552583)
(1792,962,0.18930085810187358)
(396,1344,0.1085258526360885)
(773,1515,0.6436636885919028)
(1957,1292,0.23702652303136196)
(599,121,0.8757546684322638)
(378,620,0.26965159714848486)
(928,2500,0.38581154104855564)
(2500,740,0.640601717965815)
(1951,1446,0.06921035889118243)
(1297,627,0.8623908914078432)
(1569,979,0.7343676762339604)
(1678,1322,0.2133670484277248)
(1303,2500,0.20003862750644352)
(1917,970,0.6625976579237647)
(666,2500,0.7431847376702899)
(1277,81,0.5806163257718467)
(478,1221,0.7754289872694192)
(1543,2295,0.35152195084516435)
(1537,1859,0.22386245879415823)
(1661,189,0.9140329118918378)
(643,605,0.8159322791763085)
(1065,2406,0.5789224321851252)
(1112,1269,0.12512766027004396)
(2106,530,0.6484965947449357)
(649,1251,0.26761158091472115)
(1490,474,0.4125179272983863)
(649,1157,0.4098491719801034)
(1672,1634,0.39934477754914743)
(1632,1362,0.1728688588237004)
(1121,1553,0.5833808042244151)
(1506,1953,0.2091198834142698)
(1874,2193,0.3061187292791656)
(1441,1806,0.9895053839269105)
(2096,91,0.8885531402911111)
(1067,773,0.06235839464118864)
(1291,1606,0.41968627709108164)
(1060,1749,0.7811063448015177)
(1498,1084,0.621343291149914)
(599,1239,0.748577864262902)
(2376,1288,0.290368050884516)
(1793,1983,0.22391689732392184)
(2011,1873,0.563691148557631)
(791,1208,0.6552826123635656)
(1882,1403,0.6319227522939812)
(1433,1641,0.2895226411624666)
(2091,1624,0.9109650901299201)
(142,1246,0.015308301454663664)
(1039,974,0.5851427855196183)
(1202,875,0.7374773612846223)
(815,1795,0.7586959132153539)
(878,1701,0.874004840870633)
(1040,719,0.21792839388967933)
(1445,1823,0.42646453870785683)
(885,1,0.37789780303392695)
(2067,1059,0.15682537021759113)
(1267,1794,0.5009795593365417)
(726,921,0.08367777869210524)
(2204,1150,0.8663473462956667)
(1141,71,0.635936118428668)
(425,1656,0.4346388562099547)
(1133,781,0.08013143288407187)
(392,982,0.46566369466581825)
(67,1098,0.7478142140423956)
(1403,964,0.007731083278204154)
(576,806,0.27995876791390384)
(1740,667,0.9595436270382692)
(1121,1579,0.5550869401743945)
(1938,1425,0.8082614725684782)
(2449,1056,0.9964131076136291)
(715,969,0.3034956784354065)
(1438,1207,0.3386501980482981)
(1181,1,0.6637432191491349)
(1178,1479,0.07301302841509294)
(1450,1520,0.3965547646142614)
(1240,1311,0.6353146662802515)
(913,1159,0.7776427736268539)
(1333,763,0.6286108399985734)
(1723,1428,0.008717084535939557)
(2113,1109,0.6191400269784063)
(1594,505,0.3501431451546496)
(729,684,0.3587137800622535)
(2290,2344,0.8076334601418121)
(701,1737,0.880151646380337)
(1003,1365,0.5466151543804539)
(1149,2193,0.7039405060442332)
(1786,896,0.2980199427549167)
(1086,1551,0.2627476231142236)
(1880,1666,0.5161721867585782)
(1908,1712,0.33205358560744636)
(1024,1296,0.6596232331831693)
(1369,373,0.7895980431982116)
(1758,634,0.2454394573221571)
(533,1359,0.47845451122913685)
(475,631,0.5523482470716615)
(2391,1815,0.2611635494423087)
(2425,1593,0.2324401064736854)
(415,2027,0.6050493312779397)
(1635,1310,0.502289603689264)
(461,1283,0.8104526244659834)
(763,1355,0.6332003577211148)
(1056,412,0.916920218563195)
(1605,2092,0.03125323230534094)
(1439,768,0.5222616867333609)
(667,1552,0.14631092656261468)
(1037,695,0.29165444464809276)
(2045,1485,0.3789699330458973)
(1046,1130,0.9022225149208376)
(1498,836,0.29237660878962113)
(948,119,0.843735848774393)
(569,2084,0.7135101517525196)
(678,514,0.9430134122486796)
(1549,1132,0.2785697876825175)
(403,2212,0.3160510474618725)
(1398,1267,0.8428697456178904)
(1256,831,0.8621011903641054)
(1269,1437,0.16275003345502081)
(436,857,0.5412876860846201)
(1037,897,0.8126804364011291)
(1763,841,0.48022925450648946)
(907,2168,0.7120972897374286)
(1759,1570,0.21649996950975403)
(440,1,0.38193848083436643)
(2180,445,0.045131525399624284)
(1611,1154,0.6617893360614592)
(669,1275,0.42820914193249515)
(2500,1306,0.10631035780551024)
(1352,856,0.9574695936042685)
(628,1064,0.9039433993851482)
(2335,2500,0.2103130579353455)
(1988,1367,0.25462320391043347)
(1933,879,0.14995482541439664)
(1710,542,0.5243929927450842)
(1674,88,0.48525669995250387)
(1843,838,0.7188743295887465)
(1738,1653,0.9924330866643383)
(1238,1578,0.9667243251161103)
(1170,1058,0.6818383315114845)
(1021,1169,0.922303609508547)
(1703,2500,0.25040197724622115)
(432,1454,0.8232241564078384)
(1389,921,0.12159594881584745)
(1324,1727,0.11904788895321328)
(1701,1658,0.20267079702871516)
(1403,1443,0.48075534474139114)
(1889,1288,0.39353122091828097)
(1943,1920,0.13725056893566678)
(1632,1255,0.7392893677068857)
(1148,1607,0.2465641104234617)
(970,1004,0.18968207597665931)
(1014,1125,0.989124831979617)
(1186,1266,0.5198441268638351)
(2312,2317,0.5342052236432445)
(1896,57,0.4357714006485367)
(975,1899,0.693881385127961)
(810,706,0.4893590839493809)
(785,1221,0.9952355867827185)
(1901,506,0.9872270158926806)
(1268,1996,0.02870537026399822)
(974,1126,0.6253904368803908)
(1635,111,0.995458952259596)
(1432,1418,0.2586839881209926)
(1514,1378,0.034125301392028407)
(1,2500,0.13679998611922584)
(1851,942,0.8353942600868937)
(1042,1269,0.37616011820511264)
(1489,1407,0.17485922135378607)
(903,1038,0.46809799959128495)
(1127,896,0.09405917610976355)
(374,630,0.048148575036242924)
(1345,1394,0.2171148141444046)
(1408,1272,0.7055126636987868)
(1283,878,0.44661728033321635)
(1261,799,0.15247155341114205)
(1129,1,0.09815885983843364)
(2284,1300,0.6647819478438299)
(90,846,0.6535561837056922)
(1718,1133,0.08984873826119344)
(1163,407,0.8410892970772257)
(1070,1,0.008019074130994785)
(1628,1695,0.6981214040906057)
(2500,860,0.16458624687669476)
(1128,1249,0.5894951482513804)
(990,2215,0.3431521407936502)
(1910,692,0.16532437096566321)
(668,945,0.7596618137479132)
(512,1,0.6615573199757314)
(2065,745,0.4546068195125228)
(879,1052,0.47789311124375855)
(583,1019,0.21129721884942265)
(1335,502,0.3933679083781768)
(1379,398,0.20188410140914248)
(1379,1391,0.34384043955702503)
(1230,1559,0.9807053475477313)
(852,2500,0.05603901396607203)
(1010,1132,0.30838696043397085)
(1341,755,0.2531066202863187)
(660,283,0.3359008159241672)
(593,731,0.09448876304076415)
(877,2125,0.930817010025559)
(1174,1839,0.6676200854078824)
(1616,994,0.67563303720927)
(1329,1885,0.8238429819270399)
(699,925,0.9743531363159245)
(940,638,0.8773987812045582)
(1044,1604,0.6098581394631953)
(2500,1753,0.2848805801232691)
(787,1965,0.16857734522723433)
(1645,1672,0.8910910841725335)
(920,631,0.16843472390046865)
(1769,1205,0.04852131899552736)
(611,751,0.8115058255891698)
(1647,1268,0.584182182540818)
(1680,949,0.8376907036348566)
(627,1238,0.7958181109802878)
(2413,1366,0.8520815908517907)
(819,1264,0.8917629459993602)
(1270,1133,0.4954942878211853)
(652,1079,0.8785730472590281)
(495,1573,0.810168838039572)
(410,751,0.9561275515838833)
(1041,2500,0.0020359528765323542)
(882,1018,0.6632102615301316)
(2051,2418,0.3984131723972567)
(1196,230,0.8009597357697812)
(2148,1640,0.6258591730773339)
(413,103,0.12527983881400873)
(1243,2204,0.3706029920362758)
(833,1826,0.8450263402859233)
(1227,1215,0.7276243045724439)
(1046,1830,0.9406533821316607)
(1578,1401,0.1593136431083526)
(967,1719,0.06558017661169058)
(1750,1115,0.5832547247068393)
(1508,1990,0.030723002188211224)
(1162,648,0.20706656666860512)
(672,1295,0.851903819459685)
(1785,1127,0.6200752204349411)
(1371,284,0.008659978136665303)
(2500,1074,0.1997196674255357)
(1241,1365,0.5430805030645514)
(1866,1245,0.6460103994285026)
(1538,1077,0.7465256928334459)
(1503,1503,0.45955860339265797)
(1628,1,0.31445887866473576)
(1330,797,0.7474842401914662)
(1,591,0.6662712714778793)
(791,1461,0.7532116556942189)
(1293,2092,0.3718703409234)
(1280,1418,0.2566211615454985)
(1921,696,0.8541439112013448)
(1707,1404,0.525543231319774)
(418,2117,0.09886219620965553)
(1427,1572,0.8972572015483352)
(1353,1528,0.38892360199175247)
